AK400,794.00,794.00,794.00,794.00,960.00,1052.00,1131.00,1251.00,1315.00,1093.00,1250.00,1321.00,1455.00,1504.00,1210.00,1300.00,1443.00,1040.00,1181.00,1343.00,1497.00,1538.00,1608.00,1624.00
AK401,861.00,861.00,861.00,861.00,971.00,1038.00,1129.00,1259.00,1324.00,1085.00,1259.00,1330.00,1458.00,1589.00,1219.00,1309.00,1425.00,1025.00,1186.00,1351.00,1570.00,1658.00,1792.00,1810.00
AK402,879.00,879.00,879.00,879.00,1017.00,1100.00,1168.00,1287.00,1368.00,1135.00,1286.00,1376.00,1537.00,1610.00,1236.00,1350.00,1518.00,1090.00,1211.00,1403.00,1600.00,1649.00,1724.00,1759.00
AK403,873.00,873.00,873.00,873.00,1056.00,1184.00,1239.00,1348.00,1377.00,1213.00,1348.00,1380.00,1447.00,1542.00,1330.00,1371.00,1423.00,1176.00,1279.00,1390.00,1529.00,1593.00,1690.00,1712.00
AK404,771.00,771.00,771.00,771.00,894.00,975.00,1055.00,1190.00,1276.00,1017.00,1189.00,1284.00,1445.00,1575.00,1136.00,1257.00,1412.00,963.00,1106.00,1313.00,1557.00,1644.00,1781.00,1817.00
AK405,747.00,747.00,747.00,747.00,881.00,961.00,1057.00,1207.00,1292.00,1011.00,1206.00,1300.00,1443.00,1510.00,1153.00,1272.00,1426.00,947.00,1117.00,1328.00,1500.00,1545.00,1613.00,1629.00
AL001,500.00,500.00,500.00,500.00,569.00,607.00,635.00,687.00,725.00,621.00,686.00,729.00,791.00,809.00,662.00,717.00,787.00,603.00,652.00,742.00,806.00,818.00,836.00,863.00
AL002,442.00,442.00,442.00,442.00,476.00,503.00,569.00,683.00,756.00,537.00,682.00,763.00,881.00,913.00,636.00,740.00,873.00,493.00,611.00,788.00,908.00,929.00,962.00,981.00
AL003,511.00,511.00,511.00,511.00,582.00,625.00,682.00,749.00,765.00,655.00,749.00,767.00,806.00,865.00,739.00,762.00,791.00,617.00,718.00,772.00,856.00,896.00,956.00,975.00
AL004,585.00,585.00,585.00,585.00,647.00,682.00,707.00,778.00,810.00,695.00,778.00,813.00,869.00,902.00,758.00,803.00,860.00,678.00,734.00,823.00,898.00,920.00,955.00,974.00
AL005,677.00,677.00,677.00,677.00,717.00,747.00,813.00,906.00,946.00,781.00,905.00,950.00,1022.00,1067.00,880.00,937.00,1011.00,737.00,855.00,964.00,1061.00,1091.00,1142.00,1165.00
AL006,572.00,572.00,572.00,572.00,630.00,672.00,758.00,880.00,936.00,716.00,879.00,942.00,1037.00,1079.00,848.00,924.00,1026.00,659.00,812.00,961.00,1073.00,1101.00,1144.00,1167.00
AL007,659.00,659.00,659.00,659.00,689.00,718.00,821.00,937.00,959.00,771.00,937.00,961.00,1015.00,1123.00,923.00,954.00,994.00,703.00,885.00,968.00,1105.00,1189.00,1316.00,1343.00
AL008,528.00,528.00,528.00,528.00,611.00,664.00,715.00,792.00,831.00,691.00,792.00,835.00,906.00,959.00,768.00,822.00,892.00,657.00,746.00,847.00,952.00,987.00,1042.00,1063.00
AR010,537.00,537.00,537.00,537.00,599.00,636.00,684.00,753.00,788.00,661.00,753.00,791.00,871.00,907.00,731.00,780.00,867.00,629.00,713.00,803.00,900.00,934.00,987.00,1007.00
AR011,506.00,506.00,506.00,506.00,579.00,633.00,695.00,759.00,764.00,665.00,759.00,764.00,801.00,834.00,756.00,763.00,792.00,624.00,733.00,766.00,829.00,851.00,885.00,903.00
AR012,498.00,498.00,498.00,498.00,557.00,593.00,642.00,728.00,786.00,619.00,727.00,791.00,886.00,916.00,691.00,773.00,878.00,586.00,673.00,811.00,911.00,931.00,962.00,981.00
AR411,599.00,599.00,599.00,599.00,675.00,721.00,776.00,857.00,897.00,750.00,856.00,901.00,981.00,1062.00,832.00,888.00,960.00,713.00,811.00,914.00,1050.00,1105.00,1188.00,1212.00
AR419,561.00,561.00,561.00,561.00,570.00,583.00,636.00,712.00,746.00,611.00,711.00,749.00,808.00,841.00,690.00,738.00,800.00,575.00,670.00,760.00,836.00,858.00,892.00,910.00
AZ013,720.00,720.00,720.00,720.00,783.00,829.00,915.00,1020.00,1050.00,873.00,1020.00,1053.00,1111.00,1165.00,1001.00,1043.00,1098.00,816.00,969.00,1063.00,1157.00,1193.00,1248.00,1273.00
AZ014,580.00,580.00,580.00,580.00,638.00,681.00,772.00,893.00,939.00,728.00,892.00,943.00,1034.00,1125.00,864.00,928.00,1011.00,667.00,830.00,958.00,1112.00,1173.00,1266.00,1291.00
AZ015,604.00,604.00,604.00,604.00,709.00,776.00,881.00,1007.00,1038.00,830.00,1006.00,1041.00,1103.00,1165.00,987.00,1031.00,1090.00,760.00,948.00,1052.00,1156.00,1197.00,1260.00,1285.00
AZ016,629.00,629.00,629.00,629.00,701.00,749.00,879.00,1019.00,1035.00,817.00,1019.00,1036.00,1074.00,1128.00,1009.00,1031.00,1060.00,740.00,961.00,1042.00,1120.00,1156.00,1212.00,1236.00
CA018,1208.00,1208.00,1208.00,1208.00,1335.00,1420.00,1525.00,1755.00,1875.00,1454.00,1755.00,1888.00,2104.00,2212.00,1745.00,1847.00,2077.00,1411.00,1663.00,1930.00,2196.00,2268.00,2378.00,2426.00
CA019,1667.00,1667.00,1667.00,1667.00,1873.00,1998.00,2193.00,2560.00,2578.00,2085.00,2560.00,2580.00,2675.00,2848.00,2548.00,2574.00,2656.00,1973.00,2417.00,2586.00,2821.00,2949.00,3145.00,3208.00
CA021,609.00,609.00,609.00,609.00,684.00,733.00,820.00,936.00,983.00,778.00,936.00,988.00,1068.00,1112.00,907.00,973.00,1057.00,720.00,875.00,1003.00,1106.00,1135.00,1180.00,1204.00
CA022,760.00,760.00,760.00,760.00,824.00,869.00,965.00,1091.00,1138.00,919.00,1090.00,1142.00,1228.00,1290.00,1061.00,1127.00,1212.00,855.00,1025.00,1158.00,1281.00,1323.00,1387.00,1415.00
CA023,645.00,645.00,645.00,645.00,705.00,751.00,866.00,1027.00,1099.00,811.00,1026.00,1106.00,1218.00,1236.00,981.00,1082.00,1213.00,734.00,938.00,1130.00,1234.00,1246.00,1265.00,1290.00
CA024,954.00,954.00,954.00,954.00,1027.00,1076.00,1174.00,1311.00,1375.00,1127.00,1310.00,1381.00,1502.00,1606.00,1271.00,1361.00,1476.00,1062.00,1235.00,1402.00,1592.00,1661.00,1770.00,1806.00
CA025,1165.00,1165.00,1165.00,1165.00,1301.00,1384.00,1502.00,1670.00,1750.00,1446.00,1669.00,1757.00,1894.00,1967.00,1620.00,1732.00,1876.00,1367.00,1576.00,1784.00,1956.00,2005.00,2079.00,2121.00
CA026,920.00,920.00,920.00,920.00,1022.00,1085.00,1174.00,1302.00,1365.00,1131.00,1302.00,1371.00,1490.00,1592.00,1263.00,1351.00,1464.00,1072.00,1230.00,1392.00,1578.00,1646.00,1751.00,1786.00
CA027,1137.00,1137.00,1137.00,1137.00,1251.00,1341.00,1469.00,1653.00,1730.00,1400.00,1652.00,1745.00,1975.00,2001.00,1613.00,1702.00,1974.00,1331.00,1560.00,1796.00,1991.00,2040.00,2177.00,2220.00
CA028,748.00,748.00,748.00,748.00,792.00,827.00,922.00,1050.00,1102.00,876.00,1049.00,1107.00,1197.00,1246.00,1017.00,1090.00,1185.00,813.00,982.00,1125.00,1239.00,1271.00,1321.00,1347.00
CA030,755.00,755.00,755.00,755.00,785.00,814.00,913.00,1026.00,1049.00,865.00,1026.00,1051.00,1102.00,1174.00,1012.00,1043.00,1084.00,799.00,975.00,1058.00,1164.00,1212.00,1286.00,1312.00
CA031,758.00,758.00,758.00,758.00,891.00,981.00,1079.00,1239.00,1336.00,1032.00,1238.00,1345.00,1494.00,1514.00,1178.00,1314.00,1489.00,966.00,1141.00,1377.00,1511.00,1525.00,1545.00,1576.00
CA032,643.00,643.00,643.00,643.00,710.00,751.00,805.00,878.00,909.00,779.00,878.00,912.00,974.00,1043.00,859.00,902.00,957.00,743.00,839.00,922.00,1033.00,1079.00,1149.00,1172.00
CA033,753.00,753.00,753.00,753.00,844.00,900.00,982.00,1112.00,1190.00,942.00,1111.00,1198.00,1327.00,1381.00,1063.00,1173.00,1314.00,888.00,1033.00,1224.00,1373.00,1409.00,1465.00,1495.00
CA034,931.00,931.00,931.00,931.00,1003.00,1068.00,1170.00,1384.00,1440.00,1115.00,1383.00,1446.00,1550.00,1627.00,1348.00,1427.00,1530.00,1054.00,1282.00,1465.00,1616.00,1667.00,1746.00,1781.00
CA035,780.00,780.00,780.00,780.00,871.00,921.00,961.00,1083.00,1151.00,941.00,1082.00,1157.00,1275.00,1340.00,1040.00,1135.00,1258.00,915.00,1011.00,1180.00,1331.00,1397.00,1538.00,1569.00
CA036,1241.00,1241.00,1241.00,1241.00,1426.00,1526.00,1597.00,1676.00,1691.00,1563.00,1676.00,1692.00,1726.00,1772.00,1667.00,1688.00,1714.00,1516.00,1641.00,1697.00,1765.00,1796.00,1843.00,1880.00
CA037,1185.00,1185.00,1185.00,1185.00,1392.00,1502.00,1566.00,1706.00,1827.00,1536.00,1705.00,1839.00,2034.00,2094.00,1630.00,1800.00,2019.00,1493.00,1606.00,1879.00,2085.00,2125.00,2186.00,2230.00
CA038,1105.00,1105.00,1105.00,1105.00,1283.00,1381.00,1458.00,1626.00,1771.00,1421.00,1625.00,1785.00,2001.00,2003.00,1535.00,1739.00,2001.00,1370.00,1507.00,1834.00,2003.00,2004.00,2006.00,2046.00
CA039,1127.00,1127.00,1127.00,1127.00,1146.00,1213.00,1353.00,1579.00,1691.00,1278.00,1578.00,1704.00,1947.00,2084.00,1525.00,1659.00,1913.00,1195.00,1461.00,1751.00,2064.00,2156.00,2300.00,2346.00
CA040,710.00,710.00,710.00,710.00,767.00,808.00,898.00,1002.00,1024.00,855.00,1002.00,1026.00,1087.00,1198.00,988.00,1019.00,1059.00,795.00,955.00,1033.00,1183.00,1257.00,1371.00,1398.00
CA041,866.00,866.00,866.00,866.00,987.00,1062.00,1169.00,1330.00,1415.00,1118.00,1329.00,1423.00,1565.00,1628.00,1277.00,1396.00,1549.00,1046.00,1237.00,1451.00,1619.00,1662.00,1727.00,1762.00
CA042,826.00,826.00,826.00,826.00,833.00,858.00,1010.00,1203.00,1270.00,937.00,1202.00,1276.00,1388.00,1439.00,1161.00,1255.00,1375.00,836.00,1105.00,1298.00,1432.00,1466.00,1519.00,1549.00
CA044,1599.00,1599.00,1599.00,1599.00,1808.00,1931.00,2069.00,2238.00,2288.00,2002.00,2237.00,2292.00,2400.00,2535.00,2207.00,2276.00,2366.00,1910.00,2156.00,2309.00,2516.00,2607.00,2745.00,2800.00
CA392,937.00,937.00,937.00,937.00,1084.00,1180.00,1289.00,1477.00,1556.00,1237.00,1476.00,1564.00,1699.00,1774.00,1427.00,1538.00,1682.00,1164.00,1376.00,1590.00,1762.00,1819.00,1907.00,1945.00
CA393,771.00,771.00,771.00,771.00,848.00,893.00,945.00,1050.00,1132.00,920.00,1049.00,1140.00,1283.00,1361.00,998.00,1114.00,1263.00,885.00,979.00,1168.00,1350.00,1402.00,1482.00,1512.00
CA420,728.00,728.00,728.00,728.00,833.00,895.00,970.00,1051.00,1061.00,934.00,1051.00,1062.00,1136.00,1243.00,1045.00,1059.00,1114.00,884.00,1017.00,1065.00,1224.00,1313.00,1448.00,1477.00
CA421,789.00,789.00,789.00,789.00,858.00,908.00,1015.00,1140.00,1168.00,964.00,1140.00,1171.00,1286.00,1371.00,1123.00,1162.00,1264.00,892.00,1083.00,1180.00,1359.00,1434.00,1562.00,1593.00
CA457,980.00,980.00,980.00,980.00,1063.00,1112.00,1175.00,1263.00,1304.00,1145.00,1263.00,1308.00,1399.00,1515.00,1237.00,1295.00,1370.00,1103.00,1214.00,1322.00,1498.00,1576.00,1694.00,1728.00
CO045,725.00,725.00,725.00,725.00,844.00,918.00,986.00,1111.00,1146.00,953.00,1111.00,1150.00,1253.00,1332.00,1089.00,1138.00,1235.00,908.00,1045.00,1162.00,1320.00,1378.00,1468.00,1498.00
CO046,598.00,598.00,598.00,598.00,681.00,741.00,865.00,1012.00,1051.00,805.00,1012.00,1055.00,1119.00,1146.00,988.00,1042.00,1112.00,723.00,942.00,1067.00,1142.00,1160.00,1188.00,1212.00
CO047,736.00,736.00,736.00,736.00,764.00,797.00,842.00,928.00,967.00,814.00,927.00,971.00,1058.00,1154.00,903.00,958.00,1033.00,792.00,880.00,984.00,1140.00,1205.00,1304.00,1330.00
CO422,784.00,784.00,784.00,784.00,928.00,1021.00,1162.00,1355.00,1412.00,1087.00,1355.00,1417.00,1507.00,1529.00,1320.00,1399.00,1501.00,1004.00,1261.00,1436.00,1526.00,1541.00,1579.00,1610.00
CT049,913.00,913.00,913.00,913.00,978.00,1025.00,1123.00,1301.00,1425.00,1076.00,1299.00,1437.00,1640.00,1706.00,1222.00,1397.00,1623.00,1010.00,1185.00,1479.00,1697.00,1741.00,1809.00,1845.00
CT050,873.00,873.00,873.00,873.00,969.00,1017.00,1026.00,1177.00,1298.00,1022.00,1176.00,1310.00,1524.00,1660.00,1104.00,1271.00,1490.00,1016.00,1071.00,1350.00,1641.00,1731.00,1870.00,1907.00
CT051,1179.00,1179.00,1179.00,1179.00,1436.00,1582.00,1726.00,1875.00,1885.00,1657.00,1875.00,1886.00,1965.00,2221.00,1869.00,1883.00,1900.00,1561.00,1816.00,1889.00,2185.00,2356.00,2619.00,2671.00
DC053,1040.00,1040.00,1040.00,1040.00,1208.00,1303.00,1387.00,1524.00,1605.00,1346.00,1523.00,1613.00,1781.00,1871.00,1472.00,1587.00,1758.00,1290.00,1441.00,1641.00,1858.00,1918.00,2017.00,2057.00
DE054,750.00,750.00,750.00,750.00,835.00,883.00,929.00,1014.00,1058.00,907.00,1013.00,1062.00,1149.00,1195.00,1004.00,1046.00,1137.00,876.00,972.00,1079.00,1188.00,1219.00,1266.00,1291.00
DE055,752.00,752.00,752.00,752.00,807.00,852.00,974.00,1097.00,1100.00,915.00,1097.00,1100.00,1111.00,1141.00,1096.00,1099.00,1103.00,834.00,1051.00,1100.00,1137.00,1158.00,1189.00,1213.00
FL056,670.00,670.00,670.00,670.00,704.00,727.00,773.00,869.00,947.00,751.00,868.00,955.00,1082.00,1126.00,820.00,930.00,1071.00,720.00,803.00,981.00,1120.00,1149.00,1194.00,1218.00
FL057,715.00,715.00,715.00,715.00,744.00,790.00,933.00,1085.00,1102.00,864.00,1085.00,1103.00,1133.00,1151.00,1075.00,1098.00,1128.00,769.00,1022.00,1109.00,1149.00,1161.00,1180.00,1204.00
FL058,748.00,748.00,748.00,748.00,809.00,851.00,941.00,1050.00,1083.00,898.00,1050.00,1086.00,1146.00,1192.00,1030.00,1075.00,1134.00,838.00,997.00,1097.00,1185.00,1216.00,1263.00,1288.00
FL059,693.00,693.00,693.00,693.00,739.00,779.00,904.00,1068.00,1130.00,844.00,1067.00,1136.00,1241.00,1284.00,1028.00,1116.00,1230.00,761.00,982.00,1157.00,1278.00,1316.00,1384.00,1412.00
FL061,982.00,982.00,982.00,982.00,1077.00,1143.00,1275.00,1459.00,1542.00,1211.00,1458.00,1550.00,1696.00,1785.00,1407.00,1524.00,1674.00,1123.00,1358.00,1578.00,1773.00,1832.00,1923.00,1961.00
FL062,683.00,683.00,683.00,683.00,781.00,839.00,880.00,985.00,1086.00,860.00,984.00,1096.00,1257.00,1297.00,921.00,1063.00,1247.00,833.00,906.00,1130.00,1291.00,1318.00,1359.00,1386.00
FL063,667.00,667.00,667.00,667.00,725.00,765.00,840.00,932.00,961.00,804.00,932.00,964.00,1018.00,1064.00,914.00,955.00,1007.00,754.00,886.00,974.00,1057.00,1088.00,1134.00,1157.00
FL064,609.00,609.00,609.00,609.00,692.00,739.00,788.00,856.00,887.00,764.00,855.00,890.00,946.00,983.00,836.00,880.00,937.00,732.00,818.00,901.00,978.00,1002.00,1040.00,1061.00
FL065,726.00,726.00,726.00,726.00,807.00,858.00,935.00,1029.00,1057.00,898.00,1028.00,1059.00,1112.00,1155.00,1011.00,1050.00,1101.00,847.00,983.00,1069.00,1149.00,1177.00,1221.00,1245.00
FL066,757.00,757.00,757.00,757.00,837.00,899.00,1024.00,1186.00,1242.00,964.00,1185.00,1247.00,1344.00,1398.00,1150.00,1229.00,1331.00,880.00,1103.00,1266.00,1390.00,1426.00,1480.00,1510.00
FL067,895.00,895.00,895.00,895.00,965.00,1014.00,1116.00,1246.00,1292.00,1067.00,1245.00,1296.00,1407.00,1531.00,1217.00,1281.00,1401.00,999.00,1179.00,1311.00,1513.00,1602.00,1739.00,1774.00
FL068,603.00,603.00,603.00,603.00,651.00,689.00,788.00,910.00,946.00,740.00,910.00,949.00,1014.00,1061.00,888.00,938.00,1002.00,681.00,851.00,961.00,1054.00,1085.00,1133.00,1156.00
FL069,1295.00,1295.00,1295.00,1295.00,1504.00,1619.00,1708.00,1855.00,1949.00,1665.00,1854.00,1958.00,2118.00,2204.00,1796.00,1928.00,2097.00,1606.00,1763.00,1989.00,2192.00,2249.00,2403.00,2451.00
FL070,649.00,649.00,649.00,649.00,742.00,797.00,865.00,977.00,1048.00,832.00,977.00,1054.00,1174.00,1231.00,933.00,1032.00,1159.00,787.00,908.00,1078.00,1223.00,1262.00,1321.00,1347.00
FL397,590.00,590.00,590.00,590.00,634.00,670.00,766.00,895.00,948.00,720.00,894.00,953.00,1038.00,1064.00,861.00,936.00,1032.00,656.00,826.00,971.00,1060.00,1077.00,1103.00,1125.00
FL423,722.00,722.00,722.00,722.00,793.00,842.00,938.00,1073.00,1134.00,892.00,1072.00,1140.00,1250.00,1320.00,1034.00,1121.00,1232.00,828.00,998.00,1161.00,1310.00,1357.00,1429.00,1458.00
FL424,799.00,799.00,799.00,799.00,878.00,923.00,960.00,1023.00,1061.00,942.00,1022.00,1065.00,1164.00,1244.00,998.00,1053.00,1148.00,917.00,984.00,1078.00,1231.00,1296.00,1395.00,1423.00
GA071,855.00,855.00,855.00,855.00,909.00,971.00,1041.00,1147.00,1194.00,1008.00,1146.00,1199.00,1289.00,1319.00,1129.00,1181.00,1281.00,961.00,1095.00,1218.00,1314.00,1343.00,1389.00,1417.00
GA072,545.00,545.00,545.00,545.00,588.00,615.00,659.00,711.00,725.00,638.00,711.00,726.00,760.00,814.00,703.00,722.00,746.00,609.00,687.00,731.00,807.00,843.00,899.00,917.00
GA073,659.00,659.00,659.00,659.00,739.00,781.00,802.00,858.00,913.00,792.00,857.00,918.00,1009.00,1042.00,823.00,900.00,1000.00,778.00,815.00,936.00,1038.00,1060.00,1095.00,1117.00
GA074,643.00,643.00,643.00,643.00,677.00,709.00,819.00,941.00,962.00,766.00,941.00,964.00,1001.00,1024.00,928.00,957.00,995.00,693.00,887.00,971.00,1021.00,1037.00,1061.00,1082.00
GA075,732.00,732.00,732.00,732.00,792.00,831.00,898.00,997.00,1047.00,866.00,997.00,1052.00,1144.00,1214.00,966.00,1036.00,1126.00,821.00,941.00,1069.00,1204.00,1250.00,1322.00,1348.00
GA076,740.00,740.00,740.00,740.00,782.00,811.00,871.00,953.00,986.00,842.00,953.00,989.00,1041.00,1048.00,932.00,979.00,1039.00,802.00,910.00,1001.00,1047.00,1052.00,1060.00,1081.00
GA077,806.00,806.00,806.00,806.00,879.00,930.00,1037.00,1157.00,1175.00,986.00,1157.00,1177.00,1212.00,1239.00,1145.00,1171.00,1205.00,914.00,1105.00,1183.00,1235.00,1254.00,1282.00,1308.00
GA078,697.00,697.00,697.00,697.00,783.00,833.00,884.00,957.00,991.00,859.00,957.00,995.00,1061.00,1125.00,936.00,984.00,1045.00,825.00,917.00,1006.00,1116.00,1159.00,1225.00,1249.00
GA079,709.00,709.00,709.00,709.00,779.00,820.00,871.00,939.00,1007.00,846.00,939.00,1014.00,1133.00,1179.00,921.00,991.00,1121.00,813.00,902.00,1038.00,1172.00,1203.00,1250.00,1275.00
GA080,687.00,687.00,687.00,687.00,735.00,762.00,783.00,813.00,828.00,773.00,813.00,830.00,875.00,965.00,804.00,825.00,852.00,759.00,796.00,835.00,952.00,1012.00,1104.00,1126.00
GA081,588.00,588.00,588.00,588.00,630.00,656.00,699.00,753.00,771.00,679.00,753.00,773.00,808.00,845.00,742.00,767.00,799.00,650.00,726.00,779.00,839.00,864.00,901.00,919.00
HI407,1244.00,1244.00,1244.00,1244.00,1463.00,1588.00,1716.00,1930.00,2066.00,1654.00,1928.00,2079.00,2323.00,2488.00,1844.00,2035.00,2282.00,1569.00,1797.00,2125.00,2465.00,2575.00,2743.00,2798.00
HI408,1161.00,1161.00,1161.00,1161.00,1472.00,1633.00,1703.00,1802.00,1849.00,1670.00,1802.00,1853.00,1964.00,2130.00,1773.00,1838.00,1922.00,1623.00,1747.00,1868.00,2107.00,2218.00,2388.00,2436.00
HI409,926.00,926.00,926.00,926.00,1321.00,1522.00,1582.00,1669.00,1709.00,1553.00,1668.00,1713.00,1798.00,1897.00,1643.00,1700.00,1773.00,1513.00,1621.00,1726.00,1883.00,1949.00,2050.00,2091.00
HI414,1199.00,1199.00,1199.00,1199.00,1349.00,1440.00,1560.00,1731.00,1812.00,1502.00,1730.00,1820.00,1975.00,2108.00,1680.00,1794.00,1941.00,1422.00,1636.00,1847.00,2090.00,2179.00,2316.00,2362.00
IA082,621.00,621.00,621.00,621.00,683.00,730.00,784.00,879.00,926.00,753.00,879.00,930.00,1020.00,1103.00,850.00,915.00,1014.00,727.00,826.00,945.00,1091.00,1146.00,1231.00,1256.00
IA083,629.00,629.00,629.00,629.00,706.00,755.00,826.00,918.00,949.00,792.00,917.00,952.00,1005.00,1028.00,898.00,942.00,999.00,744.00,871.00,963.00,1025.00,1041.00,1087.00,1109.00
IA330,547.00,547.00,547.00,547.00,570.00,605.00,686.00,797.00,830.00,642.00,797.00,833.00,891.00,932.00,777.00,822.00,881.00,595.00,743.00,844.00,926.00,954.00,995.00,1015.00
IA331,515.00,515.00,515.00,515.00,559.00,592.00,673.00,774.00,805.00,634.00,773.00,808.00,858.00,868.00,754.00,798.00,855.00,580.00,724.00,819.00,866.00,873.00,883.00,901.00
IA332,528.00,528.00,528.00,528.00,583.00,616.00,659.00,746.00,816.00,638.00,745.00,823.00,938.00,976.00,701.00,800.00,928.00,610.00,685.00,846.00,970.00,996.00,1046.00,1067.00
IA389,568.00,568.00,568.00,568.00,624.00,655.00,675.00,704.00,717.00,665.00,703.00,719.00,751.00,801.00,695.00,714.00,739.00,652.00,688.00,723.00,794.00,827.00,877.00,895.00
IA425,652.00,652.00,652.00,652.00,705.00,771.00,873.00,1006.00,1070.00,824.00,1005.00,1076.00,1177.00,1204.00,987.00,1055.00,1170.00,756.00,938.00,1097.00,1200.00,1219.00,1247.00,1272.00
ID084,599.00,599.00,599.00,599.00,642.00,683.00,707.00,741.00,761.00,696.00,741.00,766.00,875.00,913.00,730.00,754.00,869.00,680.00,721.00,789.00,899.00,967.00,1071.00,1092.00
ID085,442.00,442.00,442.00,442.00,518.00,560.00,596.00,690.00,782.00,579.00,689.00,791.00,935.00,961.00,635.00,761.00,928.00,555.00,619.00,822.00,957.00,975.00,1002.00,1022.00
ID086,547.00,547.00,547.00,547.00,614.00,658.00,736.00,835.00,869.00,699.00,834.00,873.00,933.00,970.00,813.00,862.00,924.00,647.00,784.00,884.00,965.00,990.00,1028.00,1049.00
ID087,471.00,471.00,471.00,471.00,509.00,537.00,601.00,689.00,726.00,570.00,689.00,730.00,791.00,816.00,666.00,718.00,785.00,527.00,642.00,742.00,812.00,829.00,854.00,871.00
ID333,507.00,507.00,507.00,507.00,580.00,630.00,733.00,870.00,926.00,683.00,870.00,932.00,1020.00,1040.00,835.00,914.00,1015.00,615.00,797.00,950.00,1037.00,1050.00,1070.00,1091.00
ID426,493.00,493.00,493.00,493.00,588.00,645.00,716.00,812.00,852.00,682.00,811.00,856.00,917.00,921.00,786.00,843.00,916.00,635.00,760.00,869.00,920.00,923.00,927.00,946.00
IL088,534.00,534.00,534.00,534.00,612.00,667.00,733.00,818.00,837.00,698.00,818.00,839.00,882.00,942.00,806.00,833.00,867.00,661.00,779.00,845.00,933.00,973.00,1034.00,1055.00
IL089,575.00,575.00,575.00,575.00,629.00,665.00,726.00,789.00,792.00,697.00,789.00,792.00,817.00,897.00,787.00,791.00,797.00,656.00,764.00,793.00,885.00,939.00,1020.00,1040.00
IL090,593.00,593.00,593.00,593.00,645.00,688.00,760.00,883.00,970.00,725.00,882.00,978.00,1117.00,1151.00,833.00,950.00,1108.00,677.00,806.00,1007.00,1146.00,1169.00,1204.00,1228.00
IL092,782.00,782.00,782.00,782.00,874.00,931.00,1028.00,1218.00,1312.00,972.00,1217.00,1321.00,1475.00,1526.00,1161.00,1291.00,1462.00,919.00,1112.00,1353.00,1519.00,1553.00,1605.00,1637.00
IL093,647.00,647.00,647.00,647.00,707.00,748.00,833.00,956.00,1019.00,792.00,956.00,1025.00,1123.00,1141.00,917.00,1005.00,1118.00,736.00,886.00,1046.00,1138.00,1150.00,1186.00,1210.00
IL325,1026.00,1026.00,1026.00,1026.00,1207.00,1316.00,1454.00,1626.00,1678.00,1388.00,1625.00,1683.00,1770.00,1811.00,1593.00,1666.00,1760.00,1296.00,1541.00,1700.00,1805.00,1833.00,1874.00,1912.00
IL335,511.00,511.00,511.00,511.00,580.00,623.00,688.00,774.00,806.00,657.00,774.00,809.00,882.00,917.00,754.00,799.00,873.00,613.00,730.00,819.00,912.00,936.00,972.00,992.00
IL366,674.00,674.00,674.00,674.00,751.00,804.00,906.00,1080.00,1195.00,857.00,1079.00,1206.00,1388.00,1435.00,1008.00,1169.00,1376.00,789.00,970.00,1244.00,1428.00,1460.00,1508.00,1538.00
IL427,493.00,493.00,493.00,493.00,607.00,664.00,667.00,713.00,781.00,665.00,713.00,787.00,894.00,921.00,683.00,765.00,887.00,663.00,675.00,809.00,917.00,936.00,971.00,991.00
IN094,625.00,625.00,625.00,625.00,683.00,722.00,786.00,873.00,910.00,755.00,873.00,913.00,998.00,1116.00,850.00,902.00,968.00,712.00,826.00,926.00,1099.00,1178.00,1299.00,1325.00
IN096,602.00,602.00,602.00,602.00,674.00,715.00,753.00,823.00,875.00,734.00,823.00,880.00,961.00,983.00,791.00,863.00,956.00,709.00,777.00,897.00,980.00,995.00,1017.00,1037.00
IN097,598.00,598.00,598.00,598.00,647.00,687.00,793.00,901.00,903.00,742.00,901.00,903.00,912.00,934.00,900.00,903.00,906.00,671.00,861.00,904.00,931.00,946.00,969.00,988.00
IN099,617.00,617.00,617.00,617.00,662.00,696.00,774.00,878.00,917.00,736.00,877.00,921.00,979.00,981.00,853.00,908.00,979.00,684.00,824.00,934.00,981.00,982.00,984.00,1004.00
IN337,550.00,550.00,550.00,550.00,636.00,691.00,777.00,885.00,918.00,736.00,885.00,921.00,972.00,976.00,864.00,911.00,971.00,678.00,832.00,933.00,976.00,979.00,1017.00,1037.00
IN338,532.00,532.00,532.00,532.00,584.00,618.00,670.00,745.00,780.00,645.00,745.00,783.00,835.00,836.00,723.00,772.00,835.00,610.00,704.00,795.00,836.00,837.00,838.00,858.00
IN367,676.00,676.00,676.00,676.00,720.00,754.00,841.00,944.00,967.00,799.00,943.00,969.00,1010.00,1039.00,929.00,961.00,1003.00,741.00,897.00,976.00,1035.00,1054.00,1084.00,1106.00
IN399,587.00,587.00,587.00,587.00,691.00,747.00,791.00,859.00,897.00,770.00,858.00,901.00,979.00,1065.00,835.00,888.00,957.00,741.00,819.00,913.00,1052.00,1110.00,1198.00,1222.00
KS100,535.00,535.00,535.00,535.00,656.00,724.00,784.00,863.00,893.00,755.00,863.00,896.00,945.00,963.00,844.00,886.00,941.00,715.00,822.00,906.00,961.00,973.00,991.00,1011.00
KS101,548.00,548.00,548.00,548.00,622.00,670.00,750.00,868.00,928.00,712.00,868.00,934.00,1029.00,1055.00,831.00,914.00,1022.00,658.00,801.00,953.00,1051.00,1068.00,1095.00,1117.00
KS102,591.00,591.00,591.00,591.00,647.00,699.00,796.00,933.00,980.00,745.00,932.00,985.00,1077.00,1165.00,903.00,969.00,1055.00,692.00,864.00,1000.00,1152.00,1211.00,1301.00,1327.00
KS104,649.00,649.00,649.00,649.00,731.00,785.00,883.00,1016.00,1071.00,836.00,1015.00,1076.00,1167.00,1203.00,981.00,1058.00,1158.00,771.00,945.00,1094.00,1198.00,1221.00,1258.00,1283.00
KS105,548.00,548.00,548.00,548.00,595.00,629.00,707.00,841.00,912.00,670.00,840.00,919.00,1040.00,1058.00,811.00,894.00,1036.00,618.00,771.00,945.00,1055.00,1067.00,1085.00,1107.00
KS334,511.00,511.00,511.00,511.00,580.00,616.00,634.00,664.00,683.00,625.00,664.00,685.00,723.00,756.00,652.00,679.00,714.00,613.00,645.00,692.00,752.00,774.00,809.00,851.00
KY106,498.00,498.00,498.00,498.00,552.00,584.00,625.00,691.00,730.00,605.00,690.00,734.00,805.00,852.00,666.00,721.00,793.00,578.00,651.00,747.00,845.00,877.00,925.00,943.00
KY107,535.00,535.00,535.00,535.00,634.00,691.00,747.00,820.00,849.00,720.00,820.00,851.00,898.00,933.00,803.00,842.00,893.00,683.00,782.00,861.00,923.00,971.00,1044.00,1065.00
KY109,559.00,559.00,559.00,559.00,600.00,633.00,723.00,844.00,895.00,680.00,843.00,900.00,985.00,1025.00,812.00,883.00,975.00,620.00,779.00,916.00,1019.00,1046.00,1087.00,1109.00
KY110,472.00,472.00,472.00,472.00,540.00,581.00,632.00,696.00,715.00,607.00,696.00,717.00,770.00,865.00,684.00,711.00,746.00,573.00,665.00,724.00,852.00,915.00,1013.00,1033.00
KY112,505.00,505.00,505.00,505.00,555.00,591.00,664.00,762.00,801.00,629.00,761.00,805.00,875.00,916.00,737.00,792.00,864.00,580.00,710.00,818.00,910.00,938.00,981.00,1001.00
KY339,490.00,490.00,490.00,490.00,569.00,617.00,674.00,756.00,793.00,646.00,755.00,797.00,867.00,924.00,732.00,785.00,853.00,608.00,711.00,810.00,916.00,955.00,1013.00,1033.00
KY429,498.00,498.00,498.00,498.00,569.00,615.00,692.00,797.00,841.00,655.00,797.00,845.00,921.00,971.00,770.00,831.00,909.00,603.00,741.00,859.00,964.00,997.00,1047.00,1068.00
KY430,440.00,440.00,440.00,440.00,510.00,547.00,567.00,606.00,636.00,557.00,606.00,639.00,694.00,734.00,587.00,629.00,684.00,544.00,580.00,649.00,729.00,756.00,797.00,873.00
LA113,498.00,498.00,498.00,498.00,542.00,573.00,637.00,717.00,744.00,606.00,717.00,746.00,793.00,828.00,701.00,738.00,785.00,563.00,677.00,755.00,819.00,864.00,932.00,951.00
LA114,703.00,703.00,703.00,703.00,780.00,818.00,826.00,862.00,906.00,822.00,861.00,910.00,990.00,1046.00,834.00,896.00,976.00,817.00,831.00,925.00,1038.00,1076.00,1133.00,1156.00
LA115,575.00,575.00,575.00,575.00,604.00,621.00,641.00,674.00,695.00,631.00,674.00,697.00,773.00,812.00,661.00,690.00,763.00,618.00,654.00,704.00,807.00,846.00,914.00,932.00
LA116,658.00,658.00,658.00,658.00,749.00,801.00,849.00,925.00,969.00,826.00,924.00,973.00,1051.00,1099.00,897.00,959.00,1039.00,794.00,879.00,988.00,1092.00,1125.00,1174.00,1197.00
LA117,579.00,579.00,579.00,579.00,652.00,696.00,754.00,869.00,957.00,726.00,868.00,966.00,1117.00,1198.00,817.00,937.00,1097.00,687.00,791.00,995.00,1187.00,1240.00,1323.00,1349.00
LA118,526.00,526.00,526.00,526.00,583.00,624.00,708.00,823.00,870.00,667.00,822.00,874.00,964.00,1046.00,793.00,859.00,944.00,612.00,762.00,890.00,1034.00,1089.00,1174.00,1198.00
LA326,499.00,499.00,499.00,499.00,576.00,622.00,682.00,751.00,766.00,653.00,751.00,768.00,813.00,863.00,742.00,763.00,800.00,613.00,720.00,773.00,856.00,889.00,940.00,959.00
LA370,572.00,572.00,572.00,572.00,616.00,647.00,709.00,795.00,835.00,679.00,795.00,839.00,916.00,990.00,770.00,826.00,898.00,638.00,747.00,852.00,979.00,1028.00,1103.00,1125.00
LA371,625.00,625.00,625.00,625.00,693.00,731.00,763.00,828.00,881.00,747.00,828.00,886.00,975.00,1015.00,795.00,869.00,965.00,726.00,783.00,904.00,1009.00,1035.00,1076.00,1098.00
MA119,920.00,920.00,920.00,920.00,1110.00,1272.00,1357.00,1480.00,1543.00,1316.00,1480.00,1549.00,1660.00,1732.00,1441.00,1529.00,1642.00,1260.00,1410.00,1570.00,1722.00,1770.00,1843.00,1880.00
MA120,1335.00,1335.00,1335.00,1335.00,1554.00,1679.00,1800.00,1991.00,1997.00,1740.00,1991.00,1998.00,2038.00,2167.00,1988.00,1996.00,2012.00,1661.00,1918.00,2000.00,2148.00,2234.00,2365.00,2412.00
MA121,946.00,946.00,946.00,946.00,1059.00,1217.00,1297.00,1487.00,1546.00,1259.00,1486.00,1551.00,1659.00,1739.00,1450.00,1533.00,1639.00,1205.00,1389.00,1571.00,1728.00,1782.00,1864.00,1901.00
MA122,971.00,971.00,971.00,971.00,1151.00,1249.00,1284.00,1405.00,1475.00,1267.00,1404.00,1481.00,1626.00,1790.00,1361.00,1459.00,1585.00,1244.00,1309.00,1505.00,1767.00,1877.00,2045.00,2086.00
MA123,1045.00,1045.00,1045.00,1045.00,1160.00,1237.00,1376.00,1520.00,1565.00,1309.00,1520.00,1570.00,1669.00,1733.00,1516.00,1552.00,1653.00,1216.00,1464.00,1589.00,1724.00,1767.00,1832.00,1869.00
MA124,1125.00,1125.00,1125.00,1125.00,1263.00,1340.00,1467.00,1617.00,1652.00,1406.00,1616.00,1656.00,1781.00,1920.00,1595.00,1644.00,1746.00,1331.00,1547.00,1667.00,1900.00,1994.00,2136.00,2179.00
MA125,1086.00,1086.00,1086.00,1086.00,1200.00,1270.00,1366.00,1503.00,1567.00,1320.00,1502.00,1573.00,1697.00,1813.00,1462.00,1552.00,1669.00,1256.00,1426.00,1595.00,1795.00,1877.00,2001.00,2041.00
MA126,788.00,788.00,788.00,788.00,855.00,904.00,941.00,1020.00,1071.00,918.00,1019.00,1076.00,1286.00,1369.00,988.00,1059.00,1265.00,901.00,971.00,1117.00,1357.00,1425.00,1582.00,1614.00
MA151,920.00,920.00,920.00,920.00,1110.00,1272.00,1357.00,1480.00,1543.00,1316.00,1480.00,1549.00,1660.00,1732.00,1441.00,1529.00,1642.00,1260.00,1410.00,1570.00,1722.00,1770.00,1843.00,1880.00
MA377,1221.00,1221.00,1221.00,1221.00,1325.00,1441.00,1638.00,1836.00,1838.00,1543.00,1836.00,1839.00,1954.00,2041.00,1835.00,1838.00,1932.00,1412.00,1762.00,1857.00,2029.00,2087.00,2222.00,2267.00
MA431,629.00,629.00,629.00,629.00,661.00,685.00,743.00,826.00,887.00,715.00,825.00,896.00,1043.00,1096.00,801.00,867.00,1029.00,676.00,779.00,926.00,1088.00,1124.00,1182.00,1206.00
MD127,784.00,784.00,784.00,784.00,893.00,954.00,1006.00,1098.00,1163.00,981.00,1098.00,1169.00,1284.00,1362.00,1058.00,1148.00,1264.00,946.00,1039.00,1190.00,1351.00,1403.00,1483.00,1513.00
MD128,958.00,958.00,958.00,958.00,1140.00,1241.00,1331.00,1469.00,1548.00,1288.00,1469.00,1555.00,1687.00,1747.00,1420.00,1530.00,1672.00,1228.00,1387.00,1581.00,1739.00,1779.00,1841.00,1878.00
MD129,912.00,912.00,912.00,912.00,974.00,1018.00,1114.00,1280.00,1392.00,1068.00,1279.00,1403.00,1574.00,1589.00,1209.00,1367.00,1570.00,1004.00,1174.00,1440.00,1587.00,1597.00,1612.00,1644.00
MD130,846.00,846.00,846.00,846.00,918.00,966.00,1066.00,1191.00,1233.00,1016.00,1190.00,1238.00,1331.00,1424.00,1170.00,1220.00,1324.00,953.00,1131.00,1258.00,1407.00,1486.00,1608.00,1640.00
MD133,1036.00,1036.00,1036.00,1036.00,1086.00,1119.00,1206.00,1411.00,1465.00,1146.00,1410.00,1471.00,1558.00,1583.00,1376.00,1453.00,1552.00,1111.00,1313.00,1489.00,1580.00,1596.00,1622.00,1654.00
MD134,960.00,960.00,960.00,960.00,1063.00,1121.00,1173.00,1281.00,1369.00,1148.00,1279.00,1377.00,1532.00,1627.00,1225.00,1349.00,1508.00,1113.00,1206.00,1406.00,1613.00,1677.00,1774.00,1809.00
MD135,891.00,891.00,891.00,891.00,1007.00,1070.00,1108.00,1168.00,1202.00,1089.00,1167.00,1206.00,1298.00,1393.00,1146.00,1195.00,1275.00,1064.00,1132.00,1219.00,1377.00,1450.00,1561.00,1592.00
MD340,490.00,490.00,490.00,490.00,526.00,551.00,599.00,667.00,700.00,576.00,667.00,703.00,765.00,815.00,646.00,693.00,753.00,544.00,628.00,715.00,808.00,841.00,891.00,909.00
MD432,725.00,725.00,725.00,725.00,800.00,849.00,933.00,1048.00,1097.00,893.00,1047.00,1102.00,1187.00,1235.00,1017.00,1086.00,1175.00,837.00,986.00,1118.00,1228.00,1261.00,1310.00,1336.00
ME136,717.00,717.00,717.00,717.00,793.00,854.00,963.00,1079.00,1092.00,911.00,1079.00,1099.00,1224.00,1267.00,1073.00,1088.00,1213.00,838.00,1032.00,1125.00,1261.00,1290.00,1335.00,1362.00
ME137,484.00,484.00,484.00,484.00,516.00,539.00,591.00,668.00,706.00,566.00,668.00,710.00,777.00,819.00,644.00,698.00,767.00,531.00,625.00,723.00,813.00,841.00,883.00,901.00
ME139,815.00,815.00,815.00,815.00,889.00,973.00,1133.00,1297.00,1303.00,1056.00,1297.00,1303.00,1364.00,1575.00,1294.00,1301.00,1311.00,949.00,1235.00,1305.00,1545.00,1686.00,1902.00,1940.00
ME141,715.00,715.00,715.00,715.00,788.00,851.00,989.00,1129.00,1131.00,923.00,1129.00,1131.00,1153.00,1225.00,1127.00,1130.00,1135.00,831.00,1076.00,1132.00,1215.00,1263.00,1337.00,1364.00
ME390,633.00,633.00,633.00,633.00,730.00,787.00,850.00,948.00,1005.00,820.00,947.00,1011.00,1110.00,1166.00,912.00,992.00,1096.00,778.00,889.00,1030.00,1158.00,1196.00,1253.00,1278.00
MI142,684.00,684.00,684.00,684.00,759.00,812.00,926.00,1051.00,1150.00,871.00,1050.00,1160.00,1337.00,1378.00,1040.00,1124.00,1326.00,795.00,998.00,1197.00,1373.00,1400.00,1443.00,1472.00
MI143,440.00,440.00,440.00,440.00,543.00,615.00,659.00,723.00,753.00,638.00,723.00,756.00,809.00,842.00,704.00,746.00,801.00,608.00,687.00,766.00,837.00,865.00,917.00,936.00
MI145,578.00,578.00,578.00,578.00,620.00,648.00,666.00,710.00,748.00,657.00,710.00,752.00,819.00,863.00,686.00,739.00,808.00,645.00,678.00,764.00,857.00,886.00,932.00,950.00
MI146,666.00,666.00,666.00,666.00,721.00,763.00,847.00,951.00,979.00,806.00,951.00,982.00,1031.00,1062.00,934.00,973.00,1023.00,752.00,902.00,991.00,1058.00,1079.00,1121.00,1144.00
MI148,551.00,551.00,551.00,551.00,598.00,634.00,721.00,818.00,835.00,679.00,818.00,836.00,873.00,922.00,808.00,831.00,861.00,621.00,776.00,842.00,915.00,947.00,997.00,1017.00
MI149,594.00,594.00,594.00,594.00,657.00,697.00,756.00,831.00,856.00,727.00,830.00,858.00,902.00,931.00,815.00,850.00,895.00,688.00,793.00,866.00,927.00,946.00,975.00,994.00
MI152,603.00,603.00,603.00,603.00,667.00,709.00,787.00,898.00,951.00,750.00,897.00,956.00,1042.00,1070.00,864.00,939.00,1035.00,698.00,835.00,974.00,1066.00,1085.00,1113.00,1135.00
MI153,688.00,688.00,688.00,688.00,765.00,811.00,867.00,959.00,1009.00,840.00,959.00,1014.00,1098.00,1119.00,942.00,997.00,1093.00,803.00,908.00,1032.00,1116.00,1132.00,1189.00,1213.00
MI154,572.00,572.00,572.00,572.00,645.00,691.00,762.00,864.00,903.00,728.00,864.00,907.00,981.00,1020.00,841.00,893.00,971.00,681.00,806.00,921.00,1014.00,1040.00,1081.00,1102.00
MI155,746.00,746.00,746.00,746.00,862.00,938.00,1074.00,1239.00,1284.00,1009.00,1238.00,1288.00,1380.00,1479.00,1211.00,1274.00,1355.00,918.00,1160.00,1303.00,1465.00,1532.00,1633.00,1666.00
MI156,505.00,505.00,505.00,505.00,573.00,616.00,719.00,840.00,868.00,670.00,840.00,871.00,919.00,942.00,822.00,862.00,913.00,606.00,784.00,880.00,938.00,954.00,977.00,997.00
MI157,443.00,443.00,443.00,443.00,500.00,534.00,577.00,638.00,668.00,556.00,638.00,671.00,728.00,777.00,619.00,661.00,716.00,528.00,603.00,681.00,770.00,803.00,853.00,870.00
MI391,558.00,558.00,558.00,558.00,607.00,648.00,730.00,852.00,895.00,689.00,851.00,900.00,981.00,1048.00,825.00,886.00,964.00,637.00,785.00,914.00,1039.00,1084.00,1152.00,1175.00
MI434,599.00,599.00,599.00,599.00,696.00,749.00,789.00,848.00,878.00,770.00,848.00,880.00,940.00,1005.00,830.00,871.00,924.00,743.00,815.00,890.00,996.00,1040.00,1106.00,1128.00
MN158,656.00,656.00,656.00,656.00,721.00,763.00,833.00,924.00,958.00,799.00,923.00,961.00,1023.00,1066.00,902.00,950.00,1012.00,753.00,876.00,972.00,1060.00,1089.00,1134.00,1157.00
MN159,781.00,781.00,781.00,781.00,876.00,934.00,1059.00,1247.00,1276.00,980.00,1247.00,1279.00,1355.00,1424.00,1229.00,1270.00,1349.00,923.00,1166.00,1289.00,1413.00,1467.00,1551.00,1582.00
MN376,561.00,561.00,561.00,561.00,615.00,657.00,755.00,881.00,925.00,707.00,880.00,929.00,1011.00,1078.00,853.00,915.00,994.00,642.00,817.00,943.00,1068.00,1113.00,1181.00,1205.00
MN436,603.00,603.00,603.00,603.00,620.00,666.00,707.00,821.00,870.00,683.00,821.00,874.00,959.00,1011.00,791.00,859.00,946.00,661.00,760.00,890.00,1004.00,1038.00,1091.00,1113.00
MO160,591.00,591.00,591.00,591.00,651.00,693.00,783.00,895.00,932.00,740.00,895.00,935.00,1010.00,1092.00,872.00,924.00,990.00,680.00,839.00,948.00,1080.00,1135.00,1218.00,1242.00
MO161,741.00,741.00,741.00,741.00,809.00,854.00,934.00,1031.00,1059.00,895.00,1031.00,1062.00,1116.00,1168.00,1014.00,1053.00,1103.00,842.00,984.00,1071.00,1160.00,1195.00,1255.00,1280.00
MO162,484.00,484.00,484.00,484.00,545.00,582.00,626.00,695.00,734.00,604.00,694.00,738.00,805.00,835.00,670.00,725.00,797.00,575.00,654.00,751.00,830.00,850.00,881.00,899.00
MO163,595.00,595.00,595.00,595.00,684.00,736.00,794.00,872.00,905.00,766.00,871.00,908.00,959.00,968.00,851.00,897.00,957.00,728.00,830.00,919.00,967.00,972.00,981.00,1001.00
MO164,516.00,516.00,516.00,516.00,588.00,630.00,676.00,753.00,802.00,654.00,752.00,807.00,885.00,905.00,722.00,791.00,880.00,623.00,705.00,823.00,903.00,916.00,937.00,956.00
MO165,538.00,538.00,538.00,538.00,597.00,643.00,698.00,775.00,822.00,672.00,774.00,827.00,911.00,967.00,754.00,811.00,897.00,635.00,733.00,842.00,959.00,997.00,1076.00,1098.00
MO343,505.00,505.00,505.00,505.00,602.00,660.00,724.00,808.00,840.00,693.00,808.00,843.00,909.00,979.00,788.00,833.00,891.00,650.00,764.00,854.00,969.00,1017.00,1089.00,1111.00
MO344,525.00,525.00,525.00,525.00,569.00,597.00,637.00,698.00,732.00,618.00,698.00,736.00,797.00,842.00,677.00,725.00,786.00,591.00,662.00,747.00,836.00,865.00,911.00,929.00
MS168,624.00,624.00,624.00,624.00,683.00,725.00,811.00,907.00,922.00,770.00,907.00,923.00,948.00,958.00,898.00,919.00,945.00,712.00,866.00,928.00,956.00,963.00,973.00,992.00
MS169,577.00,577.00,577.00,577.00,606.00,634.00,661.00,754.00,789.00,646.00,753.00,793.00,854.00,886.00,731.00,781.00,846.00,630.00,705.00,805.00,882.00,903.00,936.00,955.00
MS170,666.00,666.00,666.00,666.00,747.00,792.00,831.00,897.00,939.00,812.00,897.00,943.00,1056.00,1074.00,871.00,930.00,1054.00,786.00,856.00,957.00,1066.00,1103.00,1159.00,1182.00
MS171,573.00,573.00,573.00,573.00,637.00,677.00,741.00,855.00,936.00,710.00,854.00,944.00,1081.00,1148.00,804.00,918.00,1064.00,668.00,781.00,971.00,1139.00,1184.00,1253.00,1278.00
MS172,560.00,560.00,560.00,560.00,640.00,683.00,707.00,742.00,775.00,695.00,742.00,779.00,856.00,874.00,732.00,764.00,852.00,679.00,723.00,796.00,871.00,895.00,958.00,977.00
MS410,621.00,621.00,621.00,621.00,683.00,740.00,804.00,883.00,906.00,774.00,882.00,908.00,946.00,958.00,868.00,901.00,943.00,731.00,844.00,916.00,956.00,965.00,977.00,997.00
MS437,625.00,625.00,625.00,625.00,656.00,674.00,692.00,734.00,755.00,683.00,734.00,757.00,800.00,845.00,721.00,751.00,789.00,671.00,710.00,765.00,838.00,868.00,913.00,932.00
MS438,504.00,504.00,504.00,504.00,536.00,565.00,650.00,743.00,754.00,609.00,743.00,755.00,787.00,848.00,736.00,752.00,772.00,552.00,704.00,759.00,839.00,880.00,942.00,961.00
MT175,437.00,437.00,437.00,437.00,504.00,551.00,616.00,696.00,737.00,583.00,696.00,742.00,827.00,882.00,684.00,726.00,813.00,543.00,659.00,758.00,874.00,910.00,966.00,985.00
MT347,475.00,475.00,475.00,475.00,607.00,679.00,729.00,801.00,837.00,705.00,801.00,841.00,907.00,954.00,778.00,829.00,895.00,672.00,760.00,853.00,947.00,979.00,1027.00,1048.00
MT379,511.00,511.00,511.00,511.00,589.00,636.00,696.00,776.00,807.00,667.00,776.00,810.00,870.00,928.00,757.00,800.00,856.00,627.00,735.00,820.00,920.00,958.00,1017.00,1037.00
MT441,539.00,539.00,539.00,539.00,617.00,661.00,713.00,814.00,862.00,680.00,813.00,867.00,955.00,1018.00,783.00,851.00,939.00,658.00,757.00,883.00,1009.00,1051.00,1116.00,1138.00
NC176,1011.00,1011.00,1011.00,1011.00,1096.00,1149.00,1231.00,1332.00,1364.00,1191.00,1332.00,1367.00,1441.00,1546.00,1312.00,1357.00,1414.00,1137.00,1282.00,1377.00,1531.00,1601.00,1709.00,1743.00
NC177,643.00,643.00,643.00,643.00,734.00,786.00,841.00,928.00,979.00,815.00,928.00,984.00,1069.00,1102.00,896.00,968.00,1060.00,778.00,876.00,1001.00,1098.00,1120.00,1155.00,1178.00
NC178,586.00,586.00,586.00,586.00,657.00,701.00,764.00,848.00,882.00,734.00,848.00,885.00,945.00,984.00,827.00,874.00,935.00,692.00,804.00,896.00,978.00,1004.00,1044.00,1065.00
NC179,675.00,675.00,675.00,675.00,749.00,794.00,852.00,942.00,993.00,824.00,941.00,998.00,1075.00,1081.00,910.00,981.00,1073.00,785.00,888.00,1014.00,1080.00,1084.00,1090.00,1112.00
NC180,698.00,698.00,698.00,698.00,771.00,816.00,891.00,1018.00,1058.00,847.00,1017.00,1062.00,1142.00,1219.00,992.00,1049.00,1126.00,807.00,954.00,1076.00,1209.00,1260.00,1339.00,1366.00
NC181,635.00,635.00,635.00,635.00,672.00,727.00,858.00,1002.00,1023.00,795.00,1002.00,1026.00,1058.00,1061.00,989.00,1019.00,1057.00,708.00,941.00,1033.00,1061.00,1063.00,1067.00,1088.00
NC182,654.00,654.00,654.00,654.00,733.00,777.00,812.00,868.00,902.00,795.00,867.00,906.00,964.00,992.00,846.00,895.00,957.00,772.00,833.00,917.00,988.00,1007.00,1036.00,1057.00
NC183,672.00,672.00,672.00,672.00,673.00,677.00,762.00,882.00,908.00,712.00,882.00,910.00,971.00,1061.00,866.00,902.00,948.00,674.00,827.00,919.00,1049.00,1109.00,1202.00,1226.00
NC184,643.00,643.00,643.00,643.00,680.00,711.00,799.00,919.00,970.00,757.00,919.00,975.00,1057.00,1079.00,887.00,959.00,1051.00,700.00,854.00,992.00,1076.00,1091.00,1114.00,1136.00
NC185,678.00,678.00,678.00,678.00,737.00,771.00,855.00,972.00,1015.00,811.00,971.00,1019.00,1095.00,1141.00,944.00,1005.00,1083.00,766.00,911.00,1033.00,1135.00,1166.00,1214.00,1238.00
NC186,702.00,702.00,702.00,702.00,773.00,818.00,887.00,982.00,1024.00,854.00,982.00,1028.00,1100.00,1137.00,956.00,1015.00,1091.00,808.00,930.00,1042.00,1132.00,1156.00,1194.00,1218.00
NC187,692.00,692.00,692.00,692.00,732.00,759.00,838.00,931.00,941.00,797.00,931.00,942.00,1011.00,1051.00,925.00,938.00,1001.00,752.00,893.00,950.00,1045.00,1072.00,1113.00,1135.00
NC372,586.00,586.00,586.00,586.00,648.00,686.00,737.00,841.00,883.00,713.00,840.00,887.00,969.00,1013.00,814.00,873.00,959.00,679.00,785.00,901.00,1006.00,1040.00,1091.00,1113.00
ND188,440.00,440.00,440.00,440.00,510.00,573.00,676.00,786.00,799.00,626.00,786.00,801.00,824.00,841.00,778.00,796.00,820.00,558.00,740.00,805.00,839.00,850.00,868.00,885.00
ND189,484.00,484.00,484.00,484.00,551.00,606.00,684.00,790.00,847.00,646.00,789.00,852.00,943.00,964.00,762.00,834.00,937.00,594.00,733.00,871.00,961.00,996.00,1075.00,1096.00
ND190,485.00,485.00,485.00,485.00,533.00,574.00,687.00,819.00,847.00,633.00,819.00,850.00,907.00,967.00,801.00,841.00,892.00,557.00,759.00,859.00,959.00,999.00,1060.00,1081.00
ND191,425.00,425.00,425.00,425.00,489.00,531.00,671.00,817.00,819.00,602.00,817.00,819.00,827.00,847.00,816.00,819.00,822.00,521.00,762.00,820.00,844.00,858.00,878.00,896.00
NE192,644.00,644.00,644.00,644.00,709.00,754.00,848.00,984.00,1050.00,803.00,984.00,1056.00,1159.00,1177.00,943.00,1035.00,1154.00,740.00,908.00,1078.00,1174.00,1186.00,1205.00,1229.00
NE193,608.00,608.00,608.00,608.00,672.00,717.00,809.00,920.00,948.00,765.00,919.00,950.00,1019.00,1064.00,902.00,941.00,1008.00,703.00,868.00,960.00,1058.00,1088.00,1134.00,1157.00
NH194,964.00,964.00,964.00,964.00,1051.00,1119.00,1289.00,1495.00,1551.00,1207.00,1494.00,1557.00,1670.00,1794.00,1459.00,1539.00,1641.00,1094.00,1396.00,1576.00,1777.00,1860.00,2090.00,2132.00
NH195,890.00,890.00,890.00,890.00,969.00,1021.00,1119.00,1258.00,1324.00,1072.00,1257.00,1330.00,1468.00,1621.00,1216.00,1309.00,1429.00,1007.00,1180.00,1352.00,1600.00,1703.00,1860.00,1897.00
NJ196,965.00,965.00,965.00,965.00,1062.00,1127.00,1243.00,1418.00,1513.00,1187.00,1417.00,1522.00,1678.00,1737.00,1358.00,1491.00,1663.00,1110.00,1315.00,1553.00,1729.00,1768.00,1829.00,1866.00
NJ198,851.00,851.00,851.00,851.00,946.00,1014.00,1114.00,1240.00,1281.00,1066.00,1240.00,1285.00,1364.00,1433.00,1214.00,1272.00,1347.00,999.00,1177.00,1299.00,1423.00,1470.00,1540.00,1571.00
NJ200,1026.00,1026.00,1026.00,1026.00,1134.00,1227.00,1507.00,1835.00,1911.00,1373.00,1834.00,1918.00,2058.00,2164.00,1787.00,1894.00,2031.00,1205.00,1683.00,1943.00,2149.00,2220.00,2328.00,2375.00
NJ201,1045.00,1045.00,1045.00,1045.00,1205.00,1294.00,1427.00,1636.00,1714.00,1350.00,1635.00,1722.00,1852.00,1914.00,1587.00,1697.00,1838.00,1283.00,1528.00,1748.00,1901.00,1988.00,2129.00,2172.00
NJ202,1156.00,1156.00,1156.00,1156.00,1345.00,1461.00,1625.00,1857.00,1965.00,1546.00,1856.00,1975.00,2139.00,2157.00,1789.00,1940.00,2135.00,1437.00,1728.00,2011.00,2155.00,2167.00,2185.00,2229.00
NJ203,876.00,876.00,876.00,876.00,1000.00,1093.00,1312.00,1581.00,1662.00,1207.00,1580.00,1670.00,1807.00,1875.00,1530.00,1644.00,1790.00,1061.00,1449.00,1697.00,1866.00,1911.00,1981.00,2021.00
NJ204,985.00,985.00,985.00,985.00,1079.00,1137.00,1219.00,1369.00,1403.00,1180.00,1369.00,1406.00,1492.00,1593.00,1348.00,1396.00,1467.00,1125.00,1291.00,1418.00,1579.00,1647.00,1750.00,1785.00
NM205,481.00,481.00,481.00,481.00,532.00,574.00,689.00,833.00,879.00,634.00,832.00,883.00,960.00,993.00,804.00,868.00,951.00,557.00,761.00,898.00,989.00,1011.00,1046.00,1067.00
NM206,608.00,608.00,608.00,608.00,708.00,770.00,863.00,979.00,1016.00,818.00,979.00,1020.00,1098.00,1190.00,956.00,1008.00,1075.00,756.00,922.00,1032.00,1177.00,1239.00,1333.00,1360.00
NM207,480.00,480.00,480.00,480.00,549.00,596.00,689.00,804.00,840.00,644.00,804.00,843.00,907.00,952.00,782.00,832.00,896.00,582.00,748.00,855.00,946.00,975.00,1021.00,1041.00
NM209,558.00,558.00,558.00,558.00,616.00,658.00,783.00,936.00,955.00,716.00,935.00,957.00,1004.00,1073.00,923.00,951.00,987.00,644.00,871.00,964.00,1063.00,1110.00,1180.00,1204.00
NM210,835.00,835.00,835.00,835.00,902.00,950.00,1057.00,1201.00,1261.00,1005.00,1201.00,1267.00,1367.00,1414.00,1164.00,1247.00,1355.00,934.00,1124.00,1286.00,1407.00,1439.00,1487.00,1517.00
NV199,874.00,874.00,874.00,874.00,976.00,1031.00,1165.00,1363.00,1424.00,1089.00,1362.00,1430.00,1544.00,1631.00,1324.00,1410.00,1522.00,1025.00,1265.00,1451.00,1618.00,1676.00,1765.00,1800.00
NV211,845.00,845.00,845.00,845.00,904.00,946.00,1033.00,1127.00,1140.00,991.00,1127.00,1141.00,1178.00,1252.00,1120.00,1137.00,1159.00,933.00,1087.00,1145.00,1242.00,1291.00,1367.00,1394.00
NV212,783.00,783.00,783.00,783.00,846.00,889.00,973.00,1078.00,1109.00,932.00,1077.00,1112.00,1186.00,1295.00,1058.00,1102.00,1159.00,876.00,1027.00,1123.00,1279.00,1352.00,1463.00,1492.00
NV213,845.00,845.00,845.00,845.00,904.00,946.00,1033.00,1127.00,1140.00,991.00,1127.00,1141.00,1217.00,1306.00,1120.00,1137.00,1194.00,933.00,1087.00,1153.00,1294.00,1366.00,1528.00,1559.00
NY215,814.00,814.00,814.00,814.00,905.00,955.00,997.00,1059.00,1090.00,977.00,1058.00,1093.00,1190.00,1258.00,1039.00,1083.00,1173.00,949.00,1023.00,1104.00,1248.00,1294.00,1363.00,1391.00
NY216,676.00,676.00,676.00,676.00,740.00,781.00,849.00,949.00,999.00,816.00,948.00,1004.00,1085.00,1135.00,917.00,988.00,1079.00,771.00,892.00,1021.00,1127.00,1164.00,1220.00,1245.00
NY217,987.00,987.00,987.00,987.00,1124.00,1292.00,1483.00,1767.00,1787.00,1391.00,1767.00,1789.00,1857.00,1981.00,1755.00,1783.00,1826.00,1264.00,1624.00,1796.00,1964.00,2047.00,2174.00,2217.00
NY218,1352.00,1352.00,1352.00,1352.00,1589.00,1725.00,1863.00,2038.00,2098.00,1797.00,2037.00,2104.00,2193.00,2222.00,2000.00,2084.00,2193.00,1705.00,1949.00,2124.00,2210.00,2266.00,2352.00,2399.00
NY219,1545.00,1545.00,1545.00,1545.00,1679.00,1816.00,1877.00,1951.00,2012.00,1848.00,1951.00,2019.00,2123.00,2138.00,1939.00,1997.00,2119.00,1807.00,1916.00,2041.00,2136.00,2156.00,2244.00,2289.00
NY221,706.00,706.00,706.00,706.00,801.00,859.00,938.00,1035.00,1063.00,900.00,1035.00,1065.00,1113.00,1139.00,1018.00,1056.00,1106.00,847.00,989.00,1074.00,1135.00,1153.00,1189.00,1213.00
NY222,509.00,509.00,509.00,509.00,580.00,620.00,711.00,830.00,864.00,665.00,830.00,867.00,932.00,992.00,809.00,856.00,917.00,614.00,773.00,878.00,983.00,1023.00,1084.00,1106.00
NY223,622.00,622.00,622.00,622.00,667.00,706.00,771.00,861.00,900.00,739.00,860.00,904.00,968.00,992.00,836.00,891.00,962.00,696.00,812.00,917.00,989.00,1005.00,1029.00,1050.00
NY225,503.00,503.00,503.00,503.00,632.00,701.00,738.00,858.00,903.00,720.00,858.00,909.00,1038.00,1096.00,830.00,893.00,1024.00,695.00,793.00,935.00,1088.00,1126.00,1185.00,1209.00
NY226,766.00,766.00,766.00,766.00,886.00,963.00,1085.00,1232.00,1272.00,1026.00,1232.00,1276.00,1355.00,1433.00,1207.00,1263.00,1335.00,945.00,1162.00,1289.00,1422.00,1474.00,1554.00,1585.00
NY349,1374.00,1374.00,1374.00,1374.00,1551.00,1675.00,1742.00,1960.00,1967.00,1705.00,1960.00,1977.00,2155.00,2242.00,1959.00,1963.00,2133.00,1666.00,1878.00,2012.00,2230.00,2289.00,2378.00,2426.00
NY413,1045.00,1045.00,1045.00,1045.00,1212.00,1348.00,1473.00,1658.00,1752.00,1413.00,1657.00,1761.00,1924.00,2021.00,1599.00,1731.00,1900.00,1329.00,1552.00,1792.00,2007.00,2071.00,2170.00,2213.00
NY444,491.00,491.00,491.00,491.00,570.00,628.00,660.00,713.00,744.00,645.00,712.00,747.00,805.00,851.00,693.00,737.00,793.00,623.00,681.00,757.00,844.00,876.00,923.00,941.00
NY445,839.00,839.00,839.00,839.00,949.00,1015.00,1094.00,1190.00,1217.00,1056.00,1190.00,1219.00,1265.00,1291.00,1173.00,1211.00,1259.00,1003.00,1144.00,1228.00,1287.00,1304.00,1330.00,1357.00
OH227,616.00,616.00,616.00,616.00,705.00,755.00,803.00,855.00,864.00,780.00,855.00,864.00,924.00,952.00,850.00,862.00,917.00,748.00,832.00,867.00,948.00,967.00,996.00,1016.00
OH228,672.00,672.00,672.00,672.00,740.00,789.00,892.00,1013.00,1042.00,843.00,1013.00,1044.00,1105.00,1179.00,995.00,1035.00,1087.00,774.00,957.00,1054.00,1168.00,1217.00,1306.00,1332.00
OH229,655.00,655.00,655.00,655.00,713.00,753.00,828.00,918.00,943.00,792.00,917.00,945.00,1011.00,1127.00,902.00,937.00,982.00,742.00,874.00,953.00,1110.00,1188.00,1306.00,1332.00
OH230,590.00,590.00,590.00,590.00,640.00,671.00,716.00,793.00,843.00,694.00,793.00,848.00,943.00,1027.00,762.00,832.00,922.00,664.00,745.00,865.00,1015.00,1071.00,1156.00,1179.00
OH231,606.00,606.00,606.00,606.00,662.00,696.00,733.00,814.00,882.00,715.00,813.00,889.00,1000.00,1040.00,771.00,867.00,990.00,690.00,757.00,911.00,1035.00,1062.00,1103.00,1125.00
OH232,564.00,564.00,564.00,564.00,634.00,692.00,789.00,900.00,939.00,742.00,899.00,943.00,1006.00,1020.00,886.00,930.00,1002.00,678.00,850.00,956.00,1018.00,1027.00,1042.00,1063.00
OH233,463.00,463.00,463.00,463.00,530.00,578.00,649.00,767.00,799.00,602.00,767.00,802.00,852.00,865.00,747.00,792.00,849.00,573.00,711.00,812.00,863.00,872.00,936.00,955.00
OH382,467.00,467.00,467.00,467.00,540.00,584.00,639.00,732.00,795.00,612.00,732.00,801.00,906.00,956.00,693.00,781.00,894.00,576.00,673.00,822.00,949.00,982.00,1032.00,1053.00
OH446,499.00,499.00,499.00,499.00,549.00,580.00,625.00,681.00,697.00,603.00,680.00,699.00,741.00,785.00,670.00,694.00,731.00,573.00,653.00,705.00,778.00,810.00,860.00,877.00
OK235,474.00,474.00,474.00,474.00,552.00,609.00,640.00,673.00,677.00,625.00,672.00,677.00,716.00,762.00,670.00,676.00,707.00,605.00,659.00,678.00,753.00,796.00,861.00,878.00
OK236,490.00,490.00,490.00,490.00,544.00,575.00,598.00,658.00,715.00,587.00,657.00,720.00,810.00,831.00,622.00,702.00,805.00,571.00,613.00,739.00,828.00,842.00,864.00,881.00
OK237,519.00,519.00,519.00,519.00,587.00,627.00,678.00,748.00,779.00,654.00,747.00,782.00,835.00,861.00,728.00,772.00,829.00,620.00,709.00,793.00,858.00,875.00,901.00,919.00
OK239,517.00,517.00,517.00,517.00,588.00,634.00,707.00,792.00,810.00,672.00,792.00,812.00,850.00,898.00,781.00,806.00,838.00,623.00,754.00,818.00,891.00,923.00,972.00,991.00
OK240,528.00,528.00,528.00,528.00,596.00,637.00,692.00,777.00,825.00,666.00,776.00,829.00,903.00,917.00,747.00,814.00,900.00,629.00,727.00,845.00,914.00,936.00,972.00,992.00
OR091,688.00,688.00,688.00,688.00,732.00,762.00,825.00,910.00,945.00,795.00,910.00,949.00,1029.00,1139.00,888.00,937.00,1001.00,753.00,865.00,960.00,1124.00,1198.00,1311.00,1337.00
OR241,620.00,620.00,620.00,620.00,715.00,774.00,865.00,965.00,978.00,822.00,964.00,980.00,1006.00,1031.00,956.00,975.00,1000.00,761.00,922.00,984.00,1027.00,1044.00,1069.00,1090.00
OR242,507.00,507.00,507.00,507.00,590.00,639.00,693.00,759.00,778.00,667.00,759.00,780.00,827.00,901.00,747.00,774.00,809.00,631.00,727.00,787.00,890.00,939.00,1014.00,1034.00
OR243,732.00,732.00,732.00,732.00,793.00,841.00,962.00,1102.00,1132.00,904.00,1102.00,1134.00,1190.00,1238.00,1084.00,1125.00,1178.00,823.00,1039.00,1144.00,1231.00,1264.00,1313.00,1339.00
OR244,663.00,663.00,663.00,663.00,683.00,701.00,752.00,835.00,885.00,727.00,834.00,889.00,989.00,1090.00,803.00,873.00,964.00,693.00,784.00,906.00,1076.00,1144.00,1247.00,1272.00
OR245,599.00,599.00,599.00,599.00,666.00,709.00,779.00,870.00,905.00,745.00,870.00,909.00,988.00,1096.00,848.00,897.00,961.00,699.00,822.00,920.00,1081.00,1153.00,1264.00,1289.00
OR246,614.00,614.00,614.00,614.00,671.00,710.00,786.00,876.00,897.00,750.00,875.00,899.00,952.00,1036.00,862.00,892.00,931.00,699.00,834.00,906.00,1024.00,1080.00,1166.00,1189.00
OR373,475.00,475.00,475.00,475.00,554.00,606.00,698.00,810.00,841.00,653.00,809.00,844.00,914.00,1004.00,790.00,834.00,891.00,592.00,756.00,855.00,991.00,1051.00,1143.00,1166.00
PA247,656.00,656.00,656.00,656.00,731.00,778.00,851.00,943.00,971.00,816.00,942.00,973.00,1027.00,1076.00,925.00,964.00,1015.00,767.00,898.00,983.00,1068.00,1109.00,1172.00,1196.00
PA248,897.00,897.00,897.00,897.00,1022.00,1105.00,1252.00,1429.00,1476.00,1181.00,1429.00,1480.00,1556.00,1612.00,1400.00,1465.00,1550.00,1083.00,1345.00,1496.00,1599.00,1659.00,1751.00,1786.00
PA249,1021.00,1021.00,1021.00,1021.00,1147.00,1226.00,1339.00,1498.00,1570.00,1285.00,1497.00,1577.00,1703.00,1779.00,1453.00,1554.00,1684.00,1209.00,1411.00,1601.00,1768.00,1819.00,1897.00,1935.00
PA250,675.00,675.00,675.00,675.00,762.00,817.00,895.00,1015.00,1079.00,857.00,1014.00,1085.00,1183.00,1192.00,974.00,1064.00,1181.00,805.00,945.00,1107.00,1191.00,1197.00,1206.00,1230.00
PA251,671.00,671.00,671.00,671.00,747.00,806.00,845.00,928.00,997.00,826.00,927.00,1003.00,1109.00,1123.00,884.00,981.00,1106.00,800.00,870.00,1026.00,1121.00,1129.00,1143.00,1166.00
PA252,636.00,636.00,636.00,636.00,700.00,743.00,827.00,945.00,998.00,787.00,944.00,1003.00,1087.00,1108.00,911.00,986.00,1082.00,731.00,880.00,1021.00,1105.00,1119.00,1141.00,1164.00
PA253,541.00,541.00,541.00,541.00,599.00,634.00,684.00,773.00,791.00,660.00,773.00,793.00,850.00,879.00,762.00,787.00,843.00,627.00,731.00,803.00,875.00,894.00,924.00,942.00
PA254,563.00,563.00,563.00,563.00,607.00,642.00,739.00,883.00,959.00,692.00,882.00,966.00,1097.00,1170.00,835.00,942.00,1079.00,628.00,799.00,991.00,1159.00,1208.00,1282.00,1308.00
PA255,722.00,722.00,722.00,722.00,780.00,820.00,899.00,1010.00,1060.00,861.00,1010.00,1065.00,1141.00,1150.00,979.00,1049.00,1139.00,808.00,950.00,1082.00,1149.00,1154.00,1163.00,1186.00
PA383,460.00,460.00,460.00,460.00,499.00,540.00,581.00,676.00,709.00,557.00,675.00,712.00,774.00,825.00,655.00,701.00,761.00,535.00,628.00,723.00,817.00,851.00,903.00,921.00
RI256,947.00,947.00,947.00,947.00,1116.00,1208.00,1270.00,1475.00,1562.00,1240.00,1474.00,1570.00,1792.00,1927.00,1420.00,1542.00,1758.00,1199.00,1357.00,1605.00,1908.00,1998.00,2136.00,2179.00
RI257,967.00,967.00,967.00,967.00,1104.00,1204.00,1273.00,1378.00,1435.00,1240.00,1378.00,1443.00,1571.00,1643.00,1343.00,1422.00,1564.00,1194.00,1317.00,1470.00,1630.00,1693.00,1790.00,1826.00
SC258,820.00,820.00,820.00,820.00,894.00,936.00,974.00,1035.00,1070.00,956.00,1035.00,1073.00,1138.00,1188.00,1013.00,1062.00,1125.00,930.00,999.00,1085.00,1181.00,1215.00,1267.00,1292.00
SC259,753.00,753.00,753.00,753.00,873.00,932.00,935.00,999.00,1096.00,934.00,998.00,1105.00,1263.00,1318.00,938.00,1074.00,1249.00,932.00,937.00,1137.00,1310.00,1347.00,1403.00,1431.00
SC260,681.00,681.00,681.00,681.00,719.00,751.00,847.00,948.00,956.00,801.00,948.00,957.00,977.00,1009.00,943.00,954.00,969.00,737.00,907.00,960.00,1005.00,1028.00,1083.00,1105.00
SC261,629.00,629.00,629.00,629.00,691.00,729.00,784.00,847.00,861.00,757.00,847.00,863.00,921.00,968.00,838.00,858.00,909.00,721.00,818.00,867.00,961.00,992.00,1048.00,1069.00
SC262,822.00,822.00,822.00,822.00,898.00,944.00,1007.00,1074.00,1082.00,977.00,1074.00,1083.00,1122.00,1230.00,1069.00,1080.00,1095.00,935.00,1046.00,1086.00,1215.00,1287.00,1398.00,1426.00
SC263,644.00,644.00,644.00,644.00,682.00,713.00,764.00,867.00,945.00,737.00,866.00,953.00,1072.00,1083.00,818.00,928.00,1069.00,706.00,798.00,979.00,1082.00,1089.00,1101.00,1123.00
SC375,657.00,657.00,657.00,657.00,754.00,808.00,848.00,895.00,907.00,829.00,895.00,908.00,943.00,1009.00,888.00,905.00,926.00,802.00,873.00,912.00,1000.00,1044.00,1112.00,1134.00
SD264,575.00,575.00,575.00,575.00,636.00,676.00,752.00,873.00,903.00,716.00,873.00,907.00,982.00,1011.00,860.00,892.00,975.00,665.00,817.00,922.00,1007.00,1026.00,1055.00,1076.00
SD265,586.00,586.00,586.00,586.00,665.00,708.00,739.00,812.00,878.00,724.00,811.00,884.00,988.00,1017.00,771.00,863.00,981.00,703.00,759.00,906.00,1013.00,1032.00,1062.00,1083.00
TN266,617.00,617.00,617.00,617.00,688.00,727.00,760.00,801.00,812.00,744.00,801.00,813.00,844.00,899.00,794.00,810.00,832.00,722.00,782.00,817.00,891.00,928.00,984.00,1004.00
TN267,609.00,609.00,609.00,609.00,686.00,734.00,811.00,912.00,952.00,774.00,912.00,956.00,1028.00,1077.00,887.00,943.00,1016.00,723.00,859.00,970.00,1070.00,1102.00,1152.00,1175.00
TN268,689.00,689.00,689.00,689.00,771.00,825.00,866.00,941.00,979.00,846.00,940.00,983.00,1053.00,1107.00,917.00,970.00,1039.00,819.00,896.00,995.00,1099.00,1135.00,1191.00,1215.00
TN269,707.00,707.00,707.00,707.00,794.00,848.00,923.00,1025.00,1070.00,887.00,1025.00,1074.00,1159.00,1230.00,997.00,1060.00,1141.00,837.00,969.00,1089.00,1220.00,1268.00,1341.00,1368.00
TN353,445.00,445.00,445.00,445.00,520.00,569.00,624.00,709.00,756.00,598.00,708.00,761.00,838.00,868.00,679.00,745.00,831.00,561.00,659.00,776.00,863.00,883.00,913.00,931.00
TN354,474.00,474.00,474.00,474.00,522.00,555.00,625.00,710.00,736.00,591.00,710.00,739.00,788.00,831.00,694.00,730.00,777.00,545.00,668.00,747.00,825.00,854.00,899.00,917.00
TN449,514.00,514.00,514.00,514.00,546.00,580.00,652.00,755.00,792.00,614.00,754.00,796.00,864.00,910.00,731.00,784.00,852.00,573.00,702.00,809.00,903.00,935.00,982.00,1002.00
TX270,601.00,601.00,601.00,601.00,661.00,699.00,761.00,850.00,895.00,731.00,850.00,899.00,972.00,1001.00,822.00,884.00,965.00,690.00,799.00,914.00,997.00,1016.00,1045.00,1066.00
TX271,553.00,553.00,553.00,553.00,607.00,648.00,744.00,873.00,926.00,698.00,873.00,931.00,1021.00,1066.00,840.00,914.00,1009.00,634.00,804.00,948.00,1060.00,1090.00,1137.00,1160.00
TX272,679.00,679.00,679.00,679.00,783.00,839.00,901.00,988.00,1016.00,868.00,988.00,1019.00,1089.00,1204.00,971.00,1010.00,1060.00,833.00,945.00,1028.00,1187.00,1264.00,1381.00,1409.00
TX273,651.00,651.00,651.00,651.00,730.00,778.00,841.00,924.00,958.00,811.00,924.00,961.00,1027.00,1091.00,903.00,950.00,1011.00,769.00,880.00,972.00,1082.00,1125.00,1191.00,1215.00
TX274,590.00,590.00,590.00,590.00,689.00,742.00,775.00,852.00,937.00,759.00,851.00,946.00,1099.00,1146.00,809.00,916.00,1087.00,737.00,796.00,978.00,1140.00,1171.00,1220.00,1244.00
TX275,636.00,636.00,636.00,636.00,709.00,761.00,877.00,1044.00,1126.00,821.00,1043.00,1134.00,1256.00,1259.00,993.00,1107.00,1255.00,744.00,950.00,1161.00,1259.00,1261.00,1265.00,1290.00
TX276,518.00,518.00,518.00,518.00,582.00,632.00,759.00,906.00,937.00,698.00,906.00,940.00,995.00,1030.00,887.00,930.00,986.00,613.00,840.00,950.00,1025.00,1049.00,1085.00,1107.00
TX277,750.00,750.00,750.00,750.00,819.00,856.00,882.00,1009.00,1072.00,869.00,1009.00,1078.00,1190.00,1263.00,970.00,1058.00,1171.00,853.00,937.00,1099.00,1253.00,1302.00,1377.00,1405.00
TX278,502.00,502.00,502.00,502.00,558.00,591.00,629.00,731.00,800.00,610.00,730.00,806.00,918.00,956.00,687.00,784.00,909.00,585.00,663.00,829.00,951.00,976.00,1014.00,1034.00
TX279,615.00,615.00,615.00,615.00,669.00,708.00,790.00,888.00,916.00,750.00,888.00,918.00,970.00,1012.00,871.00,909.00,959.00,696.00,841.00,927.00,1006.00,1034.00,1077.00,1099.00
TX281,542.00,542.00,542.00,542.00,623.00,670.00,720.00,805.00,898.00,696.00,804.00,907.00,1069.00,1164.00,770.00,877.00,1045.00,663.00,752.00,938.00,1151.00,1215.00,1312.00,1339.00
TX282,775.00,775.00,775.00,775.00,927.00,1011.00,1075.00,1193.00,1280.00,1044.00,1192.00,1288.00,1442.00,1545.00,1139.00,1260.00,1416.00,1001.00,1115.00,1316.00,1530.00,1599.00,1704.00,1738.00
TX283,612.00,612.00,612.00,612.00,717.00,780.00,858.00,977.00,1040.00,820.00,976.00,1046.00,1143.00,1156.00,937.00,1026.00,1140.00,768.00,908.00,1067.00,1154.00,1163.00,1176.00,1200.00
TX284,528.00,528.00,528.00,528.00,626.00,688.00,783.00,891.00,912.00,737.00,891.00,915.00,956.00,995.00,878.00,908.00,946.00,674.00,843.00,922.00,989.00,1015.00,1055.00,1076.00
TX285,640.00,640.00,640.00,640.00,754.00,821.00,896.00,994.00,1030.00,860.00,994.00,1034.00,1102.00,1157.00,971.00,1022.00,1088.00,810.00,943.00,1046.00,1149.00,1186.00,1242.00,1267.00
TX286,624.00,624.00,624.00,624.00,682.00,719.00,779.00,860.00,891.00,750.00,859.00,894.00,953.00,999.00,840.00,884.00,941.00,710.00,818.00,905.00,992.00,1024.00,1071.00,1092.00
TX288,617.00,617.00,617.00,617.00,678.00,720.00,800.00,896.00,921.00,761.00,896.00,923.00,977.00,1040.00,880.00,915.00,961.00,708.00,850.00,932.00,1031.00,1073.00,1138.00,1161.00
TX356,658.00,658.00,658.00,658.00,763.00,839.00,898.00,1003.00,1030.00,870.00,1003.00,1033.00,1092.00,1169.00,986.00,1024.00,1073.00,830.00,952.00,1042.00,1158.00,1209.00,1288.00,1314.00
TX387,623.00,623.00,623.00,623.00,691.00,732.00,785.00,892.00,979.00,759.00,891.00,987.00,1116.00,1119.00,838.00,959.00,1115.00,724.00,818.00,1015.00,1118.00,1120.00,1123.00,1145.00
TX415,630.00,630.00,630.00,630.00,712.00,761.00,821.00,909.00,952.00,792.00,909.00,956.00,1031.00,1072.00,882.00,942.00,1020.00,752.00,860.00,970.00,1066.00,1094.00,1137.00,1160.00
UT291,594.00,594.00,594.00,594.00,615.00,634.00,698.00,792.00,840.00,668.00,791.00,844.00,925.00,967.00,762.00,829.00,915.00,625.00,738.00,860.00,961.00,989.00,1031.00,1052.00
UT292,616.00,616.00,616.00,616.00,665.00,701.00,779.00,891.00,943.00,741.00,890.00,948.00,1031.00,1054.00,858.00,931.00,1025.00,689.00,829.00,965.00,1051.00,1067.00,1091.00,1113.00
UT357,611.00,611.00,611.00,611.00,672.00,707.00,750.00,815.00,850.00,730.00,815.00,854.00,917.00,962.00,793.00,842.00,906.00,701.00,777.00,865.00,956.00,985.00,1031.00,1052.00
VA295,869.00,869.00,869.00,869.00,911.00,944.00,1033.00,1132.00,1150.00,990.00,1132.00,1152.00,1206.00,1315.00,1121.00,1146.00,1190.00,931.00,1088.00,1158.00,1300.00,1373.00,1484.00,1514.00
VA296,891.00,891.00,891.00,891.00,985.00,1048.00,1165.00,1311.00,1358.00,1109.00,1310.00,1362.00,1461.00,1576.00,1281.00,1347.00,1432.00,1031.00,1238.00,1378.00,1560.00,1637.00,1755.00,1790.00
VA297,759.00,759.00,759.00,759.00,828.00,868.00,914.00,969.00,983.00,892.00,969.00,984.00,1027.00,1112.00,960.00,980.00,1005.00,861.00,943.00,989.00,1100.00,1157.00,1245.00,1270.00
VA298,874.00,874.00,874.00,874.00,931.00,969.00,1036.00,1125.00,1159.00,1004.00,1124.00,1162.00,1224.00,1267.00,1103.00,1151.00,1213.00,959.00,1078.00,1173.00,1261.00,1290.00,1334.00,1361.00
VA300,681.00,681.00,681.00,681.00,714.00,733.00,756.00,785.00,794.00,745.00,785.00,795.00,826.00,893.00,779.00,792.00,809.00,730.00,771.00,798.00,883.00,928.00,996.00,1016.00
VA301,718.00,718.00,718.00,718.00,791.00,836.00,896.00,975.00,1003.00,867.00,975.00,1006.00,1072.00,1169.00,957.00,997.00,1048.00,827.00,935.00,1015.00,1155.00,1220.00,1319.00,1345.00
VA302,916.00,916.00,916.00,916.00,1027.00,1090.00,1280.00,1474.00,1482.00,1188.00,1474.00,1482.00,1511.00,1580.00,1469.00,1480.00,1494.00,1082.00,1399.00,1485.00,1570.00,1616.00,1686.00,1720.00
VA303,562.00,562.00,562.00,562.00,662.00,721.00,796.00,894.00,933.00,760.00,894.00,937.00,1006.00,1053.00,870.00,924.00,994.00,710.00,842.00,949.00,1046.00,1078.00,1126.00,1149.00
VA362,582.00,582.00,582.00,582.00,646.00,683.00,726.00,827.00,852.00,705.00,827.00,854.00,918.00,999.00,811.00,846.00,898.00,677.00,777.00,863.00,987.00,1041.00,1123.00,1146.00
VA368,752.00,752.00,752.00,752.00,812.00,851.00,927.00,1069.00,1120.00,882.00,1068.00,1125.00,1206.00,1252.00,1036.00,1109.00,1202.00,842.00,996.00,1142.00,1241.00,1290.00,1365.00,1393.00
VT305,813.00,813.00,813.00,813.00,925.00,1004.00,1176.00,1397.00,1476.00,1093.00,1396.00,1483.00,1618.00,1683.00,1347.00,1458.00,1601.00,979.00,1284.00,1510.00,1674.00,1718.00,1785.00,1821.00
WA306,724.00,724.00,724.00,724.00,791.00,830.00,867.00,939.00,993.00,849.00,938.00,999.00,1103.00,1193.00,904.00,981.00,1080.00,824.00,890.00,1017.00,1180.00,1241.00,1333.00,1360.00
WA307,822.00,822.00,822.00,822.00,882.00,921.00,988.00,1095.00,1158.00,956.00,1094.00,1164.00,1272.00,1325.00,1055.00,1144.00,1258.00,911.00,1030.00,1185.00,1318.00,1354.00,1409.00,1437.00
WA308,601.00,601.00,601.00,601.00,712.00,773.00,822.00,898.00,942.00,799.00,898.00,946.00,1037.00,1138.00,871.00,932.00,1011.00,766.00,853.00,961.00,1123.00,1191.00,1295.00,1321.00
WA309,931.00,931.00,931.00,931.00,988.00,1030.00,1125.00,1264.00,1335.00,1079.00,1264.00,1341.00,1459.00,1509.00,1220.00,1319.00,1446.00,1016.00,1185.00,1365.00,1501.00,1546.00,1666.00,1700.00
WA310,567.00,567.00,567.00,567.00,658.00,708.00,745.00,807.00,844.00,727.00,806.00,848.00,918.00,975.00,783.00,836.00,904.00,702.00,769.00,861.00,967.00,1004.00,1062.00,1083.00
WA311,750.00,750.00,750.00,750.00,831.00,884.00,982.00,1117.00,1176.00,935.00,1116.00,1182.00,1291.00,1368.00,1079.00,1163.00,1271.00,870.00,1043.00,1202.00,1357.00,1409.00,1489.00,1519.00
WA312,648.00,648.00,648.00,648.00,735.00,788.00,866.00,984.00,1049.00,829.00,983.00,1055.00,1168.00,1231.00,943.00,1034.00,1152.00,777.00,914.00,1077.00,1222.00,1264.00,1329.00,1356.00
WA313,594.00,594.00,594.00,594.00,644.00,688.00,815.00,962.00,995.00,754.00,962.00,998.00,1054.00,1085.00,942.00,987.00,1046.00,669.00,895.00,1009.00,1080.00,1101.00,1133.00,1156.00
WA315,513.00,513.00,513.00,513.00,597.00,645.00,692.00,789.00,826.00,669.00,789.00,829.00,888.00,901.00,766.00,817.00,884.00,638.00,735.00,842.00,899.00,908.00,939.00,958.00
WI316,673.00,673.00,673.00,673.00,777.00,836.00,896.00,981.00,1018.00,867.00,980.00,1022.00,1103.00,1203.00,957.00,1010.00,1082.00,827.00,935.00,1035.00,1189.00,1256.00,1358.00,1385.00
WI317,775.00,775.00,775.00,775.00,850.00,903.00,977.00,1098.00,1102.00,942.00,1097.00,1102.00,1136.00,1246.00,1095.00,1101.00,1108.00,892.00,1048.00,1103.00,1231.00,1305.00,1418.00,1446.00
WI318,492.00,492.00,492.00,492.00,546.00,586.00,682.00,796.00,826.00,636.00,796.00,829.00,880.00,903.00,777.00,819.00,874.00,572.00,742.00,839.00,900.00,915.00,939.00,958.00
WI319,493.00,493.00,493.00,493.00,537.00,571.00,659.00,795.00,871.00,617.00,794.00,878.00,997.00,1023.00,747.00,854.00,991.00,558.00,714.00,903.00,1020.00,1037.00,1063.00,1084.00
WI358,527.00,527.00,527.00,527.00,614.00,680.00,726.00,806.00,859.00,704.00,806.00,864.00,982.00,1004.00,773.00,847.00,977.00,673.00,756.00,885.00,1001.00,1015.00,1037.00,1058.00
WI359,498.00,498.00,498.00,498.00,542.00,576.00,666.00,772.00,800.00,623.00,772.00,803.00,865.00,947.00,755.00,794.00,844.00,563.00,722.00,812.00,935.00,991.00,1075.00,1096.00
WI412,523.00,523.00,523.00,523.00,581.00,620.00,684.00,767.00,804.00,653.00,767.00,808.00,865.00,891.00,749.00,796.00,863.00,610.00,725.00,820.00,885.00,912.00,954.00,973.00
WI453,470.00,470.00,470.00,470.00,520.00,557.00,643.00,764.00,819.00,601.00,763.00,825.00,913.00,939.00,729.00,807.00,907.00,544.00,697.00,843.00,935.00,952.00,978.00,998.00
WV320,525.00,525.00,525.00,525.00,606.00,664.00,788.00,940.00,985.00,728.00,939.00,989.00,1063.00,1088.00,911.00,975.00,1057.00,646.00,865.00,1005.00,1084.00,1101.00,1126.00,1149.00
WV322,499.00,499.00,499.00,499.00,577.00,626.00,689.00,785.00,834.00,658.00,784.00,838.00,914.00,926.00,754.00,823.00,911.00,623.00,730.00,855.00,924.00,933.00,952.00,971.00
WV323,520.00,520.00,520.00,520.00,583.00,622.00,676.00,735.00,743.00,650.00,735.00,744.00,769.00,819.00,730.00,741.00,756.00,614.00,710.00,747.00,812.00,846.00,898.00,916.00
WV360,530.00,530.00,530.00,530.00,586.00,620.00,660.00,715.00,738.00,641.00,714.00,740.00,787.00,834.00,700.00,733.00,775.00,614.00,685.00,748.00,828.00,859.00,908.00,926.00
WV454,596.00,596.00,596.00,596.00,652.00,690.00,755.00,831.00,848.00,724.00,831.00,849.00,896.00,983.00,821.00,844.00,874.00,680.00,797.00,855.00,970.00,1028.00,1117.00,1139.00
WV455,534.00,534.00,534.00,534.00,559.00,579.00,633.00,709.00,744.00,607.00,709.00,748.00,814.00,867.00,687.00,736.00,800.00,571.00,667.00,759.00,859.00,895.00,949.00,968.00
WV456,413.00,413.00,413.00,413.00,500.00,552.00,617.00,704.00,739.00,585.00,704.00,742.00,807.00,861.00,682.00,731.00,794.00,542.00,658.00,754.00,853.00,889.00,944.00,963.00
WY324,529.00,529.00,529.00,529.00,620.00,685.00,816.00,967.00,997.00,753.00,966.00,1000.00,1063.00,1136.00,948.00,990.00,1044.00,665.00,899.00,1010.00,1126.00,1175.00,1250.00,1275.00
ZZ510,435.00,435.00,435.00,435.00,475.00,501.00,542.00,599.00,626.00,522.00,599.00,628.00,676.00,707.00,582.00,620.00,668.00,495.00,567.00,637.00,703.00,724.00,756.00,771.00
ZZ520,449.00,449.00,449.00,449.00,492.00,519.00,561.00,622.00,649.00,541.00,621.00,652.00,702.00,735.00,604.00,643.00,693.00,513.00,588.00,661.00,730.00,752.00,786.00,802.00
ZZ530,463.00,463.00,463.00,463.00,508.00,536.00,581.00,644.00,673.00,560.00,644.00,676.00,727.00,762.00,626.00,666.00,718.00,530.00,609.00,685.00,757.00,780.00,816.00,833.00
ZZ540,477.00,477.00,477.00,477.00,524.00,554.00,601.00,666.00,696.00,578.00,666.00,699.00,753.00,789.00,648.00,689.00,744.00,547.00,630.00,709.00,784.00,809.00,846.00,863.00
ZZ550,491.00,491.00,491.00,491.00,541.00,572.00,621.00,689.00,720.00,597.00,688.00,723.00,778.00,817.00,669.00,713.00,769.00,565.00,651.00,733.00,811.00,837.00,876.00,894.00
ZZ560,506.00,506.00,506.00,506.00,557.00,589.00,640.00,711.00,743.00,616.00,711.00,746.00,804.00,844.00,691.00,736.00,794.00,582.00,672.00,757.00,838.00,865.00,906.00,924.00
ZZ570,520.00,520.00,520.00,520.00,573.00,607.00,660.00,734.00,767.00,634.00,733.00,770.00,830.00,871.00,713.00,759.00,819.00,599.00,693.00,781.00,865.00,893.00,936.00,955.00
ZZ580,534.00,534.00,534.00,534.00,589.00,625.00,680.00,756.00,790.00,653.00,756.00,793.00,855.00,899.00,735.00,782.00,844.00,617.00,714.00,805.00,892.00,922.00,966.00,985.00
ZZ590,548.00,548.00,548.00,548.00,606.00,642.00,699.00,778.00,814.00,672.00,778.00,817.00,881.00,926.00,756.00,806.00,869.00,634.00,735.00,829.00,920.00,950.00,996.00,1016.00
ZZ600,562.00,562.00,562.00,562.00,622.00,660.00,719.00,801.00,837.00,691.00,800.00,841.00,906.00,953.00,778.00,829.00,895.00,651.00,756.00,853.00,947.00,978.00,1026.00,1046.00
ZZ610,576.00,576.00,576.00,576.00,638.00,678.00,739.00,823.00,861.00,709.00,823.00,864.00,932.00,981.00,800.00,852.00,920.00,669.00,777.00,877.00,974.00,1006.00,1056.00,1077.00
ZZ620,590.00,590.00,590.00,590.00,655.00,695.00,758.00,846.00,884.00,728.00,845.00,888.00,958.00,1008.00,821.00,875.00,945.00,686.00,798.00,901.00,1001.00,1034.00,1086.00,1108.00
ZZ630,604.00,604.00,604.00,604.00,671.00,713.00,778.00,868.00,908.00,747.00,868.00,911.00,983.00,1035.00,843.00,899.00,970.00,703.00,819.00,925.00,1028.00,1063.00,1116.00,1138.00
ZZ640,618.00,618.00,618.00,618.00,687.00,731.00,798.00,891.00,931.00,765.00,890.00,935.00,1009.00,1062.00,865.00,922.00,995.00,721.00,840.00,948.00,1055.00,1091.00,1146.00,1169.00
ZZ650,632.00,632.00,632.00,632.00,703.00,748.00,817.00,913.00,955.00,784.00,912.00,959.00,1034.00,1090.00,887.00,945.00,1020.00,738.00,861.00,972.00,1082.00,1119.00,1176.00,1199.00
ZZ660,647.00,647.00,647.00,647.00,720.00,766.00,837.00,935.00,978.00,803.00,935.00,982.00,1060.00,1117.00,908.00,968.00,1046.00,755.00,882.00,996.00,1109.00,1147.00,1206.00,1230.00
ZZ670,661.00,661.00,661.00,661.00,736.00,783.00,857.00,958.00,1002.00,822.00,957.00,1006.00,1086.00,1144.00,930.00,992.00,1071.00,773.00,903.00,1020.00,1136.00,1175.00,1236.00,1260.00
ZZ680,675.00,675.00,675.00,675.00,752.00,801.00,877.00,980.00,1025.00,840.00,980.00,1029.00,1111.00,1172.00,952.00,1015.00,1096.00,790.00,924.00,1044.00,1163.00,1204.00,1266.00,1291.00
ZZ690,689.00,689.00,689.00,689.00,768.00,819.00,896.00,1003.00,1049.00,859.00,1002.00,1053.00,1137.00,1199.00,974.00,1038.00,1121.00,807.00,945.00,1068.00,1190.00,1232.00,1296.00,1321.00
ZZ700,703.00,703.00,703.00,703.00,785.00,836.00,916.00,1025.00,1072.00,878.00,1025.00,1076.00,1162.00,1226.00,995.00,1061.00,1146.00,825.00,966.00,1092.00,1217.00,1260.00,1325.00,1352.00
ZZ710,717.00,717.00,717.00,717.00,801.00,854.00,936.00,1047.00,1096.00,896.00,1047.00,1100.00,1188.00,1254.00,1017.00,1085.00,1172.00,842.00,987.00,1116.00,1244.00,1288.00,1355.00,1383.00
ZZ720,731.00,731.00,731.00,731.00,817.00,872.00,955.00,1070.00,1119.00,915.00,1069.00,1124.00,1214.00,1281.00,1039.00,1108.00,1197.00,859.00,1008.00,1140.00,1271.00,1317.00,1385.00,1413.00
ZZ730,745.00,745.00,745.00,745.00,834.00,889.00,975.00,1092.00,1142.00,934.00,1092.00,1147.00,1239.00,1308.00,1061.00,1131.00,1222.00,877.00,1029.00,1164.00,1299.00,1345.00,1415.00,1444.00
ZZ740,759.00,759.00,759.00,759.00,850.00,907.00,995.00,1115.00,1166.00,952.00,1114.00,1171.00,1265.00,1336.00,1082.00,1154.00,1247.00,894.00,1050.00,1188.00,1326.00,1373.00,1445.00,1474.00
ZZ750,774.00,774.00,774.00,774.00,866.00,925.00,1014.00,1137.00,1189.00,971.00,1137.00,1194.00,1291.00,1363.00,1104.00,1178.00,1272.00,911.00,1071.00,1212.00,1353.00,1401.00,1475.00,1505.00
ZZ760,788.00,788.00,788.00,788.00,882.00,942.00,1034.00,1160.00,1213.00,990.00,1159.00,1218.00,1316.00,1390.00,1126.00,1201.00,1297.00,929.00,1092.00,1236.00,1380.00,1429.00,1505.00,1535.00
ZZ770,802.00,802.00,802.00,802.00,899.00,960.00,1054.00,1182.00,1236.00,1009.00,1181.00,1242.00,1342.00,1418.00,1148.00,1224.00,1323.00,946.00,1113.00,1260.00,1407.00,1458.00,1535.00,1566.00
ZZ780,816.00,816.00,816.00,816.00,915.00,978.00,1073.00,1204.00,1260.00,1027.00,1204.00,1265.00,1367.00,1445.00,1169.00,1247.00,1348.00,963.00,1134.00,1284.00,1434.00,1486.00,1565.00,1596.00
ZZ790,830.00,830.00,830.00,830.00,931.00,995.00,1093.00,1227.00,1283.00,1046.00,1226.00,1289.00,1393.00,1472.00,1191.00,1271.00,1373.00,981.00,1155.00,1308.00,1461.00,1514.00,1595.00,1627.00
ZZ800,844.00,844.00,844.00,844.00,948.00,1013.00,1113.00,1249.00,1307.00,1065.00,1249.00,1312.00,1419.00,1499.00,1213.00,1294.00,1398.00,998.00,1176.00,1332.00,1488.00,1542.00,1625.00,1658.00
ZZ810,858.00,858.00,858.00,858.00,964.00,1030.00,1133.00,1272.00,1330.00,1083.00,1271.00,1336.00,1444.00,1527.00,1235.00,1317.00,1423.00,1015.00,1197.00,1356.00,1515.00,1570.00,1655.00,1688.00
ZZ820,872.00,872.00,872.00,872.00,980.00,1048.00,1152.00,1294.00,1354.00,1102.00,1293.00,1360.00,1470.00,1554.00,1256.00,1340.00,1449.00,1033.00,1218.00,1379.00,1542.00,1599.00,1685.00,1719.00
ZZ830,886.00,886.00,886.00,886.00,996.00,1066.00,1172.00,1316.00,1377.00,1121.00,1316.00,1383.00,1495.00,1581.00,1278.00,1364.00,1474.00,1050.00,1239.00,1403.00,1569.00,1627.00,1715.00,1749.00
ZZ840,901.00,901.00,901.00,901.00,1013.00,1083.00,1192.00,1339.00,1401.00,1139.00,1338.00,1407.00,1521.00,1609.00,1300.00,1387.00,1499.00,1067.00,1260.00,1427.00,1596.00,1655.00,1745.00,1780.00
ZZ850,915.00,915.00,915.00,915.00,1029.00,1101.00,1211.00,1361.00,1424.00,1158.00,1361.00,1430.00,1547.00,1636.00,1322.00,1410.00,1524.00,1085.00,1281.00,1451.00,1623.00,1683.00,1775.00,1810.00
ZZ860,929.00,929.00,929.00,929.00,1045.00,1119.00,1231.00,1384.00,1448.00,1177.00,1383.00,1454.00,1572.00,1663.00,1343.00,1433.00,1549.00,1102.00,1302.00,1475.00,1650.00,1711.00,1805.00,1841.00
ZZ870,943.00,943.00,943.00,943.00,1062.00,1136.00,1251.00,1406.00,1471.00,1196.00,1405.00,1477.00,1598.00,1691.00,1365.00,1457.00,1574.00,1119.00,1323.00,1499.00,1678.00,1740.00,1835.00,1871.00
ZZ880,957.00,957.00,957.00,957.00,1078.00,1154.00,1270.00,1429.00,1495.00,1214.00,1428.00,1501.00,1623.00,1718.00,1387.00,1480.00,1600.00,1137.00,1344.00,1523.00,1705.00,1768.00,1865.00,1902.00
ZZ890,971.00,971.00,971.00,971.00,1094.00,1172.00,1290.00,1451.00,1518.00,1233.00,1450.00,1525.00,1649.00,1745.00,1409.00,1503.00,1625.00,1154.00,1365.00,1547.00,1732.00,1796.00,1895.00,1933.00
