AK400,573,607,701,702,772,791,859,969,1014,906,1007,1072,1206,1284,922,1023,1144,837,939,1112,1254,1291,1318,1361,,,166
AK401,613,613,698,718,805,820,922,1056,1085,931,1028,1115,1284,1363,953,1081,1210,827,975,1171,1309,1353,1369,1390,,,276
AK402,714,714,714,714,782,816,903,1043,1071,924,1026,1115,1296,1375,948,1076,1208,829,978,1175,1309,1349,1373,1418,,,182
AK403,662,666,778,783,861,917,976,1129,1164,967,1057,1151,1328,1408,984,1116,1253,887,1009,1218,1343,1365,1389,1433,,,705
AK404,500,500,542,549,650,699,766,900,950,734,858,956,1115,1219,794,930,1053,645,797,1004,1174,1183,1232,1286,,,6304
AK405,478,478,506,533,630,672,736,843,908,723,818,906,1074,1148,755,877,982,599,744,1004,1073,1117,1142,1172,,,2787
AL001,278,278,306,310,351,377,418,493,532,404,489,543,634,705,457,528,611,382,456,569,695,746,786,863,,,1323
AL002,294,294,301,306,348,374,410,474,497,398,470,499,559,634,443,494,534,380,444,503,623,674,696,752,,,2750
AL003,353,353,353,353,364,392,427,491,529,435,487,540,629,667,460,526,606,397,461,566,664,728,789,899,,,992
AL004,378,378,378,378,397,425,464,540,575,474,549,578,669,742,475,558,647,415,488,597,718,788,819,923,,,903
AL005,364,364,364,364,384,428,462,547,576,454,519,574,668,695,463,563,611,427,486,589,692,708,732,862,,,4729
AL006,325,325,325,325,367,398,450,521,550,431,507,561,660,732,476,547,628,402,475,587,712,762,792,890,,,161
AL007,363,363,363,363,389,420,441,545,582,541,592,653,766,837,535,642,709,446,542,686,785,866,909,968,,,743
AL008,325,325,354,360,428,452,494,572,616,532,562,614,680,736,515,607,670,439,518,631,712,741,780,858,,,99
AR010,360,360,360,360,368,397,442,551,576,471,517,588,671,703,469,551,637,393,480,572,699,729,780,870,,,3668
AR011,315,315,315,315,352,383,423,464,468,427,464,469,579,654,442,467,534,384,444,493,623,674,696,864,,,53
AR012,288,288,303,308,353,381,420,491,537,431,486,553,644,694,456,526,609,386,456,567,689,736,817,884,,,387
AR419,292,292,301,305,350,379,421,498,539,412,494,550,643,717,461,535,620,383,459,577,707,756,782,876,,,49
AZ013,448,448,448,448,495,541,594,683,711,612,686,762,877,957,602,703,846,510,620,794,962,964,994,1042,,,6270
AZ014,344,344,344,345,391,447,505,598,644,465,545,589,695,766,473,543,629,405,475,582,729,815,870,907,,,2446
AZ015,402,402,402,409,479,522,562,654,692,567,646,699,833,914,561,644,767,484,580,724,861,967,1010,1027,,,5366
AZ016,377,377,397,397,464,496,546,636,688,615,669,732,860,918,595,694,778,526,600,758,914,960,986,1012,,,1777
CA018,595,595,598,602,661,716,786,899,924,814,904,975,1159,1236,838,945,1086,728,842,1019,1200,1254,1286,1369,,,2071
CA019,736,736,738,738,793,825,932,1039,1107,1044,1188,1279,1494,1579,1066,1206,1367,931,1095,1307,1505,1556,1635,1784,,,447
CA021,337,337,337,337,343,383,437,518,560,417,481,541,617,692,455,530,572,375,449,548,650,738,779,865,,,406
CA022,388,388,390,392,431,466,527,617,652,523,630,654,764,839,577,647,704,478,571,661,812,870,864,944,,,292
CA023,359,359,371,367,409,462,500,593,658,491,595,659,746,813,521,612,709,416,520,662,804,833,872,958,,,2316
CA024,499,500,501,501,533,583,645,720,774,664,748,807,920,996,673,725,851,570,642,771,927,1005,1049,1110,,,14611
CA025,558,558,558,558,627,679,715,824,937,712,804,871,1028,1098,713,804,939,649,752,886,1016,1081,1206,1233,,,3194
CA026,573,573,573,573,580,585,599,727,791,589,655,730,842,919,597,666,783,584,595,727,886,922,960,991,,,1336
CA027,578,578,578,578,620,653,733,833,892,757,854,941,1139,1223,789,901,1053,681,810,965,1142,1147,1173,1252,,,717
CA028,407,407,407,407,418,436,488,569,679,471,494,588,663,738,469,541,615,422,458,563,649,763,846,903,,,1124
CA030,411,411,411,411,434,475,542,638,732,490,563,624,741,778,510,578,693,427,521,599,747,792,905,990,,,1522
CA031,424,424,424,424,464,530,579,680,759,545,597,679,770,845,556,631,735,461,551,654,782,844,902,921,,,475
CA032,366,366,366,366,397,412,414,461,551,413,461,491,588,663,441,483,534,412,442,500,623,674,713,823,,,3118
CA033,349,349,349,377,407,459,546,580,646,487,549,625,767,849,501,580,715,414,501,649,804,812,839,892,,,1542
CA034,459,459,459,459,471,514,551,642,688,543,604,670,782,839,555,631,750,471,552,711,831,870,905,940,,,1969
CA035,399,399,399,399,440,488,551,619,649,534,598,635,779,854,553,629,694,463,563,640,762,811,887,902,,,245
CA036,502,502,502,502,558,593,637,702,753,624,682,752,850,925,630,715,828,578,652,773,908,930,952,967,,,5057
CA037,602,602,604,604,628,682,762,907,984,841,969,1030,1209,1290,860,937,1135,725,840,1020,1220,1283,1389,1413,,,7235
CA038,496,496,496,496,538,603,659,745,827,736,812,878,1093,1168,755,836,945,622,741,875,1051,1137,1217,1285,,,40527
CA039,558,558,558,558,599,676,710,804,888,774,811,915,1106,1191,753,864,1039,672,764,896,1113,1199,1243,1257,,,1744
CA040,354,354,354,354,411,459,519,589,688,514,540,611,765,840,523,555,690,430,528,605,783,867,962,968,,,126
CA041,444,444,447,453,514,561,599,699,806,594,649,736,908,989,600,679,793,515,601,702,901,967,1025,1061,,,1396
CA042,377,377,377,377,416,459,514,604,655,526,590,663,775,857,532,623,727,448,542,673,823,876,892,922,,,210
CA044,740,740,740,740,830,845,929,1039,1102,1015,1103,1198,1403,1477,1031,1149,1330,926,1062,1233,1399,1467,1494,1516,,,1629
CA392,533,533,533,533,553,603,656,751,793,667,760,849,1002,1089,683,789,931,580,690,857,1046,1109,1142,1250,,,103
CA393,444,444,444,444,461,508,559,636,696,565,641,702,813,890,578,653,750,496,589,717,839,890,905,934,,,82
CA420,377,377,377,377,408,444,490,557,583,492,552,602,673,748,504,574,633,429,503,609,687,746,766,887,,,136
CA421,443,443,443,443,462,506,557,642,670,559,644,718,797,854,584,669,766,491,582,721,833,889,966,1038,,,32
CA457,407,407,407,407,431,471,536,626,722,485,551,616,726,778,501,569,689,424,513,591,758,808,905,993,,,333
CO045,428,428,445,459,518,565,634,745,783,683,758,827,916,992,680,767,918,590,695,862,983,1051,1059,1084,,,3159
CO046,408,408,408,417,467,505,563,656,694,611,711,753,828,904,607,662,813,530,624,767,914,920,978,995,,,19279
CO047,438,438,438,438,509,535,606,686,724,633,678,746,847,929,619,709,827,558,654,771,929,970,997,1003,,,191
CO422,513,513,513,513,578,632,691,793,832,701,798,883,1029,1109,718,829,960,606,724,890,1069,1126,1161,1262,,,199
CT049,515,515,515,515,527,565,634,729,783,656,710,763,896,941,619,710,834,549,642,760,883,970,982,1009,,,4190
CT050,480,480,480,491,511,644,664,795,868,760,834,902,1071,1145,731,841,993,634,755,908,1081,1138,1196,1247,,,406
CT051,527,527,527,527,537,570,641,784,857,767,841,923,1096,1178,737,859,1019,634,777,933,1120,1175,1224,1263,,,378
DC053,618,618,618,618,636,677,748,862,890,829,952,1002,1070,1151,872,958,1066,745,829,1005,1172,1201,1228,1245,,,44308
DE054,474,474,474,474,482,497,595,671,722,577,639,712,788,861,594,669,751,494,583,709,849,887,919,962,,,2387
DE055,397,397,397,397,399,437,505,627,674,549,638,717,786,855,581,667,751,451,563,699,854,896,911,920,,,156
FL056,384,384,384,384,425,457,489,530,571,481,555,617,711,774,491,610,695,450,525,647,765,831,880,923,,,12065
FL057,387,387,387,387,431,472,523,602,640,533,605,639,739,786,541,615,712,459,556,659,781,832,890,945,,,188
FL058,418,418,418,418,452,485,533,597,585,574,646,674,794,872,597,639,765,541,608,708,855,898,919,984,,,21160
FL059,395,395,395,395,435,473,504,613,674,560,619,665,765,823,527,612,746,467,547,692,780,866,910,1079,,,1378
FL061,508,508,544,550,594,652,729,843,870,794,856,951,1068,1124,780,871,978,716,803,928,1120,1197,1272,1379,,,2362
FL062,485,485,487,487,499,507,565,669,709,581,651,705,798,873,568,646,750,505,570,710,868,917,926,1003,,,1456
FL063,390,390,390,390,427,463,487,574,580,452,518,577,676,712,471,552,648,424,496,611,707,768,799,888,,,3721
FL064,387,387,387,387,419,451,494,567,576,470,567,601,685,710,487,582,659,448,509,644,706,748,823,871,,,7873
FL065,399,399,399,399,462,493,544,604,647,514,584,655,769,843,544,626,728,482,560,681,801,857,871,899,,,212
FL066,417,417,433,433,461,524,561,651,718,628,705,738,884,966,608,699,825,524,626,783,904,999,1035,1089,,,6227
FL067,507,507,526,529,588,662,699,809,874,747,825,912,1051,1142,734,848,990,665,773,932,1142,1189,1238,1281,,,223
FL068,407,407,407,407,421,436,489,583,645,549,618,653,757,795,543,620,730,444,550,667,790,832,902,1006,,,206
FL069,583,588,664,664,803,799,834,975,1027,949,1077,1130,1250,1326,970,1081,1198,876,974,1169,1330,1361,1379,1444,,,472
FL070,405,406,407,407,421,467,508,598,650,550,636,670,762,784,552,636,752,454,550,678,779,820,871,929,,,189
FL397,377,377,385,388,440,465,534,608,648,585,608,634,768,843,549,618,714,469,568,653,829,901,951,987,,,129
FL423,444,444,444,444,463,506,558,643,669,560,645,717,779,854,585,668,754,491,583,719,798,858,881,925,,,71
FL424,421,421,421,421,446,489,542,631,659,539,625,697,811,881,567,650,741,470,564,697,828,898,938,1014,,,85
GA071,521,521,521,521,533,548,592,657,675,610,702,748,815,892,582,694,785,544,633,766,875,906,1012,1043,,,5801
GA072,329,329,329,332,377,407,441,499,539,428,495,549,642,715,470,535,619,411,471,576,704,760,800,908,,,294
GA073,384,384,384,384,410,431,492,521,601,525,555,607,713,786,479,581,665,441,493,596,785,819,839,900,,,6223
GA074,401,401,401,401,409,426,471,524,545,479,530,564,669,741,494,541,641,437,503,594,715,785,792,878,,,3934
GA075,346,346,346,346,394,415,450,539,572,451,512,576,678,752,467,562,620,421,494,577,707,773,787,867,,,5467
GA076,386,386,386,386,429,456,504,576,583,491,555,610,693,768,482,563,647,424,497,595,728,803,822,904,,,3492
GA077,416,416,423,420,465,486,524,575,632,575,651,679,812,885,582,648,755,550,608,710,804,879,901,928,,,3298
GA078,372,372,372,372,416,446,509,587,633,514,606,660,741,816,504,609,717,415,535,660,799,856,897,957,,,304
GA079,350,350,350,350,381,411,451,524,562,442,541,583,662,732,489,558,639,416,488,599,722,773,806,891,,,81
GA080,357,357,357,357,387,417,447,511,549,473,524,565,656,727,479,545,628,439,505,586,710,761,795,864,,,9482
GA081,336,336,344,346,389,421,447,538,556,481,541,585,679,753,493,559,642,441,511,609,716,780,792,856,,,3588
HI408,721,721,721,721,758,794,868,979,1023,912,1028,1101,1277,1360,918,1030,1181,812,940,1106,1303,1358,1434,1439,,,15942
HI409,544,545,546,546,558,568,633,742,856,701,767,876,948,980,689,758,894,618,705,831,976,1015,1027,1052,,,91
IA082,396,396,418,425,467,520,575,677,716,600,694,756,848,896,634,745,831,524,637,777,854,910,915,1006,,,479
IA083,361,361,361,361,399,420,485,559,615,502,558,630,721,786,510,610,701,426,513,634,777,808,851,911,,,87
IA330,331,331,331,331,360,390,430,491,527,433,486,537,598,641,459,523,597,395,460,562,623,674,718,837,,,65
IA331,319,319,319,319,355,388,441,523,562,438,514,572,687,767,473,554,646,387,470,598,739,788,815,878,,,52
IA332,364,364,364,364,385,422,470,542,574,471,537,597,705,777,483,561,633,406,484,594,721,775,796,880,,,68
IA389,363,363,363,363,384,420,464,529,559,467,524,582,630,704,473,546,615,404,476,578,643,693,711,849,,,95
IA425,415,415,415,415,443,486,536,617,649,535,611,688,810,887,557,639,739,468,555,689,834,897,923,1022,,,71
ID084,394,394,397,421,483,503,550,608,659,556,600,672,735,792,553,627,720,468,553,684,776,807,854,897,,,636
ID085,314,314,326,327,388,422,478,566,628,504,569,632,730,798,508,591,684,414,509,635,776,801,804,863,,,48
ID086,311,311,345,358,407,430,461,544,613,483,520,598,699,777,476,545,644,407,483,579,742,789,811,855,,,2262
ID087,289,289,303,307,350,381,444,515,538,445,515,540,626,701,464,533,589,380,468,547,671,711,720,825,,,65
ID333,299,299,312,324,385,417,496,572,629,486,551,618,724,797,485,587,688,398,496,620,767,829,860,889,,,134
ID426,301,301,301,302,355,387,421,482,520,422,478,531,581,634,453,517,575,392,454,557,623,674,696,788,,,45
IL088,364,364,364,364,409,424,468,557,612,502,558,615,683,748,493,577,676,419,514,619,705,777,829,914,,,160
IL089,341,341,341,344,395,433,463,553,599,478,521,575,675,715,481,556,643,400,490,593,710,790,841,866,,,213
IL090,362,362,362,362,385,418,469,546,616,516,582,642,754,830,518,597,706,424,533,650,804,894,963,992,,,186
IL092,527,527,527,527,539,557,652,724,771,707,761,830,939,1014,720,823,870,635,739,837,1012,1057,1109,1131,,,4410
IL093,340,340,340,340,395,438,472,586,622,509,560,623,725,770,516,594,698,431,509,660,780,839,884,919,,,4691
IL325,573,573,573,573,593,603,714,769,790,753,804,913,1058,1135,760,866,990,678,781,919,1088,1174,1225,1276,,,991
IL335,334,334,334,334,392,407,462,536,598,499,545,613,710,771,494,571,682,413,506,632,763,795,838,948,,,318
IL366,461,461,461,461,472,486,533,625,673,576,624,713,787,851,581,673,767,499,602,711,822,882,960,982,,,149
IL427,381,381,381,381,413,450,499,572,599,499,566,632,744,815,516,590,675,435,514,636,766,821,836,896,,,53
IN094,400,400,400,400,433,472,534,618,688,530,584,644,743,817,531,615,715,447,541,646,787,838,887,926,,,1552
IN096,391,391,391,391,402,432,489,558,620,518,570,625,749,826,513,594,700,434,530,641,778,854,872,877,,,78
IN097,364,364,367,372,430,461,520,607,663,543,612,669,716,785,548,638,714,455,552,680,775,843,862,911,,,175
IN099,368,368,368,368,394,412,475,560,625,514,565,627,710,785,512,600,653,435,528,631,739,824,865,970,,,151
IN337,300,300,339,347,395,430,476,547,584,520,549,587,695,770,526,576,638,432,508,599,713,772,875,944,,,104
IN338,305,305,312,316,360,387,424,493,537,442,492,544,645,690,459,527,613,392,459,567,685,724,790,858,,,144
IN367,393,393,393,393,405,424,475,568,638,525,578,658,730,805,530,621,694,447,548,648,760,854,870,910,,,163
IN399,396,396,396,396,428,474,519,602,637,551,604,663,761,833,554,625,724,475,561,679,798,845,858,876,,,101
KS100,312,312,312,312,359,389,436,500,545,446,508,587,656,728,466,535,617,410,465,580,701,754,789,873,,,4616
KS101,337,337,343,341,388,415,448,573,605,472,545,626,712,785,499,571,678,398,497,656,753,821,846,910,,,2202
KS102,370,370,370,370,377,396,455,535,584,458,527,622,690,741,476,567,661,400,477,631,701,778,827,880,,,1795
KS104,372,372,386,386,440,481,537,625,669,535,607,705,795,869,553,651,751,480,558,710,781,864,890,945,,,95
KS105,336,336,336,337,368,406,457,531,573,462,527,608,687,713,477,563,643,410,484,618,697,719,731,864,,,377
KS334,348,348,348,348,366,398,445,514,546,446,505,565,639,685,453,529,605,383,454,566,674,694,723,851,,,82
KY106,340,340,340,347,383,410,448,501,556,485,503,547,640,666,468,525,606,432,472,566,662,701,769,866,,,15990
KY107,366,366,366,366,414,433,491,601,650,532,580,662,777,854,527,621,720,440,537,678,815,876,895,919,,,199
KY109,363,363,363,363,376,445,488,559,605,528,565,645,760,821,517,601,699,449,524,659,785,858,902,932,,,503
KY110,280,280,296,301,353,384,417,478,515,407,474,515,559,634,449,511,534,389,450,517,623,674,696,752,,,2911
KY112,296,296,304,309,359,389,424,486,523,419,482,533,586,634,456,519,582,395,457,559,623,674,696,805,,,47
KY339,327,327,327,327,365,398,444,514,547,445,504,557,662,733,470,540,622,398,469,581,707,758,791,874,,,122
KY428,309,309,309,310,355,383,420,488,527,420,484,537,627,664,455,523,605,388,455,563,660,703,778,855,,,46
KY429,318,318,318,319,363,392,427,492,531,428,488,542,633,703,461,527,610,397,461,568,695,755,805,890,,,48
KY430,297,297,313,318,363,392,432,506,543,418,502,553,638,706,470,539,617,396,469,578,696,739,781,873,,,36
LA113,315,315,315,316,360,388,426,494,541,432,490,543,634,706,461,529,611,393,461,570,696,749,787,865,,,166
LA114,349,349,351,351,406,414,496,556,602,515,548,604,698,749,500,579,667,430,513,617,727,806,843,949,,,265
LA115,306,306,306,310,357,386,419,479,516,409,475,526,559,634,450,513,538,391,452,529,623,674,743,852,,,1651
LA116,369,369,369,376,424,453,498,589,605,543,635,668,767,854,560,636,746,480,559,682,805,871,904,963,,,4237
LA117,348,348,348,355,394,418,454,527,558,473,523,582,675,748,488,534,624,407,487,584,704,757,789,929,,,5285
LA118,323,323,340,344,387,425,463,548,601,496,529,598,715,796,486,567,667,422,498,614,751,824,862,919,,,123
LA326,298,298,316,320,367,396,434,522,569,421,500,556,649,723,471,541,626,401,470,582,713,763,793,878,,,149
LA370,376,376,376,376,387,414,465,547,607,506,561,625,723,752,499,578,681,425,503,639,749,823,904,933,,,90
LA371,295,295,340,345,400,433,451,542,588,498,545,603,647,720,501,560,639,421,503,613,683,729,799,858,,,115
MA119,549,549,549,549,568,578,583,675,744,632,682,741,885,958,601,686,818,578,616,747,895,972,992,1023,,,#N/A
MA120,641,641,643,643,682,713,744,880,959,897,1008,1094,1280,1366,908,1007,1211,797,882,1068,1433,1463,1528,1535,,,1159
MA121,549,549,549,549,568,578,583,675,744,632,682,741,885,958,601,686,818,578,616,747,895,972,992,1023,,,712
MA122,445,445,445,445,499,572,632,741,810,656,697,766,924,999,622,712,849,543,640,762,925,995,1036,1068,,,191
MA123,513,513,513,513,521,550,606,754,798,666,744,824,951,1005,662,756,902,568,676,823,974,1058,1095,1122,,,280
MA124,613,613,613,613,618,622,686,788,848,742,804,864,1028,1093,710,809,948,637,736,885,1044,1107,1138,1168,,,360
MA125,600,600,600,600,607,611,618,699,771,696,760,820,941,997,683,772,898,610,699,829,982,1047,1094,1134,,,114
MA126,456,456,456,456,467,522,592,688,764,626,675,739,890,964,596,685,818,507,608,730,896,963,1005,1032,,,296
MA151,549,549,549,549,568,578,583,675,744,632,682,741,885,958,601,686,818,578,616,747,895,972,992,1023,,,#N/A
MA377,594,594,594,594,613,662,731,833,899,801,867,941,1118,1194,785,881,1012,696,779,948,1146,1232,1259,1293,,,887
MA431,396,396,396,396,420,461,517,600,631,514,598,665,777,850,537,622,708,445,537,664,799,860,888,980,,,22
MD127,443,444,445,445,461,490,557,668,752,557,675,732,808,864,597,677,786,492,601,761,851,915,956,981,,,1018
MD128,470,470,508,508,572,613,694,811,868,701,793,869,968,1045,726,829,926,622,727,858,1038,1098,1162,1195,,,1410
MD129,447,447,447,468,552,566,657,737,776,666,751,819,853,911,690,791,852,587,691,824,921,966,993,1081,,,1943
MD130,594,594,595,596,604,609,658,742,816,612,698,760,840,910,628,705,802,609,644,747,889,924,944,970,,,1256
MD133,496,496,543,547,612,658,727,814,869,763,848,938,1029,1105,786,884,1002,692,792,935,1066,1166,1188,1220,,,5368
MD134,630,630,630,630,643,672,741,816,857,734,801,872,956,1030,742,832,920,678,753,885,1008,1043,1058,1099,,,1195
MD135,543,543,543,543,557,564,611,706,749,653,730,801,868,935,677,755,857,572,658,787,892,987,1013,1032,,,2021
MD340,381,381,381,381,388,419,462,527,556,465,521,580,629,704,471,544,612,403,474,575,638,693,725,848,,,36
MD432,398,398,398,398,415,453,502,577,607,502,568,631,742,816,516,593,675,437,517,633,761,821,853,920,,,33
ME136,396,396,396,396,437,468,516,592,664,524,629,677,793,838,566,661,734,468,571,670,832,884,907,930,,,2278
ME137,333,333,333,333,360,392,436,501,535,441,496,549,612,672,453,520,601,386,453,560,639,681,754,850,,,117
ME139,447,447,447,448,500,567,620,698,760,605,673,721,865,944,614,699,779,531,617,734,899,941,969,1001,,,284
ME141,388,388,388,388,415,453,499,574,604,499,569,633,746,820,517,595,678,437,515,635,766,827,858,920,,,73
ME390,373,373,373,373,400,445,481,558,607,511,575,629,737,809,507,597,672,434,519,624,773,808,812,869,,,203
ME433,341,341,341,341,365,396,441,507,542,446,502,556,655,688,458,526,608,391,458,567,684,729,783,860,,,62
MI142,460,460,460,460,469,476,542,630,699,624,731,804,882,950,667,753,871,530,676,812,982,1052,1084,1165,,,751
MI143,291,291,302,307,349,377,413,478,518,401,474,528,586,634,446,513,576,382,447,545,623,674,717,752,,,56
MI145,312,312,322,327,367,392,426,490,550,428,482,534,598,634,457,520,593,397,458,560,623,694,731,797,,,126
MI146,373,373,421,444,484,516,571,668,715,594,658,719,794,813,590,676,762,515,610,716,808,827,859,882,,,144
MI148,391,391,391,391,400,405,448,543,598,486,538,622,694,737,493,585,669,404,499,612,724,772,855,892,,,95
MI149,407,407,407,407,445,488,538,615,639,539,608,682,741,816,557,634,712,474,556,683,756,821,834,885,,,57
MI152,385,385,385,385,408,436,499,584,643,526,594,664,774,831,539,617,715,446,542,664,818,883,949,977,,,219
MI153,401,401,401,401,409,414,472,556,618,483,544,610,713,786,495,567,657,413,498,610,741,812,828,863,,,376
MI154,411,411,411,411,422,439,494,563,630,529,580,659,775,854,531,617,716,452,540,660,822,892,934,959,,,140
MI155,510,510,510,511,555,588,645,735,799,711,791,871,983,1062,728,823,944,628,743,895,1077,1140,1173,1224,,,144
MI156,336,336,336,336,371,410,466,555,611,491,560,636,684,759,510,586,675,410,507,637,723,794,816,802,,,107
MI157,307,307,307,308,353,381,418,485,523,418,480,534,610,641,452,519,601,386,452,560,637,674,696,774,,,91
MI391,368,368,368,368,385,418,467,542,571,467,533,589,689,757,478,554,625,402,478,589,706,758,796,876,,,47
MI434,303,303,311,316,361,390,433,512,553,423,508,563,656,730,474,548,633,394,471,590,720,775,815,897,,,82
MN158,323,323,323,323,373,420,453,532,585,478,530,601,702,776,478,549,654,410,485,600,741,790,809,859,,,253
MN159,464,464,464,464,531,570,640,727,768,667,760,814,963,1037,671,779,885,574,692,827,963,1037,1067,1090,,,1212
MN376,363,363,363,363,378,412,462,538,569,462,533,593,699,743,477,556,628,396,477,589,714,754,776,855,,,42
MN436,406,406,406,406,431,472,521,602,628,520,596,665,766,785,542,619,707,456,540,665,780,828,883,948,,,49
MO160,390,390,390,390,433,454,513,619,655,549,626,728,817,882,568,672,770,480,578,718,824,897,945,1008,,,726
MO161,356,356,360,371,423,457,490,574,649,519,563,626,722,796,517,588,686,438,525,664,737,854,862,945,,,1354
MO162,278,278,298,303,347,376,417,486,527,402,482,535,606,634,452,520,600,381,451,561,627,674,714,808,,,1927
MO163,291,291,304,309,356,385,422,487,531,437,483,541,596,634,455,521,592,390,456,560,623,675,781,852,,,1767
MO164,294,294,300,305,348,376,413,489,531,442,486,538,615,676,445,519,599,381,449,552,668,687,717,859,,,185
MO165,294,294,305,310,353,386,439,518,566,458,502,575,656,709,461,531,617,385,460,572,700,747,784,870,,,256
MO343,311,311,320,325,372,401,437,501,538,431,497,548,633,676,470,534,611,406,471,573,675,713,779,860,,,61
MO344,288,288,307,312,353,380,424,506,546,408,502,556,649,722,466,542,625,384,464,583,711,762,792,882,,,129
MS168,376,376,376,376,407,424,453,557,572,479,540,572,652,726,488,550,623,435,495,585,711,762,794,874,,,5958
MS169,297,297,308,312,357,382,440,542,592,461,510,574,623,689,455,545,617,386,455,580,676,716,772,861,,,673
MS170,362,362,362,362,392,431,453,556,609,452,493,554,655,733,465,533,623,405,466,577,715,769,805,881,,,664
MS171,294,294,312,317,359,386,425,496,533,425,492,543,632,665,462,529,608,391,461,569,663,718,805,854,,,683
MS172,286,286,318,324,365,405,460,529,564,449,521,569,657,733,465,538,629,391,459,573,708,765,805,889,,,464
MS410,372,372,372,372,395,411,442,536,561,459,523,554,637,709,465,531,614,402,466,572,699,751,787,862,,,1269
MS437,319,319,319,320,363,391,428,496,537,428,492,547,641,715,463,532,618,396,463,574,705,753,781,890,,,41
MS438,287,287,303,308,351,379,418,488,526,404,484,537,627,658,454,522,604,384,453,563,654,688,747,855,,,59
MT175,317,317,317,317,354,385,445,513,574,412,488,542,633,705,459,528,610,389,458,569,695,718,740,874,,,1966
MT347,370,370,370,370,399,437,481,553,581,482,547,610,683,735,498,572,653,421,496,612,709,755,825,883,,,135
MT379,367,367,367,367,384,419,461,524,559,464,519,582,691,752,470,545,622,403,472,580,715,769,788,861,,,110
MT440,312,312,312,312,355,389,433,498,532,435,489,542,646,681,457,525,607,390,457,566,677,721,781,859,,,41
MT441,373,373,373,373,398,438,485,556,588,486,550,611,720,792,497,574,648,422,498,608,736,793,820,901,,,54
NC176,401,401,401,401,427,468,519,594,626,519,592,659,772,846,536,616,703,453,537,659,795,858,890,955,,,147
NC177,334,334,334,338,387,414,448,529,555,492,520,565,657,731,480,548,634,435,516,590,720,773,807,880,,,3124
NC178,354,354,354,354,363,392,434,502,541,489,520,565,641,712,474,548,618,460,519,592,702,753,786,881,,,16927
NC179,447,447,447,447,478,518,540,623,654,599,632,699,789,865,574,636,747,547,610,716,850,910,925,964,,,536
NC180,492,492,492,492,540,578,623,697,737,682,728,800,867,938,668,730,838,636,711,817,941,962,977,1109,,,280
NC181,320,320,333,357,420,452,482,599,653,497,583,624,715,786,519,609,670,414,498,618,749,791,808,869,,,589
NC182,376,376,376,381,417,439,474,537,548,509,553,589,663,737,497,535,625,503,542,605,722,765,791,863,,,33284
NC183,322,322,328,344,384,419,454,506,540,519,546,599,668,742,501,553,638,478,534,620,730,768,782,872,,,2600
NC184,413,413,413,413,449,469,497,562,609,542,573,643,709,785,523,577,689,501,566,648,768,823,828,901,,,266
NC185,488,488,488,495,540,580,621,706,725,655,685,749,827,904,633,695,791,615,687,756,903,933,946,997,,,610
NC186,399,400,417,417,468,489,539,612,647,595,635,691,777,853,590,647,730,540,613,703,829,893,923,944,,,264
NC187,369,369,369,369,397,430,471,529,567,478,524,581,696,774,484,550,640,425,485,594,731,780,807,910,,,130
NC372,387,387,387,387,419,455,502,573,601,504,567,634,747,821,518,591,677,440,517,637,769,830,860,916,,,73
ND188,330,330,330,330,357,386,429,512,549,442,504,568,670,739,470,542,621,390,468,582,702,753,787,861,,,124
ND189,373,373,373,373,385,391,477,566,629,474,552,624,723,797,480,581,679,389,476,604,761,829,847,865,,,188
ND190,347,347,347,347,363,423,470,572,636,489,559,634,741,818,487,589,696,399,480,598,787,859,895,907,,,1241
ND191,266,266,290,295,341,370,407,481,522,412,481,525,619,694,442,513,585,375,442,539,661,745,785,812,,,1553
NE192,361,361,369,372,445,464,554,615,671,547,596,657,742,783,541,624,675,450,520,662,752,765,809,875,,,6213
NE193,363,363,363,363,398,436,503,584,636,516,574,638,723,793,518,614,679,418,504,639,743,781,798,873,,,332
NH194,449,449,450,451,495,523,608,704,773,603,705,776,888,965,638,708,817,513,607,736,942,1000,1033,1039,,,524
NH195,509,509,509,509,520,581,623,720,784,647,709,765,906,972,647,727,838,560,646,775,927,1026,1050,1083,,,233
NJ196,489,489,489,489,532,565,638,723,768,669,736,828,937,1002,664,774,864,575,686,822,964,983,999,1034,,,184
NJ198,475,475,475,475,491,525,595,688,732,582,638,728,789,859,588,668,747,507,611,709,835,879,895,945,,,556
NJ200,576,576,578,578,596,636,709,868,899,796,933,1026,1186,1265,837,967,1077,677,823,1067,1212,1268,1312,1424,,,1076
NJ201,660,660,660,660,677,688,745,874,928,854,948,1046,1204,1281,835,984,1104,726,871,1051,1270,1286,1328,1371,,,426
NJ202,631,631,631,631,647,656,662,770,830,766,828,924,1075,1158,731,866,978,655,756,922,1115,1163,1192,1196,,,428
NJ203,554,554,554,554,577,614,687,804,852,738,824,917,1064,1145,731,865,971,633,756,943,1071,1132,1164,1271,,,140
NJ204,535,535,535,535,585,621,701,803,853,693,765,854,995,1071,676,804,896,591,698,887,1006,1057,1115,1154,,,3419
NM205,282,282,306,311,358,387,427,480,525,410,476,536,638,719,451,519,613,392,452,564,708,767,811,933,,,2094
NM206,410,410,410,410,470,534,589,645,697,616,678,738,855,929,594,691,815,500,618,765,885,955,998,1053,,,3002
NM207,274,274,297,302,351,381,449,499,553,415,477,534,613,657,450,517,601,386,451,558,651,674,696,873,,,1221
NM209,323,323,323,325,353,384,446,519,550,454,538,598,684,755,477,566,649,389,484,618,732,774,834,876,,,166
NM210,499,499,500,501,541,593,638,741,792,693,763,835,949,1020,701,776,897,591,705,837,997,1025,1064,1095,,,254
NV211,392,392,392,392,441,465,532,617,670,561,623,680,784,835,563,641,730,481,569,702,820,880,931,942,,,625
NV212,506,506,506,510,571,607,621,738,789,650,724,793,913,990,650,750,850,594,660,837,946,960,995,1024,,,6241
NV213,459,459,459,459,482,567,588,677,735,616,699,761,878,955,628,708,813,545,644,788,914,964,997,1027,,,316
NY215,440,440,440,440,499,525,576,670,735,586,649,711,855,918,599,683,789,501,591,733,878,945,962,987,,,1908
NY216,396,396,396,396,457,478,558,650,699,569,646,720,816,853,578,671,755,487,586,728,832,895,938,992,,,584
NY217,596,596,596,596,606,613,676,779,832,752,814,900,983,1058,730,842,921,629,756,858,1023,1043,1141,1152,,,841
NY218,754,755,756,756,783,799,879,975,1016,868,980,1071,1208,1281,871,984,1138,797,901,1073,1219,1298,1333,1346,,,648
NY219,677,677,677,677,688,695,710,791,840,822,892,1010,1180,1265,792,946,1093,693,838,978,1207,1318,1408,1447,,,1374
NY221,445,445,445,445,514,527,618,686,733,576,654,728,838,911,607,686,788,530,615,747,874,929,952,991,,,305
NY222,354,354,354,354,403,420,477,581,633,468,534,618,725,765,513,582,680,429,500,649,760,797,844,877,,,416
NY223,400,400,400,400,441,487,532,620,656,517,577,667,729,786,554,620,717,485,553,669,755,808,810,855,,,504
NY225,385,385,385,385,394,431,466,584,603,461,511,591,647,710,495,553,639,442,478,576,668,738,777,821,,,3286
NY226,381,381,381,381,422,472,520,588,638,522,575,649,751,826,531,608,698,460,538,646,796,853,864,890,,,153
NY349,730,731,732,732,773,797,824,947,1006,902,1025,1115,1263,1340,924,1046,1180,794,935,1133,1319,1356,1393,1497,,,146
NY444,349,349,349,349,374,410,456,524,556,457,515,576,683,758,463,539,617,395,464,576,705,753,781,862,,,49
NY445,500,500,500,500,535,588,645,748,780,654,752,835,921,986,675,778,897,565,681,839,961,1025,1114,1208,,,79
OH227,363,363,363,363,419,412,466,566,617,515,570,631,700,776,516,582,690,434,519,624,782,841,859,895,,,292
OH228,371,371,376,391,446,463,497,595,632,564,604,672,747,802,554,654,738,477,562,671,822,828,918,1020,,,556
OH229,384,384,384,401,448,478,526,634,682,578,659,712,801,856,595,669,778,492,591,706,851,943,1002,1013,,,669
OH230,385,385,385,385,435,449,474,602,638,552,599,665,755,790,540,632,733,450,543,669,779,837,935,960,,,1047
OH231,339,339,366,362,430,442,512,594,636,525,568,626,721,764,513,611,682,431,510,636,750,818,902,929,,,5036
OH232,379,379,379,379,391,400,462,550,625,511,569,634,702,730,524,588,695,419,519,649,743,814,918,961,,,280
OH233,322,322,322,326,370,422,461,544,607,488,559,627,689,762,500,576,682,400,497,613,771,836,892,914,,,137
OH382,307,307,307,308,354,383,420,486,522,420,482,533,577,634,454,519,575,388,454,558,623,674,763,795,,,87
OH446,324,324,324,324,345,371,411,460,482,413,460,484,566,641,440,477,534,376,435,493,623,674,696,752,,,41
OH447,372,372,372,372,388,419,466,535,567,467,526,586,692,764,474,549,626,404,475,586,712,766,805,885,,,32
OK235,295,295,310,315,361,398,447,488,521,470,502,556,580,655,461,517,568,394,456,559,692,690,715,874,,,1053
OK236,271,271,302,307,350,378,416,486,524,403,481,534,603,634,452,520,597,383,452,560,623,674,699,820,,,808
OK237,314,314,314,314,355,386,419,479,517,449,475,528,569,634,450,513,562,391,452,541,623,674,696,754,,,8102
OK239,301,301,303,307,354,385,419,482,524,435,478,535,630,705,452,519,606,388,452,562,695,732,779,886,,,8634
OK240,344,344,344,358,409,424,479,567,614,486,528,592,691,768,481,574,651,410,504,603,747,788,825,901,,,375
OR091,375,375,375,375,390,424,468,532,565,470,527,589,699,756,477,552,626,408,479,586,716,773,798,871,,,76
OR241,364,364,364,364,373,418,477,573,624,480,519,598,696,769,470,550,643,393,466,590,721,781,825,862,,,325
OR242,336,336,336,336,392,437,478,577,635,480,538,605,701,752,484,571,657,401,491,604,745,779,830,864,,,284
OR243,457,457,457,457,492,533,579,671,733,597,648,726,835,910,583,681,759,503,600,734,844,912,939,962,,,1005
OR244,375,375,389,389,444,481,542,619,654,544,593,657,750,825,545,641,708,476,562,668,765,814,895,922,,,191
OR245,412,412,412,412,459,493,549,632,691,564,599,686,789,862,553,646,738,482,570,697,839,880,932,971,,,133
OR246,403,403,403,403,450,471,524,604,666,566,615,688,750,825,563,652,731,489,577,699,768,824,901,932,,,141
OR373,358,358,358,358,370,403,447,499,531,449,499,534,629,704,457,524,582,387,459,545,638,693,761,855,,,223
PA247,391,391,391,391,447,468,513,574,652,508,564,635,698,769,514,588,654,437,511,632,743,774,818,886,,,1554
PA248,511,511,511,511,547,545,629,745,774,703,766,874,960,1030,697,808,908,616,701,884,985,1040,1058,1084,,,1442
PA249,511,511,511,511,585,639,682,792,830,737,815,906,1025,1086,727,856,946,641,759,899,1080,1096,1115,1144,,,1716
PA250,365,365,365,370,405,455,495,586,635,564,667,742,809,860,590,701,796,493,594,720,871,935,1025,1071,,,1079
PA251,357,357,357,358,407,466,510,610,676,547,618,712,786,853,552,659,739,450,556,692,847,861,875,955,,,140
PA252,444,444,444,444,456,486,545,628,680,589,659,733,827,900,595,692,780,506,606,726,887,942,972,998,,,148
PA253,331,331,332,333,362,397,468,544,608,486,556,610,693,766,501,559,674,397,482,611,766,816,852,865,,,113
PA254,385,385,385,385,398,411,462,579,646,500,560,630,719,790,491,589,663,416,498,625,755,832,865,958,,,203
PA255,471,471,471,471,483,510,571,667,733,577,643,736,850,933,562,684,772,487,583,723,890,955,984,1011,,,142
PA383,321,321,321,321,359,389,439,515,576,458,524,604,643,676,464,554,633,394,463,581,667,734,748,851,,,155
RI256,555,555,555,555,571,606,675,831,880,708,784,854,1022,1101,678,806,953,579,681,865,1048,1100,1119,1158,,,1893
RI257,498,498,498,498,507,548,603,700,766,664,717,773,947,1020,623,711,860,537,645,787,942,1047,1065,1120,,,679
SC258,433,433,433,433,441,458,483,592,617,528,583,646,773,851,542,610,716,475,551,680,764,835,862,899,,,3356
SC259,420,420,420,420,428,443,480,536,584,549,575,632,729,763,506,593,676,466,527,654,741,836,867,879,,,5468
SC260,418,418,418,418,429,450,514,556,609,528,566,619,718,782,501,567,646,468,522,625,761,803,823,899,,,3594
SC261,379,379,379,379,387,430,498,542,608,505,566,619,721,769,475,573,672,425,504,623,765,839,882,940,,,417
SC262,374,374,374,374,387,416,451,514,553,487,510,566,655,727,484,549,632,429,492,590,717,772,812,913,,,133
SC263,338,338,338,338,370,389,441,508,567,464,502,561,650,724,462,532,617,395,466,574,707,753,779,874,,,3119
SC375,331,331,331,331,371,404,444,502,539,448,493,549,660,737,464,531,620,405,466,574,710,758,785,873,,,56
SD264,372,372,372,372,392,434,468,570,626,510,557,627,724,799,508,589,684,433,514,622,792,825,866,886,,,1223
SD265,393,393,393,393,400,423,485,594,650,505,598,667,780,860,528,627,728,416,532,677,819,862,888,919,,,187
TN266,375,375,375,376,399,428,480,568,618,501,585,633,727,798,512,600,692,433,529,641,759,795,805,866,,,196
TN267,339,339,339,339,369,409,433,536,592,468,538,594,691,764,473,561,651,398,478,593,727,780,801,881,,,494
TN268,378,378,378,382,436,452,513,560,617,541,580,639,728,801,546,602,673,469,545,634,777,843,891,934,,,1351
TN269,451,451,451,451,494,527,601,646,691,618,647,722,801,843,618,685,758,555,628,720,840,958,1024,1043,,,796
TN353,319,319,319,319,357,385,421,505,558,449,500,568,654,699,455,530,621,390,456,567,693,736,793,860,,,165
TN354,285,285,305,309,350,377,419,495,537,414,491,547,642,718,458,532,619,382,456,574,707,756,782,869,,,132
TN449,365,365,365,365,390,421,461,519,552,469,514,566,670,717,474,537,616,416,476,576,697,751,788,866,,,46
TX270,325,325,325,328,377,407,455,529,581,466,524,584,699,775,461,559,648,392,466,577,765,783,796,879,,,3320
TX271,309,309,309,309,353,383,450,525,580,458,522,590,673,695,462,548,639,387,464,587,691,718,744,882,,,104
TX272,463,463,463,463,509,579,605,681,730,666,703,786,873,955,649,729,845,589,658,834,955,981,1007,1032,,,867
TX273,349,349,349,349,385,411,471,556,621,484,556,625,735,813,488,576,686,408,491,617,761,841,890,901,,,215
TX274,381,381,392,397,452,496,546,613,678,545,594,659,724,803,540,601,720,498,562,677,803,869,894,959,,,210
TX275,383,383,390,400,452,491,545,631,681,596,654,728,840,916,585,665,791,457,583,725,871,949,969,1007,,,5093
TX276,321,321,344,357,401,438,509,591,646,496,544,606,699,742,475,545,651,403,474,601,726,755,781,876,,,542
TX277,460,460,460,460,480,530,594,680,723,662,749,829,953,1038,677,778,864,570,679,831,1012,1023,1043,1120,,,1847
TX278,320,320,320,320,360,402,455,568,624,428,514,571,667,743,476,556,643,388,473,598,731,787,807,869,,,549
TX279,398,398,398,398,408,424,482,518,558,484,540,608,688,760,494,570,642,429,509,611,723,778,804,882,,,5520
TX280,405,405,430,440,498,548,571,690,744,609,698,776,876,949,628,728,829,539,623,772,907,972,996,1029,,,292
TX281,359,359,359,359,387,426,500,598,652,503,579,647,750,822,504,595,703,398,504,649,792,865,885,893,,,273
TX282,413,413,413,413,470,505,560,670,705,596,684,761,870,942,612,720,819,524,631,751,858,976,1032,1057,,,1759
TX283,326,326,344,350,406,448,506,582,636,489,576,643,713,762,506,601,690,426,527,644,755,775,801,828,,,163
TX284,315,315,315,315,351,378,418,496,531,416,472,528,594,642,446,513,582,384,447,545,636,696,782,850,,,1665
TX285,379,379,384,395,458,494,553,618,644,563,597,662,762,812,529,613,688,475,557,706,804,830,860,883,,,22642
TX286,357,357,357,357,393,435,473,522,581,546,555,633,718,775,513,564,617,478,516,617,743,780,783,884,,,29693
TX288,335,335,335,342,384,440,485,533,560,517,553,620,713,793,502,569,645,433,498,634,802,812,827,894,,,2797
TX356,390,390,390,390,453,500,549,614,640,603,634,705,790,813,587,646,742,532,605,714,810,847,905,986,,,1806
TX387,361,361,361,361,381,415,462,534,566,463,525,585,690,763,471,548,624,399,472,585,711,760,792,927,,,58
UT291,378,378,404,408,478,495,541,640,661,515,563,632,744,817,514,586,678,448,539,637,745,802,823,885,,,2158
UT292,387,387,394,405,490,470,559,636,686,624,693,775,912,969,631,726,850,536,648,799,961,994,1033,1078,,,959
UT293,355,355,355,355,385,418,459,517,548,466,512,562,662,672,472,533,610,413,473,572,667,708,779,856,,,3018
UT357,392,392,392,392,448,480,542,622,665,563,625,700,777,845,566,653,760,478,580,710,813,842,889,944,,,133
VA295,431,431,431,431,444,460,548,637,703,583,664,734,820,888,599,695,784,506,596,729,863,923,955,1010,,,352
VA296,612,612,612,612,622,628,671,755,812,710,794,852,890,958,731,783,850,627,702,824,958,991,991,998,,,4563
VA297,415,415,415,415,436,486,530,624,692,580,661,746,759,826,605,671,756,483,559,707,777,850,922,941,,,14139
VA298,432,432,432,432,468,513,561,644,692,629,731,790,834,866,625,708,817,531,603,761,863,905,934,978,,,63277
VA300,449,449,449,449,457,462,508,590,654,501,580,636,699,771,517,603,669,462,493,647,745,798,812,889,,,2159
VA301,469,469,469,469,478,495,571,617,679,540,611,673,736,808,552,641,714,482,544,652,776,832,842,885,,,695
VA302,618,618,618,618,639,698,744,861,915,793,867,949,1053,1129,801,904,1011,719,809,977,1102,1164,1215,1250,,,406
VA303,337,337,337,337,378,402,467,561,618,463,533,594,678,742,479,550,631,403,480,589,731,765,783,864,,,97
VA304,333,333,333,333,372,398,444,542,599,522,591,655,714,787,528,618,693,421,505,637,782,827,850,882,,,181
VA362,342,342,342,342,375,408,465,539,607,484,537,603,701,744,489,566,648,410,498,604,740,788,834,872,,,188
VA368,504,504,504,504,511,516,556,650,714,549,620,687,756,830,567,646,725,514,556,666,799,861,880,936,,,463
VT305,449,449,479,486,531,587,621,728,771,654,717,787,922,974,662,752,854,573,675,801,945,999,1029,1055,,,342
WA306,420,420,433,429,495,535,594,648,691,623,643,744,825,890,613,673,760,533,606,723,858,868,928,960,,,7561
WA307,511,511,511,511,558,600,662,729,769,704,734,842,935,1011,709,777,905,595,708,831,938,998,1039,1051,,,3682
WA308,393,393,393,393,398,426,499,606,649,518,560,642,723,793,518,592,678,406,505,639,740,778,795,855,,,242
WA309,516,516,516,516,549,611,684,779,821,746,804,910,1023,1100,739,849,983,619,738,888,1161,1095,1123,1154,,,1471
WA310,373,373,373,373,421,454,515,563,640,525,583,644,741,779,519,616,715,446,545,646,774,833,877,882,,,2154
WA311,399,399,399,400,468,505,555,627,657,614,611,679,773,848,597,639,718,495,577,688,775,836,919,938,,,13715
WA312,481,481,481,481,498,543,605,718,727,617,664,747,841,916,608,699,792,512,590,737,882,866,924,943,,,5229
WA313,378,378,378,378,432,468,532,626,657,572,610,681,760,824,567,643,744,472,563,695,815,835,856,969,,,200
WA315,332,332,332,332,394,433,497,583,605,506,567,608,703,778,527,600,648,423,516,615,747,805,874,915,,,120
WI316,477,477,477,477,491,532,587,681,733,607,650,755,860,933,623,723,817,525,629,757,902,980,1029,1052,,,396
WI317,436,436,436,436,463,522,571,650,703,592,634,724,832,843,598,692,780,519,605,716,842,907,955,941,,,616
WI318,300,300,309,314,361,400,449,532,592,432,504,556,643,712,472,542,621,395,470,582,702,756,794,873,,,476
WI319,348,348,348,348,373,401,455,544,606,485,523,617,700,754,489,574,666,400,493,614,749,799,873,896,,,64
WI358,335,335,335,337,398,404,492,567,628,507,562,646,749,818,505,599,705,422,513,647,800,834,864,941,,,123
WI359,324,324,324,324,363,392,432,511,571,455,505,572,665,738,469,540,624,397,468,582,711,765,804,885,,,82
WI453,353,353,353,353,372,405,451,522,555,452,513,574,683,759,460,537,617,389,461,575,706,754,781,878,,,37
WV320,333,333,333,333,364,393,428,493,550,475,530,611,661,699,476,560,647,398,480,588,694,740,817,862,,,179
WV322,316,316,316,316,361,390,432,509,563,458,503,574,688,772,458,537,637,396,461,575,731,784,799,861,,,104
WV323,314,314,314,316,361,390,457,522,579,475,543,606,707,780,483,568,660,394,491,612,753,808,840,885,,,292
WV360,289,289,312,317,359,385,422,490,539,423,486,540,630,683,457,525,607,390,457,566,678,723,782,859,,,115
WV454,368,368,368,368,385,417,462,531,562,464,522,581,686,757,470,545,620,402,471,581,705,756,789,871,,,93
WV455,294,294,310,315,365,396,431,495,534,419,491,545,637,709,464,530,614,401,465,571,699,753,790,869,,,45
WV456,297,297,306,311,357,385,420,482,522,415,478,532,612,651,452,518,601,391,453,559,646,674,696,877,,,43
WY324,371,371,371,371,381,392,464,557,608,464,512,567,649,674,470,536,626,386,467,571,671,730,837,876,,,2645
ZZ510,358,358,358,358,396,418,441,488,505,430,487,507,541,567,465,501,534,414,456,513,564,587,626,751,,,
ZZ520,369,369,369,369,409,432,457,506,525,445,505,526,562,590,482,520,554,429,472,533,586,611,653,781,,,
ZZ530,381,381,381,381,423,447,473,524,544,460,524,546,583,612,499,539,575,443,489,552,608,635,679,812,,,
ZZ540,392,392,392,392,436,461,488,542,563,475,542,565,604,635,516,558,596,457,506,572,630,659,706,842,,,
ZZ550,404,404,404,404,449,476,504,560,582,490,560,584,625,657,533,577,616,472,522,591,653,683,732,873,,,
ZZ560,415,415,415,415,463,490,520,579,601,506,578,603,646,680,550,596,637,486,539,611,675,707,759,903,,,
ZZ570,427,427,427,427,476,505,536,597,620,521,596,623,667,702,567,615,658,500,555,631,697,731,785,934,,,
ZZ580,438,438,438,438,490,519,551,615,640,536,614,642,688,725,584,634,678,515,572,650,719,754,812,965,,,
ZZ590,450,450,450,450,503,534,567,633,659,551,633,661,709,747,601,653,699,529,588,670,742,778,838,995,,,
ZZ600,461,461,461,461,516,548,583,651,678,566,651,680,730,770,618,672,720,543,605,689,764,802,865,1026,,,
ZZ610,473,473,473,473,530,563,599,670,697,581,669,700,751,792,635,691,740,558,621,709,786,826,892,1056,,,
ZZ620,484,484,484,484,543,577,614,688,716,597,687,719,772,815,651,710,761,572,638,728,809,850,918,1087,,,
ZZ630,496,496,496,496,557,592,630,706,735,612,705,738,793,837,668,729,782,586,654,748,831,874,945,1117,,,
ZZ640,508,508,508,508,570,606,646,724,755,627,724,757,814,860,685,748,802,600,671,767,853,898,971,1148,,,
ZZ650,519,519,519,519,583,621,662,743,774,642,742,777,835,882,702,767,823,615,687,787,875,921,998,1178
ZZ660,531,531,531,531,597,635,677,761,793,657,760,796,856,905,719,786,844,629,704,807,898,945,1024,1209
ZZ670,542,542,542,542,610,650,693,779,812,672,778,815,877,927,736,805,864,643,720,826,920,969,1051,1239
ZZ680,554,554,554,554,624,664,709,797,831,687,796,834,898,949,753,823,885,658,737,846,942,993,1077,1270
ZZ690,565,565,565,565,637,679,725,815,850,703,815,854,919,972,770,842,906,672,753,865,964,1017,1104,1300
ZZ700,577,577,577,577,650,693,740,834,869,718,833,873,940,994,787,861,926,686,770,885,987,1041,1131,1331
ZZ710,588,588,588,588,664,708,756,852,889,733,851,892,961,1017,804,880,947,701,787,904,1009,1065,1157,1361
ZZ720,600,600,600,600,677,722,772,870,908,748,869,911,982,1039,821,899,968,715,803,924,1031,1088,1184,1392
ZZ730,611,611,611,611,691,737,788,888,927,763,887,931,1003,1062,838,918,988,729,820,944,1054,1112,1210,1422
ZZ740,623,623,623,623,704,751,803,906,946,778,905,950,1024,1084,855,937,1009,744,836,963,1076,1136,1237,1453
ZZ750,634,634,634,634,718,766,819,925,965,794,924,969,1045,1107,872,956,1030,758,853,983,1098,1160,1263,1483
ZZ760,646,646,646,646,731,780,835,943,984,809,942,988,1066,1129,889,975,1050,772,869,1002,1120,1184,1290,1514
ZZ770,657,657,657,657,744,795,851,961,1004,824,960,1008,1087,1152,906,994,1071,787,886,1022,1143,1208,1316,1544
ZZ780,669,669,669,669,758,809,866,979,1023,839,978,1027,1108,1174,923,1013,1092,801,902,1041,1165,1232,1343,1575
ZZ790,680,680,680,680,771,824,882,997,1042,854,996,1046,1129,1197,940,1032,1112,815,919,1061,1187,1255,1369,1605
ZZ800,692,692,692,692,785,839,898,1016,1061,869,1015,1065,1150,1219,957,1051,1133,830,935,1081,1209,1279,1396,1636
ZZ810,703,703,703,703,798,853,914,1034,1080,884,1033,1085,1171,1242,974,1070,1154,844,952,1100,1232,1303,1423,1666
ZZ820,715,715,715,715,811,868,929,1052,1099,900,1051,1104,1192,1264,991,1089,1174,858,968,1120,1254,1327,1449,1697
ZZ830,726,726,726,726,825,882,945,1070,1119,915,1069,1123,1213,1287,1008,1108,1195,873,985,1139,1276,1351,1476,1727
ZZ840,738,738,738,738,838,897,961,1088,1138,930,1087,1142,1235,1309,1025,1127,1216,887,1001,1159,1298,1375,1502,1758
ZZ850,749,749,749,749,852,911,977,1107,1157,945,1105,1162,1256,1331,1042,1146,1236,901,1018,1178,1321,1399,1529,1788
ZZ860,761,761,761,761,865,926,992,1125,1176,960,1124,1181,1277,1354,1059,1164,1257,916,1035,1198,1343,1422,1555,1819
ZZ870,773,773,773,773,878,940,1008,1143,1195,975,1142,1200,1298,1376,1076,1183,1278,930,1051,1218,1365,1446,1582,1849
ZZ880,784,784,784,784,892,955,1024,1161,1214,991,1160,1219,1319,1399,1093,1202,1298,944,1068,1237,1388,1470,1608,1880
ZZ890,796,796,796,796,905,969,1040,1179,1234,1006,1178,1239,1340,1421,1110,1221,1319,959,1084,1257,1410,1494,1635,1910
