AK400,901,901,901,940,1028,1107,1205,1262,1328,1126,1259,1312,1375,1444,1215,1272,1362,1063,1121,1318,1462,1576,1585,1615,,,166
AK401,889,901,927,996,1110,1153,1285,1372,1410,1147,1282,1358,1452,1515,1250,1339,1427,1080,1193,1382,1504,1623,1625,1654,,,276
AK402,900,900,916,959,1083,1160,1267,1359,1404,1138,1282,1364,1478,1548,1249,1339,1439,1092,1177,1392,1527,1648,1650,1681,,,182
AK403,959,971,1001,1067,1164,1273,1322,1421,1526,1205,1322,1409,1514,1585,1298,1389,1492,1128,1211,1444,1566,1667,1670,1700,,,705
AK404,688,688,688,789,943,1002,1092,1224,1277,966,1090,1192,1318,1393,1065,1180,1283,818,955,1257,1396,1472,1494,1520,,,6304
AK405,662,667,689,749,892,973,1039,1085,1187,934,1013,1102,1228,1294,993,1084,1174,798,930,1185,1255,1360,1362,1390,,,2787
AL001,382,382,397,422,490,547,592,638,696,522,608,662,723,785,603,655,728,510,570,673,811,912,942,964,,,1323
AL002,380,380,395,420,456,484,515,554,599,467,528,573,626,685,525,567,628,460,504,586,710,810,843,946,,,2750
AL003,436,436,436,437,495,545,588,632,697,550,603,659,726,798,599,650,732,514,568,669,828,947,977,1067,,,992
AL004,444,445,457,494,543,598,644,698,755,602,683,706,768,840,621,691,774,541,603,707,855,993,1012,1091,,,903
AL005,448,448,454,493,527,601,639,695,722,577,643,694,728,792,603,692,713,557,601,690,822,911,941,957,,,4729
AL006,416,416,418,442,509,565,626,668,706,550,625,676,741,808,621,670,735,529,588,687,826,938,968,1058,,,161
AL007,429,429,437,455,540,598,614,698,786,695,732,804,909,985,699,799,885,588,674,819,970,1108,1110,1139,,,743
AL008,464,464,477,506,586,605,659,717,768,629,683,737,780,825,670,731,788,564,605,736,843,915,922,946,,,99
AR010,426,426,426,438,506,560,615,703,747,580,643,715,763,828,614,680,752,515,595,673,816,967,975,1005,,,3668
AR011,399,399,404,428,458,484,534,567,604,498,533,576,648,722,525,567,629,459,504,586,769,912,942,966,,,53
AR012,386,386,401,426,490,545,590,636,704,552,606,676,736,802,601,653,727,510,568,671,827,954,993,1038,,,387
AR419,384,384,399,423,493,552,600,650,697,534,618,670,722,786,612,664,725,513,575,681,815,925,954,1044,,,49
AZ013,554,554,554,584,683,765,837,902,938,781,866,941,1001,1067,799,884,1008,668,768,949,1118,1176,1197,1235,,,6270
AZ014,432,432,449,476,536,628,701,771,843,589,674,717,795,858,616,669,752,527,586,686,855,996,1044,1081,,,2446
AZ015,521,521,525,561,646,716,781,871,919,711,821,869,952,1013,741,816,916,618,710,869,994,1164,1202,1224,,,5366
AZ016,526,526,536,559,644,702,757,814,893,780,827,887,979,1043,776,853,924,690,743,890,1069,1167,1180,1204,,,1777
CA018,752,753,783,823,903,1002,1090,1165,1219,1034,1125,1193,1336,1419,1096,1174,1308,948,1041,1208,1435,1584,1586,1614,,,2071
CA019,932,932,933,933,1100,1173,1299,1329,1411,1334,1467,1544,1674,1772,1392,1479,1593,1226,1354,1532,1760,1962,2047,2084,,,447
CA021,389,389,389,389,462,518,572,654,742,514,583,651,738,791,572,639,745,468,517,648,810,887,943,962,,,406
CA022,492,492,493,502,571,630,689,742,839,692,766,805,857,916,707,750,850,587,672,776,927,1046,1046,1069,,,292
CA023,458,458,458,458,545,618,709,785,855,621,751,813,865,934,696,769,840,553,612,790,966,1052,1094,1107,,,2316
CA024,623,623,623,635,733,820,899,938,1011,837,934,987,1046,1110,884,901,1010,743,793,913,1076,1220,1258,1320,,,14611
CA025,698,706,727,769,858,949,985,1059,1222,901,995,1057,1172,1238,925,990,1118,842,927,1042,1186,1316,1442,1468,,,3194
CA026,673,673,673,673,719,771,839,952,993,738,822,893,949,1013,760,829,919,724,736,861,1019,1118,1159,1180,,,1336
CA027,719,719,729,761,864,943,1047,1099,1163,976,1077,1156,1282,1360,1053,1129,1237,908,1012,1148,1323,1422,1448,1474,,,717
CA028,489,489,489,489,534,569,628,736,898,553,613,674,743,802,613,666,742,510,567,662,753,917,1024,1131,,,1124
CA030,505,505,505,537,603,680,737,750,955,628,687,749,863,915,660,703,819,563,648,696,891,1005,1096,1117,,,1522
CA031,520,520,532,582,638,700,756,856,1004,656,743,804,864,923,727,779,847,600,680,769,866,1016,1091,1154,,,475
CA032,448,448,448,448,446,476,519,603,730,462,546,607,659,718,532,600,668,448,504,605,710,810,863,1033,,,3118
CA033,445,445,461,521,557,595,721,805,889,570,707,784,880,942,674,745,859,536,580,787,933,985,1006,1060,,,1542
CA034,563,563,563,583,641,669,750,839,903,658,759,822,920,994,729,789,890,607,669,845,983,1071,1098,1118,,,1969
CA035,498,498,508,547,588,639,721,753,859,638,689,758,874,933,667,725,889,592,653,740,930,983,991,1002,,,245
CA036,633,633,660,684,721,785,837,918,1014,748,852,928,1035,1078,828,899,1014,701,763,938,1059,1121,1132,1152,,,5057
CA037,761,761,761,762,852,979,1074,1178,1279,1081,1208,1256,1369,1431,1134,1162,1339,961,1044,1205,1401,1535,1646,1677,,,7235
CA038,625,625,625,650,735,836,911,971,1093,887,1016,1079,1310,1374,991,1044,1137,804,910,1040,1231,1383,1450,1512,,,40527
CA039,686,690,701,731,811,931,986,1069,1206,970,1029,1145,1299,1364,995,1100,1280,863,937,1084,1322,1458,1461,1486,,,1744
CA040,439,447,459,480,528,600,681,788,911,619,687,754,859,918,637,701,823,529,619,719,894,1042,1164,1187,,,126
CA041,568,568,580,614,698,742,840,933,1047,725,826,910,1024,1062,798,858,934,666,740,840,1020,1081,1134,1204,,,1396
CA042,482,482,482,500,581,663,739,809,876,631,753,827,892,957,717,793,875,597,677,812,961,1071,1073,1092,,,210
CA044,911,915,930,969,1130,1169,1269,1324,1424,1281,1358,1447,1594,1658,1333,1408,1576,1198,1307,1445,1621,1765,1768,1799,,,1629
CA392,640,640,640,659,754,790,925,1016,1052,802,976,1059,1133,1199,916,1007,1101,751,805,1033,1200,1343,1381,1455,,,103
CA393,562,562,562,571,634,715,782,833,916,697,806,863,929,993,762,817,896,647,724,853,978,1087,1089,1108,,,82
CA420,469,469,469,492,557,579,624,672,740,575,644,698,756,813,633,691,766,555,579,697,824,898,916,992,,,136
CA421,551,551,551,554,638,712,773,833,878,680,800,877,957,1020,767,831,914,643,711,853,1007,1127,1136,1159,,,32
CA457,503,503,503,534,595,653,705,763,955,618,685,751,870,932,657,705,822,555,636,699,894,1024,1096,1117,,,333
CO045,563,571,593,638,736,833,906,962,1009,890,941,1003,1029,1092,901,945,1075,796,873,1014,1125,1262,1264,1287,,,3159
CO046,523,523,525,559,658,742,806,854,902,763,890,918,934,994,807,821,956,714,784,906,1047,1102,1164,1185,,,19279
CO047,554,560,573,598,699,751,855,914,952,766,862,922,957,1013,825,895,975,729,794,923,1054,1146,1175,1191,,,191
CO422,636,636,638,689,790,878,960,1041,1081,885,1002,1080,1157,1220,944,1033,1125,783,891,1054,1222,1356,1394,1442,,,199
CT049,626,626,626,630,688,799,878,927,1005,838,872,917,1010,1074,800,865,979,718,795,885,1022,1178,1180,1201,,,4190
CT050,622,623,638,685,711,924,931,1024,1126,937,1035,1094,1214,1285,959,1036,1175,839,941,1068,1262,1402,1455,1481,,,406
CT051,645,645,645,645,745,821,913,1032,1120,942,1060,1134,1239,1306,982,1076,1203,843,971,1109,1289,1424,1474,1500,,,378
DC053,723,723,723,758,878,961,1050,1126,1174,1055,1193,1231,1230,1296,1153,1197,1280,981,1029,1196,1368,1455,1456,1473,,,44308
DE054,537,537,537,575,650,699,827,866,933,734,792,863,888,956,776,823,882,644,720,832,988,1093,1122,1142,,,2387
DE055,488,488,488,488,565,651,718,795,859,719,783,860,880,938,764,812,875,613,710,813,974,1015,1023,1035,,,156
FL056,485,473,488,517,578,587,676,701,763,583,701,765,843,912,647,770,893,579,597,787,958,1073,1076,1096,,,12065
FL057,482,482,500,526,593,666,724,781,839,637,749,781,844,916,711,763,850,600,665,779,941,1083,1101,1120,,,188
FL058,519,512,532,560,615,674,743,789,763,683,817,829,895,966,790,801,900,657,705,842,994,1143,1148,1168,,,21160
FL059,498,498,498,518,598,662,695,788,886,701,767,811,880,964,685,757,897,607,675,817,949,1129,1158,1275,,,1378
FL061,694,694,718,758,821,926,1013,1078,1148,973,1057,1158,1239,1331,1017,1075,1188,944,998,1096,1405,1551,1597,1625,,,2362
FL062,580,580,580,581,636,706,783,870,916,736,812,857,895,972,742,799,876,654,703,836,1015,1159,1164,1187,,,1456
FL063,474,474,491,514,578,605,656,712,764,566,645,707,783,851,613,687,780,543,605,724,867,972,973,1056,,,3721
FL064,475,476,491,513,573,631,671,709,748,595,687,728,795,859,632,716,782,583,629,739,856,948,1000,1011,,,7873
FL065,522,522,530,553,636,690,757,786,841,651,729,799,868,931,713,777,858,627,692,805,925,1041,1051,1070,,,212
FL066,543,548,574,598,633,739,792,867,941,756,895,911,996,1062,810,880,969,685,772,934,1038,1216,1258,1296,,,6227
FL067,677,677,693,727,818,951,1007,1096,1180,918,1061,1147,1214,1284,995,1090,1198,865,949,1132,1335,1452,1487,1513,,,223
FL068,480,480,480,480,562,609,675,753,839,666,763,794,859,925,709,766,865,577,679,786,971,1089,1130,1143,,,206
FL069,878,878,878,916,1122,1148,1166,1244,1309,1220,1327,1360,1399,1473,1267,1321,1395,1163,1211,1365,1532,1659,1672,1704,,,472
FL070,518,518,519,519,579,657,701,764,837,692,764,806,861,935,717,778,871,593,681,793,956,1083,1085,1106,,,189
FL397,487,489,509,536,598,608,685,771,858,711,765,782,862,921,659,731,840,601,659,776,946,1084,1151,1236,,,129
FL423,551,551,551,554,639,717,748,778,820,687,760,803,874,933,754,789,836,644,719,793,911,1032,1066,1159,,,71
FL424,513,513,513,532,620,700,756,803,859,692,767,843,932,999,738,796,890,621,700,818,981,1108,1129,1203,,,85
GA071,607,607,607,634,706,750,813,856,890,764,878,918,937,1003,757,865,943,695,774,911,1027,1109,1213,1235,,,5801
GA072,411,411,426,451,506,555,603,647,710,534,616,673,738,809,611,665,743,524,576,684,839,957,987,1077,,,294
GA073,453,453,473,500,556,597,680,675,785,654,692,741,812,878,624,721,792,570,605,705,919,1011,1022,1069,,,6223
GA074,452,452,452,489,538,589,646,673,701,603,656,681,752,817,640,665,751,563,618,696,828,960,962,1046,,,3934
GA075,442,442,449,477,540,578,624,704,744,569,641,703,765,826,612,698,730,546,610,682,814,935,946,988,,,5467
GA076,470,470,494,528,590,642,703,750,766,623,693,747,793,856,632,701,774,552,613,707,849,977,983,1072,,,3492
GA077,534,534,549,569,630,674,721,741,814,727,809,823,912,975,758,799,884,715,750,835,924,1064,1084,1103,,,3298
GA078,465,465,468,499,567,625,708,763,827,653,757,806,843,906,659,757,852,538,660,781,928,1041,1076,1138,,,304
GA079,416,416,431,456,522,578,621,665,719,559,663,700,745,808,632,680,749,541,601,698,835,940,970,1059,,,81
GA080,452,439,457,475,530,582,615,652,707,600,645,681,741,800,621,668,739,571,623,686,816,912,942,965,,,9482
GA081,440,440,462,485,535,587,621,702,719,610,676,713,762,818,647,694,751,573,631,719,812,899,906,946,,,3588
HI408,859,867,885,941,1043,1107,1215,1287,1387,1122,1294,1370,1506,1571,1212,1301,1463,1050,1116,1331,1555,1651,1675,1705,,,15942
HI409,627,627,628,656,710,796,874,951,1056,850,949,1009,1073,1127,896,930,1052,807,873,974,1148,1227,1229,1253,,,91
IA082,525,531,545,570,657,760,809,855,871,761,849,861,921,980,827,860,896,704,800,861,959,1094,1107,1129,,,479
IA083,421,425,439,466,536,577,674,740,809,585,706,778,844,920,674,768,832,548,591,757,920,1043,1065,1084,,,87
IA330,404,404,411,435,494,544,589,605,680,549,596,636,705,752,593,627,711,513,567,634,770,837,843,946,,,65
IA331,402,402,407,431,506,575,641,694,734,572,650,705,774,829,638,696,758,525,591,714,834,927,956,1046,,,52
IA332,442,442,442,466,535,598,655,699,742,600,665,724,796,860,631,691,745,532,599,697,836,949,965,1048,,,68
IA389,440,440,440,464,527,585,622,645,693,585,631,664,705,763,613,658,711,523,586,662,774,855,862,946,,,95
IA425,511,511,511,531,612,686,751,809,850,681,767,844,920,991,735,798,876,611,686,819,977,1116,1137,1212,,,71
ID084,506,506,523,581,619,654,710,782,834,662,739,802,846,896,723,781,851,607,641,801,913,998,1006,1017,,,636
ID085,417,417,431,451,541,606,675,739,814,611,713,770,820,860,672,734,801,548,635,750,878,945,952,963,,,48
ID086,431,431,451,487,549,591,641,725,806,605,661,739,789,845,630,687,759,520,592,693,842,895,903,946,,,2262
ID087,380,380,396,421,477,515,569,615,691,553,590,649,709,760,573,635,720,481,535,642,766,854,854,946,,,65
ID333,410,410,423,458,538,596,698,742,825,623,686,755,828,891,638,729,823,524,617,734,896,1011,1030,1057,,,134
ID426,395,395,408,432,488,536,569,604,653,526,583,623,664,706,576,617,672,507,536,621,723,810,843,946,,,45
IL088,459,459,459,476,560,592,646,709,765,611,685,731,778,829,642,710,787,544,631,726,850,935,1003,1023,,,160
IL089,440,440,449,475,542,595,644,715,799,575,651,709,793,852,631,695,783,520,595,708,842,959,967,978,,,213
IL090,476,476,476,476,532,592,660,718,819,645,732,793,869,935,686,750,853,556,661,777,946,1097,1159,1180,,,186
IL092,628,628,628,649,738,783,852,901,999,869,891,993,1055,1113,890,966,1037,789,879,955,1158,1272,1341,1368,,,4410
IL093,440,440,451,463,548,622,658,756,819,638,695,761,836,903,675,736,842,567,633,781,991,1053,1068,1091,,,4691
IL325,689,689,689,689,737,809,981,998,1020,948,1002,1110,1190,1260,992,1072,1161,872,959,1083,1257,1437,1491,1518,,,991
IL335,428,428,433,454,534,566,644,708,782,587,688,753,789,880,653,715,791,535,589,752,922,1059,1106,1118,,,318
IL366,562,562,562,562,608,688,744,810,881,690,777,867,952,1011,763,834,915,655,707,840,1005,1111,1120,1133,,,149
IL427,474,474,474,498,568,632,695,746,775,634,708,770,834,871,678,732,789,566,635,750,874,954,962,992,,,53
IN094,476,483,497,527,597,670,749,804,912,663,729,792,861,930,699,767,866,586,672,768,939,1045,1077,1096,,,1552
IN096,510,510,510,510,541,595,677,736,810,653,719,768,844,900,675,744,823,557,651,762,882,939,949,968,,,78
IN097,467,469,481,510,592,650,712,724,784,668,717,745,797,856,710,739,798,595,685,744,884,1013,1043,1064,,,175
IN099,474,474,474,474,535,567,645,686,751,602,662,711,797,863,653,703,770,561,607,708,910,1088,1097,1110,,,151
IN337,442,443,450,481,533,549,623,703,819,631,657,755,861,938,639,740,830,535,583,751,929,1070,1097,1118,,,104
IN338,392,392,408,432,494,546,590,637,700,563,611,662,734,795,601,652,728,513,569,669,805,909,916,946,,,144
IN367,492,492,492,492,545,590,652,718,760,640,700,734,818,877,687,729,776,580,660,733,868,1027,1052,1073,,,163
IN399,513,513,513,527,585,663,719,779,824,696,751,805,858,918,723,772,852,617,693,799,917,1009,1017,1029,,,101
KS100,401,401,409,434,499,554,610,644,708,570,629,713,746,809,610,660,732,541,577,682,817,922,951,1025,,,4616
KS101,443,443,456,474,552,613,639,738,794,616,675,764,819,885,659,706,814,539,626,775,889,1010,1018,1079,,,2202
KS102,443,443,443,443,495,565,643,702,782,555,663,770,818,880,632,712,806,528,588,755,830,951,983,1048,,,1795
KS104,508,509,514,537,611,685,753,812,871,684,758,861,900,972,728,808,888,632,693,839,918,1078,1099,1119,,,95
KS105,422,422,427,459,511,583,640,681,726,595,651,718,729,795,623,689,731,544,603,718,803,915,943,970,,,377
KS334,411,411,416,441,508,559,617,671,710,527,633,690,718,765,598,657,712,506,558,668,786,867,874,946,,,82
KY106,435,434,447,476,520,568,615,645,723,578,623,664,745,810,608,648,719,559,580,666,807,919,957,982,,,15990
KY107,460,460,468,494,582,627,699,788,844,667,728,810,873,935,701,775,843,586,672,803,931,1055,1076,1095,,,199
KY109,447,447,450,469,508,616,675,732,794,650,708,791,865,930,677,750,832,579,645,783,914,1054,1090,1110,,,503
KY110,389,389,405,429,485,509,522,554,599,501,528,573,626,685,525,567,628,498,508,586,710,810,843,946,,,2911
KY112,396,396,410,435,492,540,578,600,663,528,587,624,677,721,582,617,687,510,558,622,739,810,843,946,,,47
KY339,413,413,418,442,505,566,620,661,708,568,624,675,748,811,615,665,734,523,582,683,819,922,952,1030,,,122
KY428,390,390,403,428,489,542,586,631,689,536,602,655,716,777,597,648,721,509,565,666,803,892,900,946,,,46
KY429,399,399,412,437,496,546,591,638,711,542,607,667,741,807,603,658,748,515,569,678,834,939,969,1058,,,48
KY430,396,396,411,436,503,560,599,639,693,535,612,661,720,785,609,654,724,523,583,672,813,922,951,1026,,,36
LA113,393,393,409,433,495,548,593,639,708,550,609,663,724,786,604,655,729,514,571,673,812,913,943,972,,,166
LA114,446,446,458,477,547,567,681,720,797,636,681,741,808,890,650,719,808,552,630,732,890,1052,1071,1118,,,265
LA115,391,391,407,431,486,516,535,554,680,510,543,607,709,772,538,592,715,505,516,603,798,871,878,946,,,1651
LA116,471,471,487,519,586,642,713,799,803,695,816,836,870,941,757,813,883,631,693,825,933,1077,1114,1133,,,4237
LA117,437,437,451,489,537,580,628,686,726,599,653,710,764,843,639,663,737,525,600,690,841,980,1009,1098,,,5285
LA118,441,441,445,469,521,584,646,734,807,623,675,748,827,891,645,724,808,541,609,742,881,1006,1031,1088,,,123
LA326,401,401,416,441,504,558,606,679,739,535,624,677,732,795,618,670,736,524,581,688,822,927,957,1046,,,149
LA370,471,471,471,471,514,580,641,699,797,643,692,761,834,899,648,713,821,554,621,753,902,1031,1086,1110,,,90
LA371,432,432,446,471,542,581,619,681,766,582,650,714,786,832,639,696,782,542,581,711,849,915,922,946,,,115
MA119,723,723,723,723,731,737,779,866,962,796,842,897,1003,1068,776,843,966,732,755,877,1039,1183,1192,1213,,,#N/A
MA120,822,822,822,823,878,970,1015,1143,1255,1124,1257,1340,1463,1523,1183,1253,1445,1021,1074,1268,1648,1736,1784,1817,,,1159
MA121,723,723,723,723,731,737,779,866,962,796,842,897,1003,1068,776,843,966,732,755,877,1039,1183,1192,1213,,,712
MA122,596,596,602,627,690,803,876,956,1059,833,862,933,1057,1124,810,880,1014,705,788,900,1083,1215,1240,1262,,,191
MA123,617,617,617,617,693,795,858,981,1048,845,929,1008,1118,1183,875,939,1077,756,841,974,1137,1289,1312,1336,,,280
MA124,747,747,747,747,810,845,957,1020,1110,902,1000,1055,1173,1239,930,1003,1131,836,912,1046,1219,1349,1364,1388,,,360
MA125,703,703,703,703,750,782,821,904,1009,849,945,1001,1120,1185,897,958,1071,786,845,980,1172,1298,1311,1351,,,114
MA126,568,568,568,589,632,736,824,890,1000,787,839,901,1016,1081,780,848,975,662,753,862,1047,1174,1205,1226,,,296
MA151,723,723,723,723,731,737,779,866,962,796,842,897,1003,1068,776,843,966,732,755,877,1039,1183,1192,1213,,,#N/A
MA377,731,731,731,769,842,933,1017,1076,1176,1012,1078,1147,1277,1344,1027,1091,1208,912,965,1121,1339,1503,1508,1535,,,887
MA431,489,489,489,506,588,666,728,771,818,662,740,806,881,952,705,766,838,591,669,781,939,1072,1091,1161,,,22
MD127,534,534,535,535,639,701,781,864,972,700,828,892,922,985,785,839,937,650,744,899,993,1141,1146,1168,,,1018
MD128,667,667,667,696,795,879,977,1053,1135,901,988,1061,1104,1171,956,1028,1102,823,905,1015,1209,1336,1392,1417,,,1410
MD129,590,590,591,625,746,816,866,879,943,817,868,927,963,1014,852,906,975,756,837,899,1053,1163,1202,1226,,,1943
MD130,693,693,693,694,727,784,880,919,1034,763,861,919,956,1020,811,865,952,720,792,875,1037,1126,1131,1153,,,1256
MD133,698,698,712,749,845,934,1014,1048,1131,975,1051,1141,1174,1240,1028,1091,1192,910,982,1102,1243,1418,1420,1445,,,5368
MD134,724,726,743,792,868,930,1019,1054,1111,926,995,1059,1081,1149,964,1026,1086,874,925,1042,1171,1276,1280,1303,,,1195
MD135,633,633,633,636,723,791,838,891,971,831,892,965,995,1058,874,920,1025,746,812,919,1049,1203,1205,1226,,,2021
MD340,439,439,439,463,525,582,608,633,699,572,618,659,715,763,610,651,724,521,584,657,780,850,857,946,,,36
MD432,476,476,476,498,565,635,695,743,793,636,702,768,850,914,672,733,807,567,636,747,891,1003,1020,1088,,,33
ME136,475,475,475,478,604,686,736,769,871,667,786,829,929,992,752,822,877,615,701,794,986,1077,1088,1107,,,2278
ME137,408,408,413,437,497,551,595,643,701,526,614,671,742,786,594,644,717,506,550,662,799,864,871,946,,,117
ME139,579,579,593,621,684,794,864,914,1001,765,843,886,992,1057,806,874,934,688,758,875,1049,1144,1156,1181,,,284
ME141,471,471,471,496,568,637,693,741,790,634,706,771,853,917,676,737,810,570,635,751,896,1009,1027,1092,,,73
ME390,474,474,474,475,549,624,666,719,779,650,713,761,825,885,661,734,783,565,641,732,884,971,973,1000,,,203
ME433,412,412,417,442,502,561,615,657,709,562,625,678,757,819,601,652,725,512,568,670,808,909,932,946,,,62
MI142,549,549,549,549,623,702,764,783,877,814,889,954,981,1059,868,907,1007,718,850,936,1146,1321,1356,1380,,,751
MI143,382,382,397,422,475,507,564,625,681,487,589,648,707,724,576,641,711,479,507,649,727,810,843,946,,,56
MI145,397,397,413,437,493,540,582,619,663,538,596,636,673,714,592,631,680,511,558,635,731,833,885,946,,,126
MI146,533,536,550,607,665,727,785,810,849,728,795,824,853,887,765,820,859,674,756,823,900,954,960,972,,,144
MI148,475,475,475,475,499,551,624,703,783,596,670,759,825,887,646,726,797,525,619,724,893,979,988,999,,,95
MI149,521,521,521,538,610,664,704,747,808,648,722,771,832,891,712,764,831,614,664,769,863,987,1010,1107,,,57
MI152,473,473,473,496,557,611,688,747,836,668,733,805,882,947,700,758,851,580,670,781,958,1101,1143,1164,,,219
MI153,507,507,507,507,558,578,659,723,801,615,678,742,803,862,650,702,771,533,616,720,849,945,952,963,,,376
MI154,499,499,499,499,555,598,684,750,842,663,736,820,892,956,701,782,864,577,661,794,962,1088,1119,1139,,,140
MI155,630,633,643,682,760,834,906,962,1058,903,994,1073,1130,1203,963,1031,1135,826,923,1067,1269,1409,1423,1449,,,144
MI156,432,432,432,448,515,589,649,683,731,618,677,702,767,826,664,696,749,543,633,700,825,955,987,1007,,,107
MI157,389,389,402,426,487,538,583,628,655,525,598,646,658,693,594,641,660,506,548,646,710,810,843,946,,,91
MI391,430,430,435,460,532,597,648,684,733,598,650,707,782,845,617,673,739,530,593,685,824,924,954,1043,,,47
MI434,409,409,414,438,507,573,630,674,728,572,635,691,771,834,625,680,758,526,589,699,842,946,976,1065,,,82
MN158,415,415,425,450,511,586,627,690,755,604,659,729,789,845,624,677,766,531,597,706,842,917,924,946,,,253
MN159,583,583,587,626,744,826,900,927,988,861,936,982,1089,1147,878,954,1042,766,863,968,1103,1232,1252,1295,,,1212
MN376,431,431,431,456,529,594,650,692,730,595,660,716,772,810,626,683,732,525,595,689,818,895,902,946,,,42
MN436,500,500,500,518,595,669,722,767,811,664,733,803,881,942,704,757,838,599,669,777,919,1011,1019,1054,,,49
MO160,479,479,490,521,602,651,715,789,849,706,771,881,930,1005,741,824,914,636,720,842,979,1132,1172,1193,,,726
MO161,460,460,472,507,575,635,678,749,846,656,703,764,816,895,677,731,808,565,646,785,876,1095,1097,1116,,,1354
MO162,381,381,396,421,485,540,585,626,684,516,598,648,705,741,593,642,710,505,558,652,755,810,843,946,,,1927
MO163,390,390,406,430,490,541,582,612,699,543,596,658,718,779,592,642,724,509,564,660,803,873,880,946,,,1767
MO164,381,381,396,421,465,493,581,652,688,535,618,681,691,759,593,655,693,468,511,673,792,919,926,946,,,185
MO165,385,385,401,425,492,556,619,670,739,567,624,701,748,811,606,658,733,512,575,676,818,921,948,1004,,,256
MO343,407,407,422,446,505,555,594,633,691,542,607,657,717,779,604,650,722,524,578,668,806,908,929,946,,,61
MO344,384,384,399,424,498,560,606,654,706,531,623,676,731,795,618,669,735,518,583,687,823,931,961,1050,,,129
MS168,455,457,473,503,553,589,627,727,746,605,676,700,738,799,640,684,737,563,609,693,820,923,953,1034,,,5958
MS169,386,386,402,426,494,543,610,646,737,545,625,681,758,806,596,671,739,509,566,679,824,891,917,955,,,673
MS170,438,438,441,459,531,595,630,740,810,568,625,689,751,812,616,675,747,519,572,693,830,930,960,1049,,,664
MS171,391,391,407,431,496,550,590,632,694,543,604,657,724,784,601,649,728,515,573,668,807,890,897,946,,,683
MS172,411,413,425,453,506,574,650,701,754,568,659,707,759,823,619,679,760,513,569,688,833,938,968,1057,,,464
MS410,436,438,454,482,536,569,608,696,733,579,651,675,725,786,606,658,730,519,573,676,811,911,941,956,,,1269
MS437,398,398,411,436,498,550,598,648,696,544,616,668,720,789,610,662,723,517,573,679,820,939,969,1058,,,41
MS438,384,384,399,424,488,542,585,630,685,518,601,653,711,774,597,646,716,507,565,664,800,891,898,946,,,59
MT175,418,418,418,429,493,547,624,665,730,526,608,658,711,778,603,652,715,512,569,669,808,922,952,1029,,,1966
MT347,455,455,455,480,549,616,667,713,759,599,680,742,821,872,650,708,777,550,613,721,861,958,966,977,,,135
MT379,438,438,438,463,524,569,643,694,735,560,656,718,789,847,620,685,738,520,569,692,824,929,939,950,,,110
MT440,405,405,410,434,493,551,604,645,696,555,609,661,738,799,600,651,724,511,567,669,807,907,922,946,,,41
MT441,457,457,457,482,550,611,669,714,763,614,680,742,819,883,646,708,769,546,613,715,859,969,986,1070,,,54
NC176,497,497,497,513,588,660,723,768,819,660,735,804,883,946,700,763,840,591,663,778,929,1047,1066,1136,,,147
NC177,424,424,436,468,532,582,622,686,722,626,647,689,745,805,629,679,750,568,638,697,830,929,959,1048,,,3124
NC178,424,406,421,455,501,558,605,644,699,620,643,684,725,791,620,674,729,605,646,695,819,930,959,1049,,,16927
NC179,527,527,542,590,642,707,738,814,858,751,791,856,900,967,748,793,889,701,747,849,994,1120,1122,1142,,,536
NC180,623,623,636,663,738,814,858,886,942,869,895,962,974,1066,866,890,981,833,880,954,1126,1260,1268,1301,,,280
NC181,424,430,450,504,591,652,677,770,843,639,721,754,805,863,680,749,787,549,620,724,858,945,956,1002,,,589
NC182,484,475,489,518,566,609,655,700,715,623,691,720,753,812,651,665,740,617,637,716,833,921,942,964,,,33284
NC183,432,432,441,483,525,580,628,662,702,611,685,732,752,815,658,689,749,598,617,734,842,938,950,1017,,,2600
NC184,493,493,496,521,608,645,685,736,792,682,719,786,798,863,685,719,808,645,695,767,885,1006,1008,1069,,,266
NC185,629,629,642,680,735,807,861,924,950,800,858,918,941,1012,830,866,940,792,819,897,1057,1156,1157,1178,,,610
NC186,542,542,551,574,640,682,747,793,844,756,790,843,884,946,772,803,866,703,757,831,959,1077,1098,1120,,,264
NC187,446,446,452,476,529,582,645,696,737,594,658,713,783,850,632,688,750,538,589,705,843,958,988,1078,,,130
NC372,480,480,480,503,571,633,697,749,792,636,710,779,855,916,680,738,811,568,636,758,895,1006,1025,1092,,,73
ND188,427,427,427,430,502,562,603,649,703,573,617,682,756,816,613,660,730,522,585,678,811,910,937,948,,,124
ND189,450,450,450,450,507,568,686,732,808,621,685,756,809,867,637,716,790,523,600,709,863,953,960,972,,,188
ND190,452,452,452,452,510,612,670,751,831,631,702,778,837,895,648,736,821,532,599,711,898,1023,1032,1044,,,1241
ND191,375,375,391,393,443,481,567,655,716,515,606,683,729,759,586,662,737,448,504,681,770,895,950,981,,,1553
NE192,472,472,491,516,615,655,739,783,881,667,739,800,853,913,706,771,812,588,643,781,880,924,954,1039,,,6213
NE193,466,466,466,466,550,621,701,745,811,661,707,766,807,866,675,749,788,550,625,744,846,934,951,1023,,,332
NH194,565,565,565,597,693,759,864,917,1030,780,881,956,1034,1095,845,886,996,684,758,879,1109,1205,1208,1231,,,524
NH195,625,625,625,639,684,814,865,933,1033,799,883,937,1042,1109,846,904,1008,728,798,919,1094,1261,1263,1286,,,233
NJ196,634,634,634,672,728,792,886,936,1001,826,916,1009,1065,1132,869,958,1026,749,848,970,1124,1203,1205,1226,,,184
NJ198,623,623,623,630,665,733,821,870,888,737,787,876,880,937,763,817,867,657,754,827,954,1039,1047,1059,,,556
NJ200,730,730,731,736,810,939,1014,1123,1174,1037,1160,1252,1352,1443,1110,1198,1283,915,1033,1262,1444,1615,1642,1672,,,1076
NJ201,801,801,801,801,828,943,1039,1124,1189,1095,1175,1264,1349,1416,1093,1210,1287,957,1082,1232,1456,1556,1600,1629,,,426
NJ202,751,751,751,751,805,830,875,1014,1078,969,1043,1132,1207,1262,963,1083,1145,826,930,1095,1257,1366,1399,1424,,,428
NJ203,677,677,687,717,800,874,967,1051,1104,945,1032,1119,1195,1272,966,1076,1136,834,939,1115,1243,1408,1443,1503,,,140
NJ204,668,674,695,712,806,875,976,1039,1116,882,950,1042,1138,1204,882,995,1071,772,863,1048,1176,1290,1336,1369,,,3419
NM205,392,392,408,433,487,518,601,652,719,514,613,679,748,824,605,671,754,506,518,690,856,982,1012,1102,,,2094
NM206,537,537,547,575,647,739,810,832,898,777,842,894,960,1031,772,852,953,643,759,900,1028,1180,1228,1250,,,3002
NM207,386,386,402,426,485,526,589,654,669,509,599,652,672,771,594,644,673,502,526,661,802,922,952,1027,,,1221
NM209,401,401,410,442,501,569,636,664,710,592,665,724,775,837,629,696,766,527,609,726,849,941,1002,1044,,,166
NM210,649,649,649,657,754,830,878,945,1026,881,940,1010,1080,1146,908,951,1066,769,870,981,1164,1250,1275,1299,,,254
NV211,516,516,516,537,609,657,739,794,889,702,772,832,914,976,736,796,891,631,705,833,974,1073,1100,1119,,,625
NV212,636,641,662,692,763,818,869,966,1026,783,908,969,1029,1092,857,933,999,770,817,991,1086,1161,1197,1219,,,6241
NV213,592,592,596,628,666,787,823,886,978,754,878,939,1015,1082,829,887,985,713,786,941,1079,1184,1195,1217,,,316
NY215,538,541,542,565,686,742,803,867,961,748,808,867,977,1041,785,847,941,655,732,866,1025,1151,1153,1174,,,1908
NY216,489,495,508,541,635,685,778,827,900,731,792,866,923,995,751,818,890,645,730,849,980,1129,1156,1177,,,584
NY217,722,722,722,722,818,864,916,945,1080,930,951,1032,1120,1163,921,984,1126,826,890,996,1171,1256,1281,1307,,,841
NY218,931,931,931,932,981,1047,1222,1233,1289,1110,1197,1281,1351,1410,1127,1192,1323,986,1117,1245,1385,1536,1568,1597,,,648
NY219,769,769,769,769,789,879,1000,1044,1166,1051,1126,1269,1416,1493,1051,1205,1381,878,1039,1189,1478,1645,1671,1700,,,1374
NY221,547,556,569,606,711,750,867,888,949,738,814,885,945,1011,798,848,927,699,765,879,1013,1138,1156,1177,,,305
NY222,429,436,443,475,560,601,671,755,825,602,666,754,840,903,676,722,805,567,623,767,906,1006,1019,1044,,,416
NY223,494,494,500,522,606,674,714,757,777,650,714,763,798,857,722,761,776,633,674,762,861,971,980,1000,,,504
NY225,455,455,455,461,534,600,634,698,747,572,633,700,765,790,641,681,758,560,593,677,796,887,902,946,,,3286
NY226,487,487,487,513,574,647,714,765,833,655,718,793,852,914,691,755,827,588,658,765,919,1031,1033,1059,,,153
NY349,904,904,905,905,950,1072,1143,1191,1275,1153,1248,1334,1420,1501,1194,1267,1378,1028,1155,1316,1533,1671,1696,1752,,,146
NY444,423,423,428,453,519,579,638,685,722,583,645,703,769,830,610,670,724,516,575,681,809,910,940,953,,,49
NY445,618,618,618,642,740,829,895,968,1021,790,925,1015,1105,1170,887,965,1069,741,827,991,1167,1300,1311,1368,,,79
OH227,463,463,463,505,570,563,643,744,805,646,718,774,789,854,678,727,811,556,636,741,902,1027,1046,1064,,,292
OH228,481,483,494,536,605,639,683,770,826,665,750,820,897,975,721,809,884,616,677,792,1043,1132,1188,1209,,,556
OH229,491,496,508,542,629,693,742,817,902,701,818,870,928,990,785,830,943,657,740,836,1044,1159,1186,1203,,,669
OH230,484,484,484,510,596,629,654,775,834,671,742,809,890,954,703,779,875,585,672,789,977,1084,1109,1121,,,1047
OH231,475,477,497,514,598,624,702,754,838,625,707,765,864,929,672,758,821,563,632,753,909,1024,1086,1106,,,5036
OH232,459,459,459,461,542,569,645,708,824,610,705,775,829,899,687,728,844,552,646,769,955,1096,1123,1143,,,280
OH233,399,409,418,442,511,604,648,707,796,621,698,767,788,850,659,716,814,527,618,726,900,1034,1069,1082,,,137
OH382,391,391,404,428,489,540,572,587,684,534,578,636,712,771,575,622,718,508,557,633,777,810,843,946,,,87
OH446,385,385,392,400,434,476,522,555,599,488,528,573,634,693,525,567,628,448,504,586,710,810,843,946,,,41
OH447,432,432,437,462,529,590,647,692,741,593,653,714,791,853,619,680,748,527,586,693,833,934,964,1053,,,32
OK235,394,394,410,434,490,547,564,582,673,549,572,623,694,795,568,607,708,509,547,615,842,939,972,1035,,,1053
OK236,383,383,398,423,486,539,582,625,678,516,597,647,691,734,593,641,699,505,554,645,752,820,843,946,,,808
OK237,407,407,407,431,486,514,553,596,651,521,571,617,664,696,562,611,672,505,514,616,710,810,843,946,,,8102
OK239,388,388,404,429,487,536,586,638,691,520,605,660,717,787,599,653,721,506,536,671,817,935,965,1054,,,8634
OK240,446,446,457,501,565,596,673,749,819,597,667,735,799,865,637,725,788,534,620,724,883,972,996,1069,,,375
OR091,444,444,444,468,531,588,647,694,743,594,659,722,798,859,624,688,748,527,589,695,834,939,956,1014,,,76
OR241,468,468,468,468,507,599,672,744,817,612,646,731,793,851,618,683,764,519,579,698,832,936,944,955,,,325
OR242,432,432,437,460,541,601,673,752,808,570,676,742,814,865,640,713,779,527,600,717,867,950,957,968,,,284
OR243,552,552,558,585,679,758,810,869,946,763,806,881,938,1000,764,840,888,660,743,863,966,1096,1123,1144,,,1005
OR244,502,504,517,523,577,634,709,772,861,671,725,807,881,918,708,797,872,582,654,804,929,976,1005,1025,,,191
OR245,518,518,523,557,624,645,749,839,920,670,759,851,939,1007,732,816,887,622,653,835,986,1088,1133,1153,,,133
OR246,513,513,513,541,617,662,722,772,873,679,742,815,907,981,732,802,876,639,675,812,968,1075,1091,1110,,,141
OR373,422,422,422,435,471,522,575,642,724,534,598,675,748,799,582,666,729,475,523,673,816,892,899,946,,,223
PA247,495,495,495,520,611,651,705,735,848,641,696,770,796,858,666,723,778,564,627,743,868,944,980,1054,,,1554
PA248,632,632,632,673,749,752,858,947,983,890,942,1038,1055,1065,900,984,1053,797,862,1028,1069,1208,1253,1278,,,1442
PA249,665,666,681,708,806,897,944,1020,1064,915,1011,1094,1112,1131,949,1053,1101,836,940,1053,1156,1237,1311,1337,,,1716
PA250,449,457,469,502,563,656,700,764,837,711,813,906,954,1018,783,874,987,637,706,856,1086,1188,1197,1211,,,1079
PA251,460,460,468,492,564,666,717,793,869,671,772,859,873,946,728,816,863,594,692,815,975,1116,1117,1137,,,140
PA252,546,546,546,546,625,684,757,811,889,751,819,894,945,1009,779,858,931,662,751,858,1036,1148,1165,1186,,,148
PA253,398,398,412,436,500,562,657,708,794,615,695,746,786,845,660,694,798,520,598,723,882,944,951,962,,,113
PA254,463,463,463,472,540,567,631,741,836,631,690,762,816,889,634,722,785,535,611,733,894,1050,1075,1135,,,203
PA255,564,564,564,566,635,667,807,919,989,694,823,920,981,1046,753,873,935,613,673,874,1041,1165,1179,1201,,,142
PA383,394,394,410,434,497,551,607,652,671,585,643,662,675,734,601,657,678,517,574,659,761,882,906,946,,,155
RI256,702,702,702,702,774,879,957,1075,1129,914,974,1034,1142,1208,892,993,1107,757,848,1015,1195,1325,1347,1371,,,1893
RI257,591,591,591,595,653,771,836,902,999,846,889,941,1079,1152,812,878,1023,700,797,927,1110,1301,1303,1326,,,679
SC258,497,497,502,523,594,658,684,776,805,679,731,792,876,935,719,761,846,630,685,807,874,996,1019,1068,,,3356
SC259,480,480,497,486,550,607,650,679,770,691,706,767,874,934,649,729,824,598,645,770,901,1017,1019,1047,,,5468
SC260,480,480,480,526,577,616,702,716,799,663,702,755,825,892,648,701,777,600,639,738,900,995,996,1067,,,3594
SC261,428,428,434,462,527,601,689,697,809,641,702,759,843,910,616,711,824,552,622,739,934,1042,1059,1116,,,417
SC262,459,459,459,461,519,568,613,660,722,609,630,688,749,818,625,677,755,548,600,696,847,961,991,1081,,,133
SC263,409,409,419,439,510,551,618,664,735,589,629,684,729,794,610,661,722,518,578,678,815,923,953,1035,,,3119
SC375,420,420,425,449,502,554,615,664,704,562,623,675,743,806,612,667,728,519,571,684,815,922,951,1025,,,56
SD264,484,484,484,484,530,599,644,743,816,643,696,766,820,881,664,731,808,557,632,736,913,996,1037,1054,,,1223
SD265,489,489,489,489,557,634,707,782,851,662,752,820,884,943,711,786,861,569,671,806,936,1026,1047,1088,,,187
TN266,456,459,469,516,550,605,670,736,796,639,729,768,813,861,672,740,807,568,656,753,868,959,969,981,,,196
TN267,414,414,414,451,508,582,605,693,770,598,669,722,783,847,620,693,770,524,593,699,844,952,966,1049,,,494
TN268,480,480,493,523,592,624,704,721,800,682,719,776,827,895,708,743,797,605,668,747,910,1042,1086,1105,,,1351
TN269,555,555,557,580,669,724,788,824,935,747,798,888,990,1057,795,853,951,714,754,859,1094,1193,1215,1236,,,796
TN353,390,390,406,430,490,541,588,661,735,542,628,697,757,819,600,662,741,509,564,674,815,927,934,946,,,165
TN354,382,382,397,422,491,549,599,651,698,535,617,670,722,784,611,664,725,511,572,681,811,917,947,998,,,132
TN449,437,437,442,467,520,572,624,662,714,585,632,683,762,824,608,657,731,529,580,675,814,915,945,983,,,46
TX270,415,415,415,456,522,577,640,696,757,578,659,715,786,852,610,698,759,514,578,684,883,979,991,1047,,,3320
TX271,387,387,403,427,495,551,631,673,730,586,645,708,738,837,604,671,744,514,579,686,841,976,986,1050,,,104
TX272,603,603,603,613,700,818,853,902,968,828,889,973,1002,1066,862,920,1013,772,815,999,1110,1188,1200,1221,,,867
TX273,421,421,426,452,528,580,664,735,816,617,702,770,833,891,648,724,811,533,607,736,870,1003,1054,1069,,,215
TX274,508,508,522,552,622,681,768,813,894,657,753,815,823,897,717,758,854,647,681,810,944,1090,1112,1133,,,210
TX275,509,509,519,555,626,698,766,825,885,719,821,889,947,1013,773,827,930,600,724,857,1007,1159,1177,1199,,,5093
TX276,448,448,453,491,554,622,706,742,770,633,666,725,777,847,613,661,756,528,586,698,841,996,1000,1044,,,542
TX277,588,588,588,588,687,787,860,894,947,864,941,1021,1085,1148,907,975,1026,773,853,991,1162,1222,1230,1319,,,1847
TX278,388,388,403,428,514,598,656,740,806,560,641,694,748,803,635,688,749,528,595,705,825,926,948,1001,,,549
TX279,471,471,471,501,551,594,668,666,717,614,668,736,774,835,643,701,753,559,627,717,829,936,960,1050,,,5520
TX280,560,563,578,616,691,777,794,885,962,777,863,939,992,1058,819,895,979,707,771,906,1053,1184,1199,1220,,,292
TX281,430,430,430,456,547,628,711,765,831,655,713,777,837,893,661,726,816,537,632,757,897,985,993,1004,,,273
TX282,527,527,537,570,652,717,780,859,911,762,846,922,985,1048,798,885,966,689,783,881,994,1183,1238,1260,,,1759
TX283,449,449,454,459,546,617,686,761,790,618,718,773,797,817,672,748,801,554,616,762,813,876,875,946,,,163
TX284,384,384,399,424,476,499,568,642,723,484,596,654,720,779,582,646,724,479,504,664,803,863,870,946,,,1665
TX285,513,508,522,560,628,686,758,791,826,712,736,797,855,907,682,749,803,613,685,825,924,1009,1017,1029,,,22642
TX286,439,439,450,475,530,599,655,687,756,651,699,776,793,876,675,705,723,595,604,732,860,964,965,1052,,,29693
TX288,409,409,419,479,525,612,680,712,751,607,704,773,821,884,668,724,779,560,613,764,936,987,989,1062,,,2797
TX356,513,513,519,552,622,695,753,785,824,726,783,841,900,979,760,792,874,690,744,836,1004,1121,1123,1171,,,1806
TX387,427,427,432,457,526,589,646,690,732,591,651,709,779,857,617,676,735,524,585,688,844,976,1006,1096,,,58
UT291,514,516,534,563,636,660,735,817,864,645,706,773,842,906,674,731,801,579,660,755,863,980,997,1053,,,2158
UT292,509,509,522,560,673,654,778,828,892,769,867,946,1035,1110,829,902,1001,698,798,944,1119,1224,1258,1283,,,959
UT293,434,434,439,464,517,570,619,654,705,582,626,675,753,815,603,649,722,526,578,667,804,898,905,946,,,3018
UT357,485,485,500,528,617,678,755,807,864,672,779,838,881,945,743,808,889,626,695,837,974,1083,1091,1104,,,133
VA295,540,540,540,540,579,644,752,804,907,740,812,883,935,1008,771,847,932,660,736,851,1025,1158,1174,1195,,,352
VA296,713,713,713,713,753,864,917,959,1054,896,950,1024,1017,1077,944,957,1014,785,863,964,1117,1193,1167,1188,,,4563
VA297,494,494,497,532,609,697,739,770,905,701,760,849,932,996,757,817,926,641,696,830,989,1076,1101,1121,,,14139
VA298,504,504,521,564,647,733,782,822,892,762,848,898,944,1012,816,868,964,702,750,892,1038,1139,1141,1162,,,63277
VA300,522,522,522,522,557,652,709,763,853,638,722,775,795,861,677,746,794,550,609,763,872,982,985,1057,,,2159
VA301,543,543,543,543,616,683,763,796,877,679,759,817,832,895,716,790,842,593,668,766,900,1015,1016,1053,,,695
VA302,733,733,750,784,867,959,1025,1118,1208,955,1081,1163,1213,1282,1047,1125,1217,929,959,1160,1299,1429,1458,1484,,,406
VA303,403,403,418,443,519,565,645,719,790,588,656,715,763,824,621,673,740,525,594,688,844,940,942,966,,,97
VA304,403,403,419,443,508,556,616,704,786,635,738,802,816,879,693,769,827,548,624,755,912,1008,1019,1049,,,181
VA362,425,425,425,451,507,560,637,696,793,609,666,735,799,861,635,699,772,525,611,712,865,993,1000,1020,,,188
VA368,584,584,584,584,625,678,771,838,934,696,768,836,866,931,739,799,867,634,684,786,936,1051,1053,1106,,,463
VT305,611,613,630,667,732,831,867,943,1010,794,892,960,1052,1117,869,932,1018,752,832,947,1103,1217,1233,1255,,,342
WA306,557,557,575,595,672,718,800,848,904,743,806,912,935,1000,804,839,899,686,718,857,994,1060,1122,1143,,,7561
WA307,631,631,633,661,760,836,919,951,1014,845,918,1034,1071,1131,932,970,1083,772,868,988,1090,1200,1227,1249,,,3682
WA308,488,488,488,488,560,622,705,776,834,663,689,774,813,869,680,724,794,544,632,746,845,890,898,946,,,242
WA309,643,643,646,672,757,868,955,1007,1055,954,999,1104,1147,1211,970,1047,1149,813,915,1043,1329,1317,1345,1369,,,1471
WA310,461,461,478,509,583,643,719,730,841,632,727,787,857,915,681,766,856,585,663,765,921,972,980,991,,,2154
WA311,515,515,525,554,638,650,712,767,869,746,731,828,948,1005,726,796,928,638,662,820,980,1075,1098,1112,,,13715
WA312,597,597,597,597,695,781,855,936,950,761,829,913,957,1018,804,869,940,679,735,873,1020,1044,1100,1120,,,5229
WA313,472,472,487,512,595,634,725,824,847,710,766,833,852,945,744,806,856,604,651,832,981,1107,1134,1154,,,200
WA315,425,425,431,459,540,583,643,709,770,655,651,751,788,847,640,704,799,545,594,716,852,968,1057,1140,,,120
WI316,576,576,576,579,664,750,816,878,951,773,804,916,974,1037,814,891,966,686,778,890,1044,1185,1231,1253,,,396
WI317,542,542,542,559,620,712,771,822,865,741,775,852,870,917,766,839,874,662,740,830,905,1091,1156,1179,,,616
WI318,395,395,411,435,504,575,628,676,766,555,617,669,732,794,614,662,737,524,585,680,820,922,951,1025,,,476
WI319,435,435,435,441,514,567,632,696,787,620,645,747,797,857,636,706,792,525,611,720,871,968,975,988,,,64
WI358,421,421,430,462,550,572,690,739,815,638,703,788,843,907,666,743,828,554,637,764,923,1058,1066,1079,,,123
WI359,406,406,413,437,503,558,605,662,750,583,629,699,761,824,617,671,747,522,581,689,831,933,963,1053,,,82
WI453,417,417,423,447,515,577,637,686,722,571,645,703,769,834,610,671,723,513,573,682,816,927,957,1046,,,37
WV320,403,403,414,438,496,544,590,640,722,573,661,733,763,824,623,696,772,514,586,696,846,939,946,957,,,179
WV322,396,396,411,436,493,542,613,695,752,557,651,721,781,836,618,690,755,512,567,698,827,924,938,949,,,104
WV323,394,394,410,434,502,558,644,676,759,611,677,741,809,871,637,706,789,521,612,725,879,985,1007,1053,,,292
WV360,390,390,406,430,492,544,589,634,705,539,605,658,719,781,600,651,724,511,567,669,807,907,924,946,,,115
WV454,430,430,435,460,526,586,642,685,728,589,647,705,776,838,613,671,732,523,582,683,817,919,949,1012,,,93
WV455,401,401,416,441,499,549,595,642,701,528,611,666,728,790,606,659,733,518,572,677,816,918,947,1000,,,45
WV456,392,392,406,431,488,534,582,629,663,522,599,649,666,771,594,643,667,506,534,655,803,926,956,1045,,,43
WY324,463,463,463,463,508,563,640,674,791,568,634,689,745,809,616,661,751,512,582,673,822,955,982,993,,,2645
ZZ510,414,414,414,414,456,488,526,567,610,467,543,584,620,663,534,579,626,459,487,583,681,751,757,766,,,
ZZ520,429,429,429,429,472,506,546,590,635,484,564,607,646,690,555,602,653,476,505,606,709,781,788,797,,,
ZZ530,443,443,443,443,489,524,566,612,661,501,585,631,672,718,575,626,679,493,523,630,737,812,819,828,,,
ZZ540,457,457,457,457,505,542,586,635,686,519,606,655,698,746,596,649,706,509,541,653,766,842,849,859,,,
ZZ550,472,472,472,472,522,560,607,657,711,536,627,678,724,773,617,672,732,526,560,677,794,873,880,890,,,
ZZ560,486,486,486,486,538,579,627,680,737,553,648,702,750,801,637,695,759,543,578,700,822,903,911,922,,,
ZZ570,500,500,500,500,555,597,647,702,762,570,670,725,776,829,658,719,785,559,596,724,851,934,942,953,,,
ZZ580,515,515,515,515,571,615,667,725,788,587,691,749,802,856,679,742,812,576,614,747,879,965,972,984,,,
ZZ590,529,529,529,529,588,633,688,747,813,604,712,773,829,884,699,765,838,593,632,771,907,995,1003,1015,,,
ZZ600,543,543,543,543,604,651,708,770,838,621,733,796,855,912,720,789,865,609,650,794,935,1026,1034,1046,,,
ZZ610,558,558,558,558,621,670,728,792,864,638,754,820,881,940,741,812,892,626,669,818,964,1056,1065,1077,,,
ZZ620,572,572,572,572,637,688,748,815,889,656,775,843,907,967,761,835,918,643,687,841,992,1087,1095,1108,,,
ZZ630,586,586,586,586,654,706,768,837,915,673,797,867,933,995,782,858,945,660,705,865,1020,1117,1126,1139,,,
ZZ640,600,600,600,600,670,724,789,860,940,690,818,891,959,1023,803,882,971,676,723,888,1049,1148,1157,1170,,,
ZZ650,615,615,615,615,687,743,809,882,965,707,839,914,985,1050,823,905,998,693,741,912,1077,1178,1188,1202
ZZ660,629,629,629,629,703,761,829,905,991,724,860,938,1011,1078,844,928,1024,710,759,935,1105,1209,1218,1233
ZZ670,643,643,643,643,720,779,849,927,1016,741,881,962,1037,1106,865,951,1051,726,778,959,1133,1239,1249,1264
ZZ680,658,658,658,658,736,797,870,949,1042,758,902,985,1063,1134,885,975,1077,743,796,983,1162,1270,1280,1295
ZZ690,672,672,672,672,753,815,890,972,1067,775,923,1009,1090,1161,906,998,1104,760,814,1006,1190,1300,1311,1326
ZZ700,686,686,686,686,769,834,910,994,1093,793,945,1032,1116,1189,927,1021,1131,776,832,1030,1218,1331,1342,1357
ZZ710,701,701,701,701,786,852,930,1017,1118,810,966,1056,1142,1217,947,1045,1157,793,850,1053,1247,1361,1372,1388
ZZ720,715,715,715,715,802,870,951,1039,1143,827,987,1080,1168,1244,968,1068,1184,810,868,1077,1275,1392,1403,1419
ZZ730,729,729,729,729,819,888,971,1062,1169,844,1008,1103,1194,1272,989,1091,1210,827,887,1100,1303,1422,1434,1450
ZZ740,744,744,744,744,835,906,991,1084,1194,861,1029,1127,1220,1300,1009,1114,1237,843,905,1124,1331,1453,1465,1482
ZZ750,758,758,758,758,852,925,1011,1107,1220,878,1050,1150,1246,1328,1030,1138,1263,860,923,1147,1360,1483,1495,1513
ZZ760,772,772,772,772,868,943,1032,1129,1245,895,1072,1174,1272,1355,1051,1161,1290,877,941,1171,1388,1514,1526,1544
ZZ770,787,787,787,787,885,961,1052,1152,1270,912,1093,1198,1298,1383,1071,1184,1316,893,959,1194,1416,1544,1557,1575
ZZ780,801,801,801,801,901,979,1072,1174,1296,930,1114,1221,1325,1411,1092,1207,1343,910,977,1218,1445,1575,1588,1606
ZZ790,815,815,815,815,918,997,1092,1197,1321,947,1135,1245,1351,1438,1113,1231,1369,927,996,1241,1473,1605,1618,1637
ZZ800,830,830,830,830,934,1016,1113,1219,1347,964,1156,1268,1377,1466,1134,1254,1396,943,1014,1265,1501,1636,1649,1668
ZZ810,844,844,844,844,951,1034,1133,1242,1372,981,1177,1292,1403,1494,1154,1277,1423,960,1032,1288,1529,1666,1680,1699
ZZ820,858,858,858,858,967,1052,1153,1264,1398,998,1198,1316,1429,1521,1175,1301,1449,977,1050,1312,1558,1697,1711,1731
ZZ830,873,873,873,873,984,1070,1173,1287,1423,1015,1220,1339,1455,1549,1196,1324,1476,994,1068,1335,1586,1727,1741,1762
ZZ840,887,887,887,887,1000,1088,1193,1309,1448,1032,1241,1363,1481,1577,1216,1347,1502,1010,1086,1359,1614,1758,1772,1793
ZZ850,901,901,901,901,1017,1107,1214,1331,1474,1049,1262,1386,1507,1605,1237,1370,1529,1027,1105,1382,1643,1788,1803,1824
ZZ860,916,916,916,916,1033,1125,1234,1354,1499,1067,1283,1410,1533,1632,1258,1394,1555,1044,1123,1406,1671,1819,1834,1855
ZZ870,930,930,930,930,1050,1143,1254,1376,1525,1084,1304,1434,1560,1660,1278,1417,1582,1060,1141,1430,1699,1849,1864,1886
ZZ880,944,944,944,944,1066,1161,1274,1399,1550,1101,1325,1457,1586,1688,1299,1440,1608,1077,1159,1453,1727,1880,1895,1917
ZZ890,959,959,959,959,1083,1179,1295,1421,1575,1118,1346,1481,1612,1715,1320,1464,1635,1094,1177,1477,1756,1910,1926,1948
