AK400,1028,1028,1028,1028,1366,1383,1398,1414,1435,1383,1404,1425,1439,1455,1401,1422,1441,1368,1382,1424,1462,1576,1585,1615
AK401,975,975,975,996,1183,1188,1285,1372,1410,1188,1282,1358,1452,1515,1250,1339,1427,1184,1193,1382,1504,1623,1625,1654
AK402,958,958,958,959,1336,1346,1357,1368,1405,1346,1361,1376,1478,1548,1359,1373,1439,1337,1346,1392,1527,1648,1650,1681
AK403,1078,1078,1078,1078,1259,1328,1379,1436,1526,1329,1402,1471,1530,1598,1391,1460,1540,1267,1327,1468,1627,1738,1753,1773
AK404,792,792,792,792,983,1101,1185,1278,1377,1102,1223,1336,1393,1459,1204,1319,1403,997,1098,1331,1487,1594,1608,1627
AK405,823,823,823,823,892,973,1039,1085,1187,942,1013,1102,1228,1294,993,1084,1174,896,940,1185,1255,1360,1362,1390
AL001,382,382,397,422,490,547,592,638,696,533,608,662,723,785,603,655,728,510,570,673,811,912,942,964
AL002,380,380,395,420,456,484,515,554,599,467,528,573,626,685,525,567,628,460,504,586,710,810,843,946
AL003,436,436,436,437,495,545,588,632,697,550,603,659,726,798,599,650,732,514,568,669,828,947,977,1067
AL004,470,470,470,513,582,659,676,698,755,659,684,708,768,840,680,704,776,591,657,707,860,993,1012,1091
AL005,448,448,454,493,560,601,639,695,742,590,654,714,752,797,644,705,759,564,601,711,822,911,941,957
AL006,466,466,466,508,574,626,661,700,751,626,677,725,761,808,669,717,768,580,624,723,826,938,968,1058
AL007,448,448,448,495,569,649,722,803,894,695,755,853,910,985,738,838,921,588,674,849,1005,1113,1123,1139
AL008,464,464,477,506,586,605,659,717,768,629,683,737,780,825,670,731,788,564,605,736,843,915,922,946
AR010,479,479,479,483,506,567,615,703,747,580,643,715,763,828,614,680,752,515,595,673,816,967,975,1005
AR011,409,409,409,429,461,485,534,567,604,498,533,576,648,722,525,567,629,464,504,586,769,912,942,966
AR012,386,386,401,426,490,569,623,683,753,570,647,720,765,818,635,709,773,510,568,717,840,954,993,1038
AR419,384,384,399,423,493,552,600,650,697,534,618,670,722,786,612,664,725,513,575,681,815,925,954,1044
AZ013,601,601,601,647,719,884,919,959,1026,884,936,984,1043,1111,927,976,1053,738,880,982,1140,1250,1261,1276
AZ014,456,456,456,510,595,628,701,771,843,624,691,753,795,858,680,743,780,599,623,750,855,996,1044,1081
AZ015,606,606,606,665,757,847,909,978,1033,848,937,1021,1038,1058,923,1008,1041,767,845,1018,1066,1164,1202,1224
AZ016,526,526,536,559,692,723,767,817,893,780,827,887,979,1043,777,853,924,696,743,890,1069,1167,1180,1204
CA018,852,852,852,888,946,1045,1155,1275,1384,1047,1204,1351,1396,1450,1178,1329,1405,957,1042,1345,1472,1584,1586,1614
CA019,1108,1108,1108,1129,1306,1399,1542,1568,1682,1616,1737,1834,1998,2087,1650,1754,1903,1456,1614,1819,2057,2240,2341,2383
CA021,415,415,415,468,551,581,632,688,749,582,655,724,758,798,643,713,764,555,580,721,815,887,943,962
CA022,492,492,493,502,571,630,689,742,839,692,766,805,857,916,707,750,850,587,672,776,927,1046,1046,1069
CA023,458,458,458,458,545,618,709,785,855,621,751,813,865,934,696,769,840,553,612,790,966,1052,1094,1107
CA024,690,690,690,720,767,872,956,1050,1133,873,994,1108,1143,1184,975,1091,1149,779,869,1103,1201,1267,1278,1320
CA025,776,776,776,805,858,1073,1160,1255,1325,1074,1199,1315,1329,1346,1178,1297,1332,876,1068,1310,1353,1379,1442,1468
CA026,673,673,673,673,719,771,839,952,993,738,822,896,949,1013,784,881,949,724,736,892,1019,1118,1159,1180
CA027,749,749,749,813,914,1286,1402,1455,1556,1341,1434,1536,1700,1770,1407,1499,1651,966,1359,1526,1745,1850,1883,1915
CA028,503,503,503,532,577,592,630,736,898,592,648,699,743,802,639,691,742,579,591,697,753,917,1024,1131
CA030,513,513,513,567,652,686,750,820,955,687,778,864,884,915,763,851,888,656,685,860,918,1005,1096,1117
CA031,520,520,532,582,638,700,756,856,1004,656,743,804,864,923,727,779,847,600,680,769,866,1016,1091,1154
CA032,448,448,448,448,448,499,533,603,730,499,548,607,659,718,540,600,668,448,504,605,710,810,863,1033
CA033,445,445,461,521,557,595,721,805,889,596,712,820,880,942,693,803,869,536,592,816,933,1008,1017,1060
CA034,563,563,563,600,667,698,760,839,903,699,789,873,920,994,774,860,901,671,697,870,983,1071,1098,1118
CA035,503,503,508,547,594,687,721,753,859,687,730,771,874,933,723,765,889,605,684,769,930,983,991,1002
CA036,633,633,660,684,721,785,837,918,1014,763,852,933,1035,1078,836,920,1014,701,763,938,1059,1121,1132,1152
CA037,968,968,968,1022,1123,1238,1304,1376,1468,1239,1333,1422,1486,1561,1318,1408,1498,1180,1236,1418,1593,1714,1729,1749
CA038,751,751,751,790,851,1056,1138,1229,1334,1057,1175,1286,1353,1431,1156,1269,1365,875,1051,1282,1464,1590,1604,1622
CA039,762,762,762,843,970,1256,1325,1401,1466,1257,1356,1449,1473,1501,1340,1435,1477,1003,1249,1445,1513,1558,1571,1590
CA040,439,447,459,480,528,600,681,788,911,619,687,754,859,918,637,701,823,529,619,719,894,1042,1164,1187
CA041,568,568,580,614,698,751,840,933,1047,751,826,910,1024,1062,798,858,934,666,748,840,1020,1081,1134,1204
CA042,482,482,482,500,581,663,739,809,876,631,753,827,892,957,717,793,875,597,677,812,961,1071,1073,1092
CA044,1117,1122,1139,1206,1372,1489,1603,1693,1805,1523,1640,1749,1827,1918,1621,1732,1841,1389,1518,1745,1956,2103,2121,2146
CA392,640,640,640,659,754,1039,1062,1087,1139,1039,1072,1103,1153,1212,1067,1098,1163,751,1030,1102,1237,1343,1381,1455
CA393,562,562,562,579,645,808,878,955,1019,809,909,1003,1026,1053,893,989,1030,664,804,999,1064,1107,1117,1130
CA420,640,640,640,663,700,824,880,941,1008,825,905,980,1019,1064,892,968,1026,714,821,977,1083,1156,1165,1179
CA421,551,551,551,554,644,712,773,833,892,698,800,877,957,1020,771,855,914,650,711,865,1007,1127,1136,1159
CA457,513,513,513,567,652,692,754,823,955,693,782,866,891,932,768,853,896,657,691,863,933,1024,1096,1117
CO045,578,578,593,660,788,987,1059,1139,1235,988,1092,1189,1252,1326,1075,1174,1264,811,982,1185,1357,1476,1489,1506
CO046,523,523,525,563,683,809,852,899,954,809,890,929,964,1005,861,920,970,714,806,927,1047,1102,1164,1185
CO047,588,588,588,601,699,788,855,914,964,789,870,947,971,1013,857,935,975,729,794,944,1054,1146,1175,1191
CO422,789,789,789,820,869,1055,1096,1141,1196,1055,1114,1169,1206,1250,1104,1160,1213,890,1050,1167,1269,1356,1394,1442
CT049,626,626,626,665,766,799,878,959,1064,838,907,1014,1084,1165,888,998,1096,769,795,1010,1199,1331,1342,1358
CT050,671,671,671,691,724,924,931,1024,1126,937,1035,1094,1214,1285,959,1036,1175,839,941,1068,1262,1402,1455,1481
CT051,733,733,733,810,931,1036,1101,1172,1265,1037,1130,1217,1284,1362,1115,1204,1296,943,1033,1213,1394,1520,1533,1551
DC053,768,768,768,848,974,1154,1206,1264,1357,1155,1230,1300,1378,1469,1217,1289,1392,995,1149,1297,1508,1655,1669,1689
DE054,547,547,547,604,695,703,827,866,933,734,792,863,888,956,776,823,883,696,720,832,988,1093,1122,1142
DE055,510,510,510,596,732,746,748,795,859,746,783,860,880,938,764,812,875,734,746,813,974,1015,1023,1035
FL056,485,485,488,517,578,595,676,701,763,595,701,765,843,912,647,770,893,579,597,787,958,1073,1076,1096
FL057,482,482,500,526,615,672,724,781,839,672,749,781,844,916,711,763,850,622,670,779,941,1083,1101,1120
FL058,524,524,532,576,659,715,743,789,799,715,817,829,895,966,790,801,900,666,713,842,994,1143,1148,1168
FL059,506,506,506,543,602,662,695,788,886,701,767,811,880,964,704,784,897,607,675,817,999,1143,1158,1275
FL061,694,694,718,758,853,1065,1176,1298,1436,1067,1226,1374,1460,1561,1200,1351,1476,944,1060,1368,1603,1766,1781,1802
FL062,596,596,596,622,663,769,842,923,1025,770,875,974,1044,1126,858,959,1057,675,766,970,1161,1293,1304,1319
FL063,600,600,600,602,605,753,755,758,784,753,756,760,793,851,756,759,800,622,749,760,867,972,973,1056
FL064,497,497,497,526,573,631,671,709,748,624,687,728,795,859,642,716,782,583,629,739,856,948,1000,1011
FL065,531,531,531,566,636,690,757,786,841,651,729,799,868,931,713,777,858,627,692,805,925,1041,1051,1070
FL066,629,629,629,664,720,788,824,867,943,788,895,911,996,1062,832,881,977,728,786,934,1087,1227,1258,1296
FL067,677,677,693,727,825,1007,1102,1208,1334,1008,1146,1274,1357,1454,1123,1254,1372,865,1002,1269,1495,1651,1665,1685
FL068,481,481,481,481,562,609,675,753,839,666,763,794,859,925,709,766,865,577,679,786,971,1089,1130,1143
FL069,1109,1109,1109,1174,1408,1452,1478,1577,1673,1519,1605,1686,1784,1873,1591,1673,1781,1458,1517,1683,1943,2094,2110,2149
FL070,518,518,519,540,579,657,701,764,837,692,764,806,861,935,717,780,871,593,681,793,956,1083,1085,1106
FL397,501,501,509,541,603,610,685,771,858,711,765,782,862,921,663,731,840,604,659,776,946,1084,1151,1236
FL423,591,591,591,639,714,828,879,935,1001,829,902,971,1012,1060,890,960,1019,727,825,968,1080,1157,1167,1181
FL424,533,533,533,611,733,845,858,872,929,845,863,881,948,1026,860,878,960,746,842,880,1059,1185,1195,1209
GA071,780,780,780,786,796,803,891,988,1106,805,931,1049,1128,1219,910,1031,1142,797,803,1044,1258,1406,1418,1435
GA072,486,486,486,499,520,556,605,660,719,556,627,694,738,809,616,684,743,524,576,691,839,957,987,1077
GA073,510,510,510,533,570,621,680,699,785,654,692,741,812,878,666,721,792,576,619,723,919,1011,1022,1069
GA074,538,538,538,571,624,626,688,757,808,627,716,800,811,823,702,787,813,624,626,797,829,960,962,1046
GA075,442,442,449,477,540,605,629,704,744,605,641,703,765,826,634,698,730,546,610,682,814,935,946,988
GA076,540,540,540,562,596,673,722,776,840,673,744,810,852,901,733,800,860,605,671,807,922,1001,1010,1072
GA077,693,693,693,693,694,740,764,790,846,740,809,823,912,975,769,802,884,715,750,835,952,1064,1084,1103
GA078,541,541,541,582,647,728,771,818,875,728,790,848,885,928,780,839,891,656,726,846,946,1041,1076,1138
GA079,600,600,600,620,651,733,762,794,845,733,775,815,856,904,768,809,864,661,731,813,924,1002,1011,1059
GA080,496,496,496,506,530,599,625,654,707,600,645,681,741,800,631,668,739,571,623,686,816,912,942,965
GA081,459,459,462,498,560,595,632,702,733,610,676,713,762,818,647,694,755,573,631,719,826,916,924,946
HI408,871,871,885,941,1043,1193,1285,1387,1475,1194,1326,1450,1506,1571,1305,1431,1492,1050,1188,1445,1555,1651,1675,1705
HI409,627,627,628,656,720,796,874,951,1056,850,949,1009,1073,1127,896,934,1052,807,873,974,1148,1227,1229,1253
IA082,525,531,545,570,657,760,809,855,875,761,849,861,921,980,827,860,901,704,800,861,983,1094,1107,1129
IA083,478,478,478,513,567,691,704,740,809,691,710,778,844,920,707,768,832,581,688,757,920,1043,1065,1084
IA330,422,422,422,454,505,594,612,631,680,594,620,644,705,752,616,640,711,515,592,643,770,837,843,946
IA331,402,402,407,445,518,658,688,722,761,658,702,743,774,829,695,736,773,534,654,741,834,927,956,1046
IA332,444,444,444,489,560,640,672,707,749,640,686,729,796,860,679,722,762,569,638,727,836,949,965,1048
IA389,440,440,440,464,527,596,629,666,696,596,644,689,705,763,636,682,711,523,593,687,774,855,862,946
IA425,558,558,558,609,690,758,779,809,851,758,789,844,920,991,784,814,876,698,756,819,977,1116,1137,1212
ID084,513,513,523,581,619,654,710,782,834,662,739,802,846,896,723,781,851,607,641,801,913,998,1006,1017
ID085,434,434,434,469,541,606,675,739,814,611,713,770,820,860,672,734,801,548,635,750,878,945,952,963
ID086,431,431,451,487,549,591,641,725,806,605,661,739,789,845,630,687,759,520,592,693,842,895,903,946
ID087,380,380,396,421,477,515,569,615,691,553,590,649,709,760,573,635,720,481,535,642,766,854,854,946
ID333,410,410,423,458,548,596,698,742,825,623,686,755,828,891,638,729,823,552,617,734,896,1011,1030,1057
ID426,420,420,420,442,488,536,569,604,653,526,583,623,664,706,576,617,672,507,536,621,723,810,843,946
IL088,527,527,527,544,570,592,646,709,765,611,685,731,778,829,642,710,787,573,631,726,850,935,1003,1023
IL089,461,461,461,497,553,628,674,726,799,628,695,758,793,852,684,748,785,562,626,755,842,959,967,978
IL090,476,476,476,476,532,592,660,734,829,645,732,793,869,935,686,768,859,556,661,778,956,1097,1159,1180
IL092,644,644,644,671,738,876,970,1074,1179,877,1013,1139,1195,1260,991,1120,1205,789,879,1134,1288,1393,1405,1421
IL093,462,462,462,518,606,626,714,810,891,638,753,871,899,933,733,853,904,608,633,866,991,1053,1068,1091
IL325,901,901,901,940,1020,1132,1157,1186,1253,1132,1169,1204,1272,1352,1163,1198,1285,1049,1129,1202,1386,1515,1528,1546
IL335,468,468,468,513,583,607,651,708,782,607,688,753,789,880,661,723,791,586,606,752,922,1059,1106,1118
IL366,562,562,562,562,663,753,810,874,943,754,836,914,954,1011,823,902,962,673,751,911,1021,1111,1120,1133
IL427,474,474,474,498,568,639,695,746,775,639,708,770,834,871,681,732,789,574,637,750,874,954,962,992
IN094,530,530,530,571,635,691,749,804,912,691,756,817,894,984,746,807,908,642,689,814,1022,1167,1177,1191
IN096,545,545,545,558,578,595,677,736,810,653,719,768,844,900,675,744,823,578,651,762,882,939,949,968
IN097,467,469,481,510,592,650,712,724,784,668,717,745,797,856,710,739,798,595,685,744,884,1013,1043,1064
IN099,510,510,510,538,582,583,645,686,751,602,662,711,797,863,653,703,770,582,607,708,910,1088,1097,1110
IN337,442,443,450,481,549,640,665,703,819,640,676,755,861,938,670,740,830,560,638,751,929,1070,1097,1118
IN338,393,393,408,438,510,546,590,637,700,563,611,662,734,795,601,652,728,513,569,669,805,909,916,946
IN367,543,543,543,569,609,676,679,718,760,676,700,734,818,877,687,729,776,617,674,733,868,1027,1052,1073
IN399,513,513,513,527,585,663,719,779,824,696,751,805,858,918,723,772,852,617,693,799,917,1009,1017,1029
KS100,407,407,409,441,499,554,610,644,708,570,629,713,746,809,610,660,732,541,577,682,817,922,951,1025
KS101,443,443,456,474,552,613,650,738,794,616,675,764,819,885,661,730,814,551,626,775,897,1010,1018,1079
KS102,443,443,443,446,529,707,749,796,833,707,768,825,836,880,758,816,838,549,703,823,854,951,983,1048
KS104,508,509,514,537,611,715,753,812,871,715,758,861,900,972,730,808,888,632,712,839,918,1078,1099,1119
KS105,422,422,427,459,528,583,640,681,726,595,651,718,729,795,623,689,731,544,603,718,803,915,943,970
KS334,411,411,416,441,508,559,617,671,710,527,633,690,718,765,598,657,712,506,558,668,786,867,874,946
KY106,435,435,447,476,520,568,615,645,723,578,623,664,745,810,608,648,719,559,580,666,807,919,957,982
KY107,460,460,468,494,582,643,699,788,844,667,728,810,873,935,701,775,843,586,672,803,931,1055,1076,1095
KY109,468,468,468,495,537,616,675,732,794,650,708,791,865,930,677,750,832,579,645,783,914,1054,1090,1110
KY110,389,389,405,429,485,509,522,554,599,501,528,573,626,685,525,567,628,498,508,586,710,810,843,946
KY112,396,396,410,435,492,540,578,600,663,528,587,624,677,721,582,617,687,510,558,622,739,810,843,946
KY339,413,413,418,442,505,591,652,720,793,592,680,762,805,856,665,749,813,523,588,759,877,958,966,1030
KY428,390,390,403,428,489,542,586,631,689,536,602,655,716,777,597,648,721,509,565,666,803,892,900,946
KY429,423,423,423,437,496,567,593,638,711,567,607,667,741,807,603,658,748,515,569,678,834,939,969,1058
KY430,402,402,411,436,503,560,599,639,693,535,612,661,720,785,609,654,724,523,583,672,813,922,951,1026
LA113,394,394,409,438,507,599,639,684,732,599,657,712,739,786,648,703,744,518,596,710,812,913,943,972
LA114,494,494,494,513,547,575,681,725,815,636,681,774,831,898,662,759,841,552,630,770,926,1052,1071,1118
LA115,391,391,407,431,486,516,535,554,680,510,543,607,709,772,538,592,715,505,516,603,798,871,878,946
LA116,515,515,515,544,590,773,827,887,966,774,851,924,982,1050,839,913,993,631,768,921,1078,1188,1198,1212
LA117,437,437,451,489,537,591,628,686,726,599,653,710,764,843,639,670,737,525,600,690,841,980,1009,1098
LA118,522,522,522,550,595,770,802,838,874,770,817,861,878,899,809,854,882,615,766,859,908,1006,1031,1088
LA326,448,448,448,476,519,591,606,679,739,591,624,677,732,795,618,670,736,527,589,688,822,927,957,1046
LA370,471,471,471,471,515,580,641,699,797,643,692,761,834,899,648,713,821,554,621,753,902,1031,1086,1110
LA371,432,432,446,471,542,581,619,681,766,582,650,714,786,832,639,696,782,542,581,711,849,915,922,946
MA119,723,723,723,764,845,1041,1112,1191,1241,1042,1145,1241,1242,1243,1128,1226,1242,867,1036,1237,1243,1245,1256,1271
MA120,998,998,998,1019,1097,1238,1283,1425,1555,1431,1566,1662,1801,1890,1481,1558,1778,1271,1362,1575,2049,2190,2248,2289
MA121,723,723,723,764,845,1041,1112,1191,1241,1042,1145,1241,1242,1243,1128,1226,1242,867,1036,1237,1243,1245,1256,1271
MA122,763,763,763,770,781,861,964,1077,1193,862,1010,1148,1210,1282,986,1127,1221,790,859,1143,1312,1428,1440,1457
MA123,635,635,635,715,842,945,1053,1173,1274,946,1102,1248,1284,1327,1077,1226,1291,854,942,1242,1345,1413,1425,1442
MA124,747,747,747,807,962,1131,1227,1334,1465,1132,1271,1400,1490,1596,1248,1380,1507,981,1127,1395,1640,1810,1825,1847
MA125,703,703,703,717,856,1141,1191,1246,1322,1142,1213,1281,1338,1405,1202,1270,1348,889,1134,1278,1433,1540,1553,1571
MA126,582,582,582,609,652,769,834,905,1000,787,863,950,1016,1081,848,937,990,666,766,946,1047,1174,1205,1226
MA151,723,723,723,764,845,1041,1112,1191,1241,1042,1145,1241,1242,1243,1128,1226,1242,867,1036,1237,1243,1245,1256,1271
MA377,785,785,785,871,1007,1263,1338,1422,1514,1264,1372,1474,1530,1595,1355,1458,1540,1036,1257,1470,1623,1728,1743,1763
MA431,489,489,489,509,598,755,797,843,905,755,815,872,918,972,806,863,927,616,751,870,995,1082,1091,1161
MD127,534,534,535,583,686,801,843,889,972,801,861,918,979,1051,852,909,991,699,798,916,1081,1197,1207,1222
MD128,694,694,694,785,929,1119,1196,1282,1359,1120,1231,1335,1369,1408,1213,1319,1375,951,1114,1331,1425,1489,1502,1519
MD129,590,590,591,625,746,827,898,977,1068,828,931,1027,1084,1151,914,1012,1095,756,837,1023,1179,1287,1298,1313
MD130,693,693,693,694,760,882,906,933,1034,882,917,950,989,1035,911,945,996,774,879,948,1055,1129,1139,1153
MD133,774,774,774,813,874,1148,1183,1222,1303,1148,1199,1247,1325,1416,1191,1239,1339,910,1141,1245,1454,1601,1615,1634
MD134,783,783,783,805,868,930,1019,1054,1111,926,995,1059,1081,1149,964,1040,1086,874,925,1050,1171,1276,1280,1303
MD135,670,670,670,727,817,824,864,909,981,831,892,965,998,1070,874,928,1025,818,823,935,1100,1215,1225,1240
MD340,439,439,439,463,525,582,608,633,699,572,618,659,715,763,610,651,724,521,584,657,780,850,857,946
MD432,561,561,561,590,635,730,771,816,868,730,789,845,877,914,780,836,883,646,727,843,930,1003,1020,1088
ME136,485,485,485,517,604,686,736,781,871,667,786,829,929,992,752,822,877,615,701,822,986,1077,1088,1107
ME137,408,408,413,437,497,551,595,643,701,526,614,671,742,786,594,644,717,506,550,662,799,864,871,946
ME139,610,610,610,670,764,993,1055,1123,1206,994,1083,1166,1222,1287,1068,1153,1232,790,987,1163,1315,1420,1432,1449
ME141,561,561,561,585,623,734,784,838,898,735,806,873,907,947,794,863,913,636,731,870,964,1028,1037,1092
ME390,474,474,474,511,584,624,666,719,792,650,713,761,825,885,669,744,816,586,641,753,890,985,994,1005
ME433,441,441,441,476,532,598,633,672,723,598,649,697,757,819,641,689,739,540,596,695,808,909,932,946
MI142,589,589,589,650,747,858,876,897,929,858,889,954,981,1059,880,907,1007,760,855,936,1146,1321,1356,1380
MI143,382,382,397,422,475,507,564,625,681,487,589,648,707,724,576,641,711,479,507,649,727,810,843,946
MI145,412,412,413,437,493,540,582,619,663,538,596,636,673,714,592,631,680,511,558,635,731,833,885,946
MI146,548,548,550,607,665,735,785,810,849,735,795,824,853,895,765,820,859,674,756,823,915,994,1003,1015
MI148,475,475,475,475,518,648,661,703,783,648,670,759,825,887,663,726,797,533,645,724,893,979,988,999
MI149,529,529,529,557,610,664,704,747,808,656,722,771,832,891,712,764,831,614,664,769,863,987,1010,1107
MI152,482,482,482,524,589,643,702,767,836,668,733,808,882,947,715,796,851,595,670,805,958,1101,1143,1164
MI153,507,507,507,543,610,683,722,765,807,683,739,792,812,862,730,784,816,619,681,790,849,945,952,963
MI154,503,503,503,551,626,684,742,806,874,685,768,846,892,956,754,834,892,633,682,843,962,1088,1119,1139
MI155,696,696,696,747,827,1009,1121,1246,1383,1011,1172,1323,1407,1504,1146,1300,1422,848,1004,1317,1545,1702,1717,1737
MI156,432,432,432,475,564,671,678,686,731,671,681,702,767,826,680,696,749,576,668,700,825,955,987,1007
MI157,389,389,402,426,487,538,583,628,655,525,598,646,658,693,594,641,660,506,548,646,710,810,843,946
MI391,509,509,509,524,547,624,679,740,800,625,704,778,808,845,691,766,814,556,622,775,858,924,954,1043
MI434,409,409,414,456,539,644,685,730,777,644,703,759,784,834,694,750,788,551,641,757,842,946,976,1065
MN158,481,481,481,519,579,607,648,693,755,607,666,729,789,845,657,713,766,582,606,720,842,917,924,946
MN159,624,624,624,722,875,1130,1207,1292,1379,1131,1242,1345,1408,1480,1224,1329,1419,904,1124,1341,1511,1629,1643,1662
MN376,431,431,431,456,535,594,650,692,730,595,660,716,772,810,626,683,732,536,595,689,818,895,902,946
MN436,502,502,502,566,666,686,754,830,887,687,785,877,891,942,769,863,894,668,685,873,919,1011,1019,1054
MO160,504,504,504,546,611,744,796,853,925,745,819,889,939,1005,807,878,949,636,741,886,1023,1132,1172,1193
MO161,592,592,592,598,609,635,678,749,846,656,703,765,844,937,688,755,859,611,646,785,976,1125,1135,1148
MO162,381,381,396,421,485,540,585,626,684,516,598,648,705,741,593,642,710,505,558,652,755,810,843,946
MO163,390,390,406,430,490,550,582,612,699,550,596,658,718,779,592,642,724,509,564,660,803,873,880,946
MO164,381,381,396,421,465,493,581,652,688,535,618,681,691,759,593,655,693,468,511,673,792,919,926,946
MO165,398,398,401,425,492,556,619,670,739,567,624,701,748,811,606,663,739,512,575,676,822,927,948,1004
MO343,407,407,422,446,512,555,594,633,691,542,607,657,717,779,604,650,722,524,578,668,806,908,929,946
MO344,384,384,399,424,498,565,606,654,706,565,623,676,731,795,618,669,735,518,583,687,823,931,961,1050
MS168,608,608,608,627,657,664,691,727,778,664,704,741,792,851,697,735,801,658,663,739,876,972,980,1034
MS169,386,386,402,426,494,543,610,646,737,545,625,681,758,806,596,671,739,509,566,679,824,891,917,955
MS170,438,438,441,480,557,645,715,792,865,646,747,841,875,914,730,826,881,567,643,837,931,995,1004,1049
MS171,391,391,407,431,496,550,595,663,734,543,623,705,745,791,608,692,752,515,573,702,810,890,897,946
MS172,411,413,425,453,512,649,677,708,755,649,690,728,766,823,683,722,773,528,645,726,833,938,968,1057
MS410,563,563,563,584,618,695,728,764,821,695,742,787,833,888,735,780,842,627,693,785,910,998,1007,1019
MS437,398,398,411,436,498,550,598,648,696,544,616,668,720,789,610,662,723,517,573,679,820,939,969,1058
MS438,384,384,399,424,488,542,585,630,685,530,601,653,711,774,597,646,716,507,565,664,800,891,898,946
MT175,418,418,418,429,493,566,624,665,730,566,608,658,711,778,603,652,715,512,569,669,808,922,952,1029
MT347,455,455,455,480,549,616,667,715,773,604,680,752,821,872,668,741,786,550,613,749,861,958,966,977
MT379,438,438,438,463,524,630,654,694,735,630,664,718,789,847,659,692,738,520,626,695,824,929,939,950
MT440,405,405,410,434,493,551,604,645,696,555,609,661,738,799,600,651,724,511,567,669,807,907,922,946
MT441,508,508,508,521,550,639,682,731,782,639,702,761,819,883,692,752,796,553,636,758,859,969,986,1070
NC176,547,547,547,582,636,669,723,768,819,669,735,804,883,946,701,763,840,640,668,778,929,1047,1066,1136
NC177,441,441,441,471,532,582,622,686,722,626,647,697,745,805,629,688,750,568,638,697,830,929,959,1048
NC178,424,424,424,462,543,576,605,644,699,620,643,684,725,791,620,674,729,605,646,695,819,930,959,1049
NC179,677,677,677,721,791,939,942,945,989,939,943,948,1004,1070,943,947,1014,808,935,948,1097,1203,1213,1228
NC180,623,623,636,669,763,903,942,986,1058,903,960,1014,1074,1145,951,1006,1085,833,899,1012,1174,1288,1299,1314
NC181,500,500,500,531,591,654,700,770,843,654,721,784,809,863,710,774,813,590,652,781,858,945,956,1002
NC182,536,536,536,541,566,609,655,700,715,623,691,720,753,812,651,665,740,617,637,716,833,921,942,964
NC183,432,432,441,483,525,580,628,662,702,611,685,732,752,815,658,689,749,598,617,734,842,938,950,1017
NC184,518,518,518,548,608,717,731,746,792,717,737,786,806,864,734,753,815,645,714,767,889,1006,1008,1069
NC185,721,721,721,760,822,857,903,954,1042,857,924,986,1063,1152,913,976,1077,826,856,983,1190,1335,1346,1362
NC186,603,603,603,630,672,768,796,827,848,768,809,847,884,946,802,841,866,703,765,845,959,1077,1098,1120
NC187,574,574,574,598,636,678,741,811,866,679,770,855,870,887,755,842,872,641,677,851,894,958,988,1078
NC372,480,480,480,516,586,666,697,749,792,666,710,779,855,916,695,738,811,595,664,758,895,1006,1025,1092
ND188,427,427,427,430,502,562,603,649,703,573,617,682,756,816,613,660,730,522,585,678,811,910,937,948
ND189,450,450,450,450,507,740,759,780,808,740,767,793,809,867,763,789,800,523,734,792,863,953,960,972
ND190,452,452,452,470,574,655,678,751,831,655,702,778,837,895,683,736,821,583,653,718,898,1023,1032,1044
ND191,375,375,391,393,443,481,567,655,716,515,606,683,729,759,586,662,737,448,504,681,770,895,950,981
NE192,494,494,494,530,615,655,739,783,881,667,739,833,853,913,707,816,851,590,643,829,880,924,954,1039
NE193,495,495,495,551,639,695,719,746,811,695,730,766,807,866,724,758,794,646,693,761,846,934,951,1023
NH194,695,695,695,734,796,976,1082,1200,1306,977,1130,1273,1318,1371,1105,1251,1326,817,971,1260,1393,1478,1491,1508
NH195,625,625,625,687,796,890,985,1090,1203,891,1028,1156,1221,1297,1006,1136,1233,807,887,1151,1329,1452,1464,1482
NJ196,655,655,655,697,763,793,886,936,1001,826,916,1009,1065,1132,869,958,1026,767,848,970,1124,1203,1205,1226
NJ198,720,720,720,726,736,787,821,870,888,787,808,876,887,955,805,826,898,742,785,828,983,1093,1102,1115
NJ200,760,760,760,877,1060,1177,1313,1463,1534,1179,1374,1556,1605,1663,1342,1528,1614,1074,1174,1549,1687,1780,1795,1816
NJ201,829,829,829,873,943,1247,1274,1304,1360,1247,1286,1323,1374,1433,1280,1317,1383,978,1240,1321,1458,1556,1600,1629
NJ202,830,830,830,878,954,955,1033,1118,1206,969,1068,1172,1218,1273,1050,1156,1227,954,955,1168,1295,1383,1399,1424
NJ203,718,718,718,777,869,950,1016,1090,1163,951,1046,1136,1195,1272,1031,1122,1180,878,948,1132,1243,1408,1443,1503
NJ204,722,722,722,747,806,988,1045,1108,1189,989,1070,1147,1205,1272,1057,1135,1215,810,983,1144,1301,1410,1422,1439
NM205,394,394,408,433,487,653,677,704,772,653,688,721,792,875,682,716,805,506,649,719,909,1043,1052,1102
NM206,541,541,547,592,673,778,829,886,947,779,853,922,960,1031,841,911,963,685,775,919,1028,1180,1228,1250
NM207,386,386,402,426,485,526,589,654,669,509,599,652,672,771,594,644,673,502,526,661,802,922,952,1027
NM209,403,403,410,476,590,663,698,737,783,663,714,761,792,837,705,754,798,599,661,759,849,941,1002,1044
NM210,649,649,649,694,802,937,1046,1167,1250,938,1095,1242,1254,1268,1070,1220,1256,818,934,1236,1274,1296,1307,1323
NV211,516,516,516,537,609,669,739,794,889,702,772,832,914,976,736,796,891,631,705,833,974,1073,1100,1119
NV212,636,641,662,692,768,869,902,966,1026,869,918,969,1029,1092,910,956,1032,780,866,991,1118,1228,1239,1253
NV213,592,592,596,628,677,787,844,916,993,779,878,962,1015,1082,858,948,1012,713,786,958,1079,1184,1195,1217
NY215,538,541,542,605,728,798,805,867,961,798,809,867,977,1041,807,847,941,736,796,866,1025,1151,1153,1174
NY216,499,499,508,541,635,685,778,850,951,731,793,911,967,1032,772,893,977,645,730,906,1060,1165,1175,1189
NY217,722,722,722,722,818,954,957,960,1080,954,958,1032,1120,1163,958,984,1126,826,950,996,1171,1256,1281,1307
NY218,1113,1113,1113,1193,1243,1338,1485,1500,1511,1433,1491,1510,1511,1512,1447,1507,1511,1251,1421,1509,1513,1536,1568,1597
NY219,838,838,838,937,1066,1200,1334,1377,1462,1375,1480,1625,1744,1833,1393,1555,1693,1125,1366,1531,1820,1903,1919,1942
NY221,556,556,569,606,711,750,867,888,949,738,814,885,945,1011,798,848,927,699,765,879,1013,1138,1156,1177
NY222,429,436,443,475,560,605,671,755,825,605,666,754,840,903,676,722,805,567,623,767,906,1006,1019,1044
NY223,494,494,500,522,606,674,714,757,786,650,714,763,798,857,722,761,802,633,674,762,861,971,980,1000
NY225,455,455,455,461,534,600,634,698,747,576,633,700,765,790,641,681,758,560,593,677,796,887,902,946
NY226,505,505,505,519,574,670,720,775,833,671,742,810,852,914,731,799,827,588,667,807,919,1031,1033,1059
NY349,1039,1039,1039,1121,1153,1304,1394,1457,1565,1426,1522,1634,1738,1827,1456,1553,1689,1246,1403,1613,1862,2012,2042,2108
NY444,423,423,428,453,519,579,638,685,722,583,645,703,769,830,611,670,724,516,575,681,809,910,940,953
NY445,618,618,618,642,740,829,895,968,1021,794,925,1015,1105,1170,887,965,1069,741,827,991,1167,1300,1311,1368
OH227,488,488,488,521,574,724,776,835,913,725,800,871,929,997,788,860,940,591,720,868,1026,1136,1146,1159
OH228,481,483,494,536,605,654,703,770,836,665,750,820,897,975,721,809,884,616,677,792,1043,1132,1188,1209
OH229,491,496,508,542,629,693,742,817,902,701,818,870,928,990,785,830,943,657,740,836,1044,1159,1186,1203
OH230,484,484,484,510,596,643,714,792,886,671,746,841,903,976,729,826,915,585,672,837,1007,1124,1134,1147
OH231,475,477,497,514,598,624,702,754,838,625,707,765,864,929,672,758,821,563,632,753,909,1024,1086,1106
OH232,459,459,459,474,561,622,646,708,824,622,705,775,829,899,687,728,844,568,646,769,955,1096,1123,1143
OH233,412,412,418,455,523,604,648,707,796,621,698,767,788,850,659,716,814,532,618,726,900,1034,1069,1082
OH382,391,391,404,428,489,540,572,587,684,534,578,636,712,771,575,622,718,508,557,633,777,810,843,946
OH446,385,385,392,400,434,476,522,555,599,488,528,573,634,693,525,567,628,448,504,586,710,810,843,946
OH447,441,441,441,476,532,598,647,692,741,598,653,714,791,853,641,689,748,540,596,695,833,934,964,1053
OK235,394,394,410,434,490,547,564,582,673,549,572,623,694,795,568,607,708,509,547,615,842,939,972,1035
OK236,383,383,398,423,486,539,582,625,678,516,597,647,691,734,593,641,699,505,554,645,752,820,843,946
OK237,407,407,407,431,486,514,553,596,651,521,571,617,664,696,562,611,672,505,514,616,710,810,843,946
OK239,438,438,438,471,522,564,593,638,691,564,606,660,717,787,599,653,721,527,563,671,817,935,965,1054
OK240,476,476,476,501,565,658,674,749,819,658,682,735,799,876,678,725,798,535,654,724,914,1063,1072,1085
OR091,467,467,467,490,531,619,647,694,743,619,659,722,798,859,624,688,748,538,616,695,834,939,956,1014
OR241,468,468,468,468,508,599,672,744,817,612,646,731,793,851,618,683,764,519,579,698,832,936,944,955
OR242,432,432,437,460,541,601,673,752,808,570,676,742,814,865,640,713,779,527,600,717,867,950,957,968
OR243,552,552,558,585,679,758,810,869,946,763,817,902,946,1000,802,889,954,660,743,898,1018,1101,1123,1144
OR244,502,504,517,523,577,634,709,772,861,671,725,807,881,918,708,797,872,582,654,804,929,976,1005,1025
OR245,525,525,525,557,624,732,749,839,920,732,759,851,939,1007,736,816,887,622,727,835,986,1088,1133,1153
OR246,513,513,513,541,617,662,722,772,873,679,742,815,907,981,732,802,876,639,675,812,968,1075,1091,1110
OR373,422,422,422,435,471,523,575,642,724,534,598,675,748,799,582,666,729,475,523,673,816,892,899,946
PA247,508,508,508,559,639,651,705,735,848,642,697,770,796,858,688,741,799,640,641,747,868,944,980,1054
PA248,673,673,673,678,749,752,858,947,983,890,942,1038,1055,1065,900,984,1053,797,862,1028,1069,1208,1253,1278
PA249,771,771,771,786,809,897,944,1020,1064,915,1011,1094,1112,1131,949,1053,1101,836,940,1053,1156,1267,1311,1337
PA250,492,492,492,538,611,701,746,796,873,711,813,906,954,1018,783,874,987,637,706,856,1086,1188,1197,1211
PA251,500,500,500,528,573,678,717,793,869,678,772,859,873,946,728,816,863,594,692,815,975,1116,1117,1137
PA252,546,546,546,546,625,686,757,835,916,751,819,894,945,1009,779,869,937,662,751,880,1036,1148,1165,1186
PA253,420,420,420,462,529,566,657,708,794,615,695,746,786,845,660,694,798,533,598,723,882,944,951,962
PA254,508,508,508,508,540,567,631,741,836,631,690,762,816,889,634,722,785,535,611,733,894,1050,1075,1135
PA255,564,564,564,566,635,716,807,919,989,716,823,920,981,1046,753,873,935,635,713,874,1041,1165,1179,1201
PA383,394,394,410,434,497,551,607,652,671,585,643,662,675,734,601,657,678,517,574,659,761,882,906,946
RI256,702,702,702,754,903,1157,1213,1275,1370,1158,1238,1314,1392,1483,1221,1302,1406,932,1151,1311,1521,1668,1682,1702
RI257,640,640,640,685,756,835,873,916,1010,846,891,943,1079,1152,882,935,1053,765,833,941,1190,1365,1377,1393
SC258,497,497,502,533,622,701,756,818,872,702,781,856,879,935,768,844,883,631,699,853,917,996,1019,1068
SC259,610,610,610,612,616,625,706,796,869,691,743,852,875,934,724,835,879,617,645,848,913,1017,1019,1047
SC260,526,526,526,535,577,616,702,716,799,663,702,755,825,892,651,712,777,600,639,738,900,995,996,1067
SC261,509,509,509,530,564,601,689,708,821,641,702,759,847,958,651,739,865,565,622,748,1005,1185,1195,1209
SC262,630,630,630,653,689,727,762,801,864,727,778,826,879,940,770,818,888,694,726,824,966,1066,1075,1088
SC263,412,412,419,439,510,551,618,664,735,589,629,684,729,794,610,661,722,518,578,678,815,923,953,1035
SC375,431,431,431,460,506,576,615,664,704,576,623,675,743,806,612,667,728,519,574,684,815,922,951,1025
SD264,511,511,511,518,530,599,644,743,816,643,696,766,820,881,664,731,808,557,632,736,913,996,1037,1054
SD265,489,489,489,519,614,707,753,805,852,707,774,837,884,943,763,827,862,625,704,834,936,1026,1047,1088
TN266,477,477,477,516,550,605,670,736,799,639,729,768,813,861,672,754,818,568,656,764,882,962,970,982
TN267,478,478,478,512,566,652,674,699,770,652,684,722,783,847,679,710,770,576,650,714,844,952,966,1049
TN268,564,564,564,581,609,683,741,805,881,684,767,845,895,953,753,833,904,618,681,842,978,1072,1086,1105
TN269,598,598,598,648,728,851,891,936,1015,851,909,964,1035,1117,900,955,1047,742,848,962,1152,1285,1296,1311
TN353,390,390,406,430,490,541,588,661,735,542,628,697,757,819,600,662,741,509,564,674,815,927,934,946
TN354,382,382,397,422,491,549,599,651,698,535,617,670,722,784,611,664,725,511,572,681,811,917,947,998
TN449,490,490,490,528,588,589,633,682,739,590,653,713,762,824,643,704,755,588,589,710,814,915,945,983
TX270,415,415,415,456,524,582,640,696,757,582,659,715,786,852,610,698,759,531,580,684,883,979,991,1047
TX271,426,426,426,473,546,586,631,673,730,586,645,708,738,837,604,671,744,551,585,686,841,976,986,1050
TX272,689,689,689,704,729,861,913,971,1084,862,937,1007,1113,1237,924,996,1132,772,858,1004,1289,1489,1502,1519
TX273,461,461,461,492,542,639,685,736,816,639,706,770,833,891,695,758,811,553,636,765,870,1003,1054,1069
TX274,519,519,522,552,622,721,768,813,894,721,753,815,867,979,742,766,884,647,717,810,1026,1208,1218,1233
TX275,592,592,592,612,645,715,766,825,885,719,821,889,947,1013,773,827,930,653,724,857,1007,1159,1177,1199
TX276,455,455,455,505,583,687,734,785,841,687,755,818,850,887,744,808,855,595,684,815,902,996,1000,1044
TX277,651,651,651,714,813,982,1056,1137,1241,983,1089,1188,1261,1347,1072,1173,1275,832,978,1184,1383,1521,1534,1552
TX278,388,388,403,428,514,651,671,740,806,651,680,707,748,803,675,703,749,528,647,706,825,926,948,1001
TX279,471,471,471,502,572,594,668,748,810,614,700,798,815,835,683,783,818,575,627,794,843,936,960,1050
TX280,673,673,673,713,776,913,975,1043,1117,914,1003,1086,1129,1179,988,1073,1136,792,909,1083,1200,1280,1291,1306
TX281,441,441,441,491,569,676,724,778,834,676,746,812,842,893,735,802,848,581,673,809,897,985,993,1004
TX282,648,648,648,667,698,818,904,999,1079,819,943,1059,1087,1121,923,1041,1092,712,815,1054,1135,1188,1238,1260
TX283,449,449,454,459,546,620,686,761,790,620,718,773,797,817,672,748,801,554,617,762,813,876,876,946
TX284,384,384,399,424,497,572,575,642,723,572,596,654,720,779,582,646,724,506,570,664,803,863,870,946
TX285,557,557,557,566,628,686,758,791,826,712,736,797,855,907,682,749,803,613,685,825,924,1009,1017,1029
TX286,439,439,450,475,530,599,655,687,756,651,699,776,793,876,675,705,723,595,604,732,860,964,965,1052
TX288,462,462,462,490,533,612,680,712,751,607,704,773,821,884,668,724,779,560,613,764,936,987,989,1062
TX356,522,522,522,573,654,734,753,785,827,734,783,841,900,979,760,792,874,690,744,836,1004,1121,1123,1171
TX387,427,427,432,470,562,628,692,763,837,629,721,808,849,896,706,795,856,570,626,804,916,993,1006,1096
UT291,514,516,534,563,636,660,735,817,864,645,706,773,842,906,674,735,801,579,660,755,863,980,997,1053
UT292,550,550,550,585,673,797,822,850,892,797,867,946,1035,1110,829,902,1001,698,798,944,1119,1224,1258,1283
UT293,434,434,439,464,518,581,619,654,705,582,630,675,753,815,622,668,722,526,579,673,804,898,905,946
UT357,485,485,500,528,617,678,755,807,864,672,779,838,881,945,743,808,889,626,695,837,974,1083,1091,1104
VA295,608,608,608,679,792,910,948,991,1026,910,966,1018,1030,1044,957,1010,1032,806,907,1016,1050,1158,1174,1195
VA296,713,713,713,713,772,864,917,959,1054,896,950,1024,1024,1077,944,957,1014,785,863,964,1117,1193,1193,1194
VA297,494,494,497,532,609,697,739,770,905,701,760,849,932,996,757,817,926,641,696,830,989,1076,1101,1121
VA298,546,546,546,578,647,733,782,837,921,762,848,898,944,1012,816,868,964,702,750,892,1040,1156,1166,1180
VA300,522,522,522,522,557,652,709,763,853,638,722,775,795,861,677,746,794,550,609,763,872,982,985,1057
VA301,543,543,543,543,616,683,763,796,877,679,759,817,832,895,716,790,842,604,668,767,919,1024,1033,1053
VA302,767,767,767,855,994,1083,1111,1143,1208,1083,1124,1163,1213,1282,1118,1157,1217,1004,1081,1161,1299,1429,1458,1484
VA303,426,426,426,455,519,565,645,719,790,588,656,715,763,824,621,673,740,525,594,688,844,940,942,966
VA304,428,428,428,455,508,559,616,704,786,635,738,802,816,879,693,769,827,548,624,755,912,1008,1019,1049
VA362,458,458,458,481,518,646,687,732,793,646,705,760,799,861,695,751,787,533,643,758,865,993,1000,1020
VA368,600,600,600,638,697,765,802,844,934,765,819,870,902,940,811,862,908,705,763,868,956,1051,1053,1106
VT305,611,613,630,667,769,853,921,997,1098,854,952,1044,1118,1205,936,1030,1132,779,851,1040,1242,1382,1394,1410
WA306,590,590,590,623,675,730,800,848,904,743,806,912,935,1000,804,839,899,686,728,857,994,1060,1122,1143
WA307,678,678,678,717,778,897,964,1039,1126,898,995,1086,1142,1207,979,1072,1152,792,894,1082,1234,1339,1351,1366
WA308,488,488,488,488,560,626,705,776,834,663,689,774,813,869,680,724,794,548,632,746,845,890,898,946
WA309,694,694,694,765,876,976,1012,1052,1134,976,1028,1104,1156,1248,1020,1069,1170,888,973,1075,1329,1436,1448,1465
WA310,461,461,478,509,583,643,719,730,841,632,727,787,857,915,681,766,856,585,663,765,921,972,980,991
WA311,515,515,525,554,641,729,773,822,869,746,793,853,948,1005,783,844,928,651,727,850,980,1075,1098,1112
WA312,597,597,597,597,695,781,855,936,950,761,829,913,957,1018,804,869,940,679,735,873,1020,1044,1100,1120
WA313,473,473,487,520,595,754,774,824,847,754,783,833,852,945,779,806,856,613,750,832,981,1107,1134,1154
WA315,425,425,431,459,540,583,643,709,770,655,655,751,788,847,640,704,799,545,594,716,852,968,1057,1140
WI316,590,590,590,632,699,750,828,965,1076,773,884,1050,1085,1127,855,1025,1092,700,778,1043,1144,1211,1231,1253
WI317,644,644,644,656,674,712,771,822,865,741,775,852,870,917,766,839,874,677,740,830,905,1091,1156,1179
WI318,397,397,411,439,506,597,628,676,766,597,617,669,732,794,614,662,737,524,595,680,820,922,951,1025
WI319,435,435,435,475,545,575,632,696,787,620,645,747,797,857,636,706,792,549,611,720,871,968,975,988
WI358,421,421,430,490,602,705,718,739,815,705,724,788,843,907,721,743,828,614,702,764,923,1058,1066,1079
WI359,416,416,416,438,503,558,605,662,750,583,629,699,761,824,617,671,747,522,581,689,831,933,963,1053
WI453,417,417,423,454,525,612,644,686,722,612,659,703,769,834,651,696,723,535,610,701,816,927,957,1046
WV320,496,496,496,508,527,562,604,651,722,573,661,733,763,824,623,696,772,531,586,696,846,939,946,957
WV322,402,402,411,448,521,712,735,761,778,712,745,777,781,836,740,772,779,543,707,776,827,924,938,949
WV323,429,429,429,471,536,558,644,676,759,611,677,741,809,871,637,706,789,537,612,725,879,985,1007,1053
WV360,401,401,406,430,492,544,589,634,705,539,605,658,719,781,600,651,724,511,567,669,807,907,924,946
WV454,526,526,526,553,596,674,689,705,742,674,695,716,776,838,692,713,759,605,672,715,817,919,949,1012
WV455,402,402,416,441,499,556,595,642,701,556,611,666,728,790,606,659,733,518,572,677,816,918,947,1000
WV456,392,392,406,431,488,534,582,629,663,522,599,649,666,771,594,643,667,506,534,655,803,926,956,1045
WY324,463,463,463,463,508,563,640,674,791,568,634,689,745,809,616,661,751,512,582,673,822,955,982,993
ZZ510,333,333,333,355,390,429,451,476,514,429,461,491,522,559,456,487,528,394,428,490,574,633,638,646
ZZ520,346,346,346,369,406,449,473,499,538,449,483,515,547,584,478,510,553,411,448,514,600,660,665,673
ZZ530,359,359,359,383,422,469,494,522,563,469,505,539,572,609,500,534,577,427,468,538,625,686,692,700
ZZ540,414,414,414,414,456,489,526,567,610,489,543,584,620,663,534,579,626,459,488,583,681,751,757,766
ZZ550,429,429,429,429,472,509,546,590,635,509,564,607,646,690,555,602,653,476,508,606,709,781,788,797
ZZ560,443,443,443,443,489,529,566,612,661,530,585,631,672,718,575,626,679,493,528,630,737,812,819,828
ZZ570,457,457,457,457,505,549,586,635,686,550,606,655,698,746,596,649,706,509,547,653,766,842,849,859
ZZ580,457,457,457,457,505,569,601,637,686,570,616,659,698,746,609,653,706,511,567,658,766,842,849,859
ZZ590,472,472,472,472,522,589,623,660,711,590,638,683,724,773,630,677,732,528,587,682,794,873,880,890
ZZ600,486,486,486,486,538,609,644,683,737,610,660,708,750,801,652,700,759,544,607,706,822,903,911,922
ZZ610,500,500,500,500,555,629,666,706,762,630,682,732,776,829,674,724,785,561,627,730,851,934,942,953
ZZ620,515,515,515,515,571,649,687,729,788,650,704,756,802,856,696,748,812,578,647,754,879,965,972,984
ZZ630,529,529,529,529,588,669,709,752,813,670,727,780,829,884,717,772,838,594,667,778,907,995,1003,1015
ZZ640,543,543,543,543,604,689,730,775,838,690,749,804,855,912,739,795,865,611,687,802,935,1026,1034,1046
ZZ650,543,543,543,554,617,709,752,799,856,710,771,828,866,912,761,819,873,628,707,826,935,1026,1034,1046
ZZ660,558,558,558,568,634,729,773,822,880,730,793,852,891,940,783,843,898,644,727,850,964,1056,1065,1077
ZZ670,572,572,572,583,650,749,794,845,905,750,815,876,915,967,804,867,923,661,747,874,992,1087,1095,1108
ZZ680,586,586,586,597,666,769,816,868,929,770,837,900,940,995,826,890,947,678,766,898,1020,1117,1126,1139
ZZ690,600,600,600,611,682,789,837,891,953,790,859,924,965,1023,848,914,972,694,786,922,1049,1148,1157,1170
ZZ700,615,615,615,625,699,809,859,914,978,810,881,948,989,1050,870,938,998,711,806,945,1077,1178,1188,1202
ZZ710,615,615,615,640,715,829,880,937,1002,830,903,972,1014,1062,891,962,1021,728,826,969,1082,1178,1188,1202
ZZ720,629,629,629,654,731,849,902,960,1027,850,925,996,1038,1087,913,985,1046,745,846,993,1108,1209,1218,1233
ZZ730,643,643,643,668,747,869,923,983,1051,870,948,1020,1063,1112,935,1009,1070,761,866,1017,1133,1239,1249,1264
ZZ740,658,658,658,682,764,889,945,1006,1075,890,970,1044,1087,1137,957,1033,1095,778,886,1041,1162,1270,1280,1295
ZZ750,672,672,672,697,780,909,966,1029,1100,910,992,1068,1112,1163,978,1057,1120,795,906,1065,1190,1300,1311,1326
ZZ760,686,686,686,711,796,929,987,1052,1124,930,1014,1092,1136,1189,1000,1080,1144,811,926,1089,1218,1331,1342,1357
ZZ770,686,686,686,725,813,949,1009,1075,1149,950,1036,1116,1161,1213,1022,1104,1169,828,946,1113,1235,1331,1342,1357
ZZ780,701,701,701,739,829,969,1030,1098,1173,970,1058,1140,1186,1238,1044,1128,1194,845,966,1137,1260,1361,1372,1388
ZZ790,715,715,715,753,845,989,1052,1121,1198,990,1080,1164,1210,1263,1066,1152,1218,861,985,1161,1286,1392,1403,1419
ZZ800,708,708,708,768,861,1009,1073,1144,1222,1010,1102,1188,1235,1288,1087,1175,1243,878,1005,1185,1311,1398,1410,1426
ZZ810,729,729,729,782,878,1029,1095,1167,1246,1030,1124,1212,1259,1314,1109,1199,1268,895,1025,1209,1336,1425,1436,1453
ZZ820,758,758,758,796,894,1049,1116,1190,1271,1050,1146,1236,1284,1339,1131,1223,1292,911,1045,1233,1362,1483,1495,1513
ZZ830,758,758,758,810,910,1069,1138,1213,1295,1070,1169,1261,1308,1364,1153,1247,1317,928,1065,1257,1387,1483,1495,1513
ZZ840,772,772,772,825,926,1089,1159,1236,1320,1090,1191,1285,1333,1389,1174,1270,1342,945,1085,1281,1413,1514,1526,1544
ZZ850,773,773,773,839,943,1109,1180,1259,1344,1110,1213,1309,1357,1414,1196,1294,1366,962,1105,1305,1438,1530,1543,1561
ZZ860,801,801,801,853,959,1129,1202,1283,1368,1130,1235,1333,1382,1439,1218,1318,1391,978,1125,1329,1463,1575,1588,1606
ZZ870,815,815,815,867,975,1149,1223,1306,1393,1150,1257,1357,1407,1465,1240,1342,1416,995,1145,1353,1489,1605,1618,1637
ZZ880,812,812,812,882,991,1169,1245,1329,1417,1170,1279,1381,1431,1490,1261,1365,1440,1012,1165,1377,1514,1609,1622,1641
ZZ890,959,959,959,959,1083,1189,1295,1421,1575,1190,1346,1481,1612,1715,1320,1464,1635,1094,1184,1477,1756,1910,1926,1948
ZZ900,715,715,715,715,802,870,951,1039,1143,870,987,1080,1168,1244,968,1068,1184,810,868,1077,1275,1392,1403,1419
ZZ910,729,729,729,729,819,949,1009,1075,1169,950,1036,1116,1194,1272,1022,1104,1210,828,946,1113,1303,1422,1434,1450
