AK400,832.00,832.00,832.00,832.00,1027.00,1145.00,1301.00,1490.00,1542.00,1226.00,1489.00,1547.00,1641.00,1703.00,1457.00,1530.00,1625.00,1122.00,1399.00,1564.00,1694.00,1736.00,1800.00,1818.00,
AK401,975.00,975.00,975.00,975.00,1099.00,1189.00,1387.00,1598.00,1618.00,1292.00,1598.00,1620.00,1663.00,1717.00,1585.00,1613.00,1650.00,1160.00,1512.00,1627.00,1709.00,1745.00,1800.00,1818.00,
AK402,977.00,977.00,977.00,977.00,1119.00,1218.00,1414.00,1637.00,1677.00,1320.00,1636.00,1681.00,1767.00,1871.00,1611.00,1668.00,1741.00,1188.00,1538.00,1694.00,1857.00,1926.00,2033.00,2053.00,
AK403,800.00,800.00,800.00,800.00,1073.00,1233.00,1417.00,1620.00,1651.00,1328.00,1619.00,1654.00,1716.00,1779.00,1600.00,1644.00,1700.00,1206.00,1532.00,1664.00,1770.00,1812.00,1877.00,1896.00,
AK404,814.00,814.00,814.00,814.00,980.00,1092.00,1309.00,1545.00,1576.00,1204.00,1544.00,1579.00,1646.00,1727.00,1525.00,1569.00,1625.00,1060.00,1445.00,1589.00,1716.00,1770.00,1854.00,1873.00,
AK405,793.00,793.00,793.00,793.00,912.00,999.00,1200.00,1420.00,1451.00,1103.00,1419.00,1454.00,1523.00,1614.00,1400.00,1444.00,1500.00,970.00,1326.00,1464.00,1601.00,1662.00,1755.00,1773.00,
AL001,537.00,537.00,537.00,537.00,589.00,620.00,660.00,729.00,776.00,641.00,729.00,781.00,859.00,897.00,700.00,766.00,850.00,614.00,685.00,796.00,892.00,917.00,955.00,974.00,
AL002,493.00,493.00,493.00,493.00,544.00,582.00,667.00,799.00,872.00,626.00,798.00,879.00,989.00,993.00,753.00,856.00,988.00,569.00,721.00,904.00,993.00,996.00,1000.00,1020.00,
AL003,600.00,600.00,600.00,600.00,671.00,712.00,761.00,823.00,843.00,738.00,823.00,845.00,891.00,953.00,810.00,838.00,875.00,705.00,792.00,852.00,944.00,986.00,1050.00,1071.00,
AL004,620.00,620.00,620.00,620.00,682.00,729.00,841.00,961.00,974.00,787.00,961.00,976.00,1012.00,1079.00,953.00,971.00,995.00,712.00,911.00,980.00,1069.00,1114.00,1182.00,1206.00,
AL005,751.00,751.00,751.00,751.00,795.00,825.00,880.00,950.00,974.00,854.00,950.00,976.00,1041.00,1162.00,935.00,968.00,1011.00,817.00,915.00,984.00,1145.00,1226.00,1349.00,1376.00,
AL006,636.00,636.00,636.00,636.00,705.00,748.00,819.00,917.00,959.00,785.00,916.00,963.00,1046.00,1126.00,890.00,949.00,1026.00,738.00,864.00,977.00,1115.00,1168.00,1250.00,1275.00,
AL007,776.00,776.00,776.00,776.00,841.00,884.00,956.00,1042.00,1061.00,921.00,1041.00,1063.00,1121.00,1234.00,1029.00,1057.00,1093.00,873.00,1002.00,1070.00,1218.00,1293.00,1408.00,1436.00,
AL008,695.00,695.00,695.00,695.00,741.00,778.00,871.00,989.00,1029.00,826.00,989.00,1033.00,1098.00,1118.00,964.00,1020.00,1093.00,764.00,930.00,1047.00,1116.00,1129.00,1150.00,1173.00,
AR010,625.00,625.00,625.00,625.00,704.00,747.00,778.00,843.00,894.00,763.00,842.00,899.00,994.00,1067.00,810.00,883.00,976.00,742.00,798.00,916.00,1057.00,1106.00,1180.00,1204.00,
AR011,593.00,593.00,593.00,593.00,654.00,691.00,746.00,805.00,810.00,720.00,804.00,811.00,828.00,866.00,801.00,809.00,819.00,683.00,781.00,813.00,861.00,886.00,924.00,942.00,
AR012,531.00,531.00,531.00,531.00,587.00,624.00,684.00,786.00,851.00,655.00,785.00,857.00,968.00,1025.00,745.00,836.00,954.00,615.00,723.00,879.00,1017.00,1056.00,1114.00,1136.00,
AR411,614.00,614.00,614.00,614.00,675.00,714.00,772.00,858.00,902.00,744.00,858.00,906.00,992.00,1078.00,831.00,892.00,970.00,705.00,809.00,920.00,1065.00,1123.00,1211.00,1235.00,
AR419,513.00,513.00,513.00,513.00,567.00,601.00,654.00,733.00,773.00,629.00,733.00,777.00,845.00,877.00,708.00,764.00,837.00,593.00,688.00,791.00,873.00,894.00,927.00,946.00,
AZ013,788.00,788.00,788.00,788.00,859.00,911.00,1023.00,1159.00,1196.00,969.00,1159.00,1200.00,1264.00,1301.00,1136.00,1188.00,1255.00,894.00,1094.00,1212.00,1295.00,1320.00,1357.00,1384.00,
AZ014,659.00,659.00,659.00,659.00,738.00,788.00,862.00,957.00,990.00,826.00,956.00,993.00,1069.00,1176.00,936.00,982.00,1042.00,777.00,909.00,1004.00,1160.00,1232.00,1341.00,1368.00,
AZ015,628.00,628.00,628.00,628.00,738.00,808.00,917.00,1045.00,1076.00,865.00,1045.00,1079.00,1140.00,1197.00,1026.00,1069.00,1125.00,792.00,986.00,1089.00,1189.00,1228.00,1287.00,1313.00,
AZ016,629.00,629.00,629.00,629.00,736.00,799.00,872.00,969.00,1005.00,837.00,968.00,1008.00,1075.00,1125.00,946.00,997.00,1062.00,788.00,919.00,1020.00,1118.00,1152.00,1203.00,1227.00,
CA018,1053.00,1053.00,1053.00,1053.00,1259.00,1372.00,1451.00,1588.00,1679.00,1413.00,1587.00,1688.00,1855.00,1980.00,1530.00,1658.00,1824.00,1360.00,1501.00,1718.00,1963.00,2046.00,2174.00,2217.00,
CA019,1818.00,1818.00,1818.00,1818.00,2094.00,2255.00,2427.00,2622.00,2658.00,2344.00,2622.00,2661.00,2730.00,2793.00,2600.00,2650.00,2714.00,2229.00,2536.00,2673.00,2784.00,2826.00,2891.00,2949.00,
CA021,667.00,667.00,667.00,667.00,772.00,833.00,898.00,988.00,1026.00,866.00,987.00,1030.00,1115.00,1220.00,963.00,1018.00,1088.00,823.00,939.00,1043.00,1205.00,1275.00,1383.00,1411.00,
CA022,817.00,817.00,817.00,817.00,869.00,912.00,1026.00,1168.00,1213.00,971.00,1168.00,1217.00,1300.00,1370.00,1140.00,1203.00,1283.00,895.00,1098.00,1232.00,1360.00,1406.00,1477.00,1507.00,
CA023,670.00,670.00,670.00,670.00,759.00,814.00,892.00,982.00,1003.00,855.00,982.00,1005.00,1067.00,1191.00,969.00,998.00,1036.00,803.00,940.00,1012.00,1174.00,1257.00,1384.00,1412.00,
CA024,1049.00,1049.00,1049.00,1049.00,1192.00,1282.00,1419.00,1567.00,1584.00,1353.00,1567.00,1586.00,1651.00,1808.00,1556.00,1580.00,1612.00,1262.00,1505.00,1592.00,1785.00,1890.00,2050.00,2091.00,
CA025,1419.00,1419.00,1419.00,1419.00,1505.00,1556.00,1615.00,1739.00,1841.00,1586.00,1738.00,1851.00,2018.00,2073.00,1674.00,1818.00,2004.00,1547.00,1652.00,1885.00,2065.00,2102.00,2159.00,2202.00,
CA026,972.00,972.00,972.00,972.00,1061.00,1121.00,1232.00,1375.00,1426.00,1179.00,1375.00,1431.00,1530.00,1621.00,1343.00,1415.00,1507.00,1105.00,1302.00,1448.00,1608.00,1670.00,1763.00,1798.00,
CA027,1339.00,1339.00,1339.00,1339.00,1465.00,1539.00,1629.00,1748.00,1794.00,1586.00,1748.00,1798.00,1891.00,1987.00,1719.00,1784.00,1867.00,1526.00,1686.00,1814.00,1974.00,2038.00,2136.00,2179.00,
CA028,802.00,802.00,802.00,802.00,890.00,947.00,1042.00,1180.00,1249.00,996.00,1180.00,1256.00,1370.00,1418.00,1137.00,1234.00,1358.00,933.00,1102.00,1279.00,1411.00,1443.00,1492.00,1522.00,
CA031,967.00,967.00,967.00,967.00,1053.00,1111.00,1216.00,1353.00,1402.00,1165.00,1352.00,1406.00,1494.00,1554.00,1322.00,1391.00,1479.00,1095.00,1283.00,1423.00,1545.00,1585.00,1646.00,1679.00,
CA032,741.00,741.00,741.00,741.00,832.00,885.00,947.00,1055.00,1128.00,917.00,1054.00,1135.00,1266.00,1351.00,1009.00,1112.00,1244.00,876.00,986.00,1160.00,1339.00,1396.00,1484.00,1514.00,
CA033,829.00,829.00,829.00,829.00,929.00,991.00,1081.00,1213.00,1282.00,1038.00,1213.00,1289.00,1415.00,1508.00,1170.00,1267.00,1391.00,978.00,1137.00,1312.00,1495.00,1558.00,1654.00,1687.00,
CA034,930.00,930.00,930.00,930.00,1014.00,1077.00,1228.00,1415.00,1471.00,1156.00,1414.00,1476.00,1571.00,1613.00,1379.00,1458.00,1560.00,1055.00,1323.00,1495.00,1607.00,1636.00,1679.00,1713.00,
CA035,757.00,757.00,757.00,757.00,857.00,918.00,1002.00,1118.00,1170.00,962.00,1117.00,1175.00,1264.00,1313.00,1085.00,1158.00,1252.00,906.00,1054.00,1192.00,1306.00,1339.00,1389.00,1417.00,
CA036,1109.00,1109.00,1109.00,1109.00,1248.00,1330.00,1423.00,1535.00,1565.00,1378.00,1535.00,1567.00,1640.00,1753.00,1517.00,1558.00,1611.00,1316.00,1482.00,1577.00,1737.00,1814.00,1930.00,1969.00,
CA037,1348.00,1348.00,1348.00,1348.00,1518.00,1627.00,1801.00,2018.00,2085.00,1717.00,2017.00,2091.00,2201.00,2242.00,1976.00,2070.00,2191.00,1601.00,1911.00,2114.00,2236.00,2263.00,2305.00,2351.00,
CA038,1209.00,1209.00,1209.00,1209.00,1379.00,1475.00,1561.00,1697.00,1776.00,1520.00,1697.00,1783.00,1914.00,1969.00,1648.00,1758.00,1900.00,1462.00,1616.00,1809.00,1961.00,1998.00,2054.00,2095.00,
CA039,1032.00,1032.00,1032.00,1032.00,1224.00,1335.00,1453.00,1641.00,1753.00,1396.00,1640.00,1763.00,1954.00,2053.00,1571.00,1727.00,1929.00,1317.00,1527.00,1800.00,2039.00,2105.00,2207.00,2251.00,
CA040,878.00,878.00,878.00,878.00,943.00,982.00,1038.00,1126.00,1177.00,1011.00,1125.00,1182.00,1275.00,1347.00,1094.00,1165.00,1257.00,974.00,1073.00,1198.00,1337.00,1385.00,1458.00,1487.00,
CA041,1004.00,1004.00,1004.00,1004.00,1068.00,1131.00,1350.00,1610.00,1676.00,1245.00,1609.00,1682.00,1787.00,1813.00,1568.00,1661.00,1781.00,1099.00,1487.00,1704.00,1810.00,1827.00,1853.00,1890.00,
CA042,709.00,709.00,709.00,709.00,876.00,972.00,1074.00,1243.00,1351.00,1025.00,1242.00,1361.00,1535.00,1585.00,1175.00,1327.00,1522.00,957.00,1137.00,1397.00,1578.00,1612.00,1663.00,1696.00,
CA044,1222.00,1222.00,1222.00,1222.00,1400.00,1512.00,1686.00,1883.00,1918.00,1602.00,1882.00,1922.00,1996.00,2081.00,1860.00,1910.00,1975.00,1486.00,1796.00,1934.00,2069.00,2125.00,2212.00,2256.00,
CA392,947.00,947.00,947.00,947.00,1038.00,1102.00,1239.00,1433.00,1523.00,1173.00,1432.00,1532.00,1682.00,1744.00,1376.00,1503.00,1666.00,1082.00,1325.00,1562.00,1735.00,1776.00,1840.00,1877.00,
CA393,910.00,910.00,910.00,910.00,997.00,1051.00,1131.00,1275.00,1376.00,1093.00,1274.00,1385.00,1557.00,1643.00,1212.00,1353.00,1535.00,1039.00,1182.00,1419.00,1630.00,1688.00,1776.00,1812.00,
CA420,757.00,757.00,757.00,757.00,847.00,904.00,991.00,1104.00,1142.00,949.00,1103.00,1146.00,1228.00,1324.00,1079.00,1134.00,1204.00,891.00,1047.00,1159.00,1311.00,1375.00,1473.00,1502.00,
CA421,815.00,815.00,815.00,815.00,902.00,960.00,1070.00,1216.00,1275.00,1017.00,1216.00,1281.00,1392.00,1481.00,1179.00,1262.00,1369.00,944.00,1138.00,1301.00,1468.00,1528.00,1620.00,1652.00,
CA457,1201.00,1201.00,1201.00,1201.00,1255.00,1296.00,1393.00,1522.00,1573.00,1347.00,1521.00,1578.00,1681.00,1795.00,1490.00,1561.00,1653.00,1282.00,1454.00,1594.00,1779.00,1854.00,1970.00,2009.00,
CO045,761.00,761.00,761.00,761.00,869.00,935.00,1026.00,1150.00,1202.00,982.00,1149.00,1207.00,1310.00,1413.00,1117.00,1190.00,1284.00,921.00,1083.00,1224.00,1398.00,1467.00,1572.00,1603.00,
CO046,638.00,638.00,638.00,638.00,727.00,789.00,918.00,1069.00,1106.00,856.00,1069.00,1110.00,1181.00,1247.00,1046.00,1098.00,1165.00,770.00,998.00,1122.00,1237.00,1281.00,1348.00,1375.00,
CO047,671.00,671.00,671.00,671.00,737.00,778.00,838.00,939.00,1002.00,809.00,938.00,1007.00,1111.00,1152.00,899.00,987.00,1101.00,769.00,877.00,1028.00,1147.00,1174.00,1216.00,1240.00,
CO422,759.00,759.00,759.00,759.00,849.00,913.00,1049.00,1216.00,1267.00,983.00,1216.00,1272.00,1361.00,1412.00,1184.00,1256.00,1348.00,893.00,1134.00,1289.00,1405.00,1439.00,1492.00,1522.00,
CT049,957.00,957.00,957.00,957.00,1087.00,1170.00,1306.00,1485.00,1552.00,1241.00,1484.00,1559.00,1683.00,1780.00,1442.00,1537.00,1659.00,1150.00,1392.00,1581.00,1766.00,1831.00,1930.00,1969.00,
CT050,1001.00,1001.00,1001.00,1001.00,1088.00,1139.00,1198.00,1298.00,1362.00,1170.00,1297.00,1368.00,1497.00,1630.00,1258.00,1348.00,1463.00,1130.00,1236.00,1389.00,1612.00,1701.00,1838.00,1875.00,
CT051,1361.00,1361.00,1361.00,1361.00,1520.00,1611.00,1702.00,1851.00,1943.00,1659.00,1850.00,1952.00,2122.00,2252.00,1793.00,1922.00,2089.00,1598.00,1759.00,1983.00,2234.00,2321.00,2455.00,2504.00,
DC053,1234.00,1234.00,1234.00,1234.00,1429.00,1542.00,1666.00,1842.00,1925.00,1606.00,1841.00,1933.00,2075.00,2143.00,1789.00,1907.00,2058.00,1524.00,1743.00,1961.00,2133.00,2179.00,2248.00,2293.00,
DE054,836.00,836.00,836.00,836.00,914.00,967.00,1069.00,1200.00,1247.00,1020.00,1200.00,1252.00,1337.00,1400.00,1171.00,1237.00,1321.00,952.00,1133.00,1267.00,1391.00,1433.00,1498.00,1528.00,
DE055,919.00,919.00,919.00,919.00,1004.00,1061.00,1164.00,1270.00,1276.00,1114.00,1270.00,1276.00,1295.00,1335.00,1266.00,1274.00,1285.00,1046.00,1228.00,1278.00,1329.00,1356.00,1397.00,1425.00,
FL056,876.00,876.00,876.00,876.00,970.00,1025.00,1084.00,1182.00,1241.00,1056.00,1181.00,1247.00,1350.00,1405.00,1144.00,1228.00,1336.00,1016.00,1122.00,1267.00,1397.00,1434.00,1491.00,1521.00,
FL057,837.00,837.00,837.00,837.00,926.00,980.00,1056.00,1140.00,1153.00,1019.00,1139.00,1155.00,1196.00,1280.00,1131.00,1150.00,1175.00,969.00,1103.00,1159.00,1268.00,1324.00,1410.00,1438.00,
FL058,776.00,776.00,776.00,776.00,861.00,918.00,1018.00,1150.00,1200.00,970.00,1150.00,1204.00,1285.00,1314.00,1119.00,1188.00,1278.00,903.00,1082.00,1221.00,1310.00,1329.00,1359.00,1386.00,
FL059,793.00,793.00,793.00,793.00,887.00,954.00,1098.00,1296.00,1381.00,1029.00,1295.00,1389.00,1523.00,1552.00,1242.00,1362.00,1516.00,933.00,1189.00,1418.00,1548.00,1567.00,1597.00,1629.00,
FL061,1170.00,1170.00,1170.00,1170.00,1278.00,1352.00,1491.00,1659.00,1704.00,1424.00,1659.00,1708.00,1806.00,1929.00,1631.00,1694.00,1775.00,1331.00,1579.00,1723.00,1911.00,1993.00,2119.00,2161.00,
FL062,849.00,849.00,849.00,849.00,953.00,1018.00,1118.00,1279.00,1376.00,1070.00,1278.00,1385.00,1535.00,1558.00,1218.00,1354.00,1529.00,1003.00,1181.00,1417.00,1555.00,1570.00,1594.00,1626.00,
FL063,813.00,813.00,813.00,813.00,887.00,937.00,1035.00,1145.00,1167.00,988.00,1145.00,1169.00,1215.00,1272.00,1132.00,1162.00,1200.00,923.00,1096.00,1176.00,1264.00,1303.00,1362.00,1389.00,
FL064,769.00,769.00,769.00,769.00,869.00,930.00,1008.00,1101.00,1124.00,970.00,1101.00,1126.00,1166.00,1192.00,1087.00,1118.00,1159.00,918.00,1058.00,1133.00,1188.00,1205.00,1232.00,1257.00,
FL065,844.00,844.00,844.00,844.00,878.00,908.00,1000.00,1116.00,1151.00,956.00,1115.00,1155.00,1224.00,1288.00,1093.00,1143.00,1208.00,894.00,1059.00,1167.00,1279.00,1321.00,1386.00,1414.00,
FL066,911.00,911.00,911.00,911.00,1044.00,1129.00,1261.00,1442.00,1520.00,1197.00,1441.00,1527.00,1660.00,1729.00,1393.00,1502.00,1643.00,1109.00,1344.00,1553.00,1719.00,1766.00,1836.00,1873.00,
FL067,1101.00,1101.00,1101.00,1101.00,1228.00,1308.00,1430.00,1608.00,1698.00,1371.00,1607.00,1706.00,1868.00,1977.00,1551.00,1677.00,1840.00,1290.00,1506.00,1736.00,1962.00,2035.00,2147.00,2190.00,
FL068,666.00,666.00,666.00,666.00,753.00,806.00,878.00,979.00,1026.00,843.00,979.00,1031.00,1113.00,1167.00,950.00,1016.00,1100.00,795.00,923.00,1046.00,1159.00,1195.00,1250.00,1275.00,
FL069,1452.00,1452.00,1452.00,1452.00,1675.00,1800.00,1916.00,2115.00,2249.00,1860.00,2114.00,2262.00,2486.00,2585.00,2031.00,2219.00,2461.00,1783.00,1988.00,2307.00,2571.00,2637.00,2739.00,2794.00,
FL070,781.00,781.00,781.00,781.00,878.00,939.00,1031.00,1170.00,1245.00,986.00,1169.00,1252.00,1379.00,1441.00,1123.00,1228.00,1363.00,925.00,1089.00,1277.00,1432.00,1474.00,1538.00,1569.00,
FL397,657.00,657.00,657.00,657.00,764.00,832.00,944.00,1098.00,1167.00,890.00,1097.00,1173.00,1285.00,1325.00,1055.00,1151.00,1275.00,816.00,1014.00,1196.00,1320.00,1347.00,1388.00,1416.00,
FL423,922.00,922.00,922.00,922.00,1053.00,1128.00,1201.00,1326.00,1406.00,1166.00,1325.00,1414.00,1548.00,1602.00,1275.00,1388.00,1534.00,1117.00,1248.00,1441.00,1595.00,1631.00,1687.00,1721.00,
FL424,865.00,865.00,865.00,865.00,998.00,1080.00,1197.00,1333.00,1366.00,1141.00,1333.00,1369.00,1443.00,1546.00,1313.00,1358.00,1417.00,1063.00,1270.00,1380.00,1531.00,1600.00,1706.00,1740.00,
GA071,863.00,863.00,863.00,863.00,927.00,970.00,1049.00,1151.00,1188.00,1011.00,1151.00,1191.00,1259.00,1311.00,1128.00,1180.00,1246.00,958.00,1099.00,1204.00,1304.00,1339.00,1392.00,1420.00,
GA072,580.00,580.00,580.00,580.00,627.00,655.00,688.00,733.00,752.00,672.00,733.00,754.00,800.00,866.00,721.00,748.00,783.00,650.00,709.00,761.00,856.00,900.00,968.00,987.00,
GA073,658.00,658.00,658.00,658.00,721.00,758.00,804.00,865.00,889.00,782.00,865.00,891.00,939.00,989.00,850.00,883.00,926.00,751.00,833.00,899.00,982.00,1016.00,1068.00,1089.00,
GA074,644.00,644.00,644.00,644.00,737.00,795.00,874.00,983.00,1031.00,836.00,983.00,1036.00,1118.00,1161.00,953.00,1020.00,1107.00,783.00,924.00,1052.00,1155.00,1184.00,1228.00,1253.00,
GA075,771.00,771.00,771.00,771.00,849.00,893.00,937.00,989.00,1002.00,916.00,989.00,1003.00,1043.00,1125.00,981.00,999.00,1022.00,887.00,965.00,1007.00,1113.00,1168.00,1252.00,1277.00,
GA076,761.00,761.00,761.00,761.00,826.00,864.00,901.00,954.00,977.00,883.00,953.00,979.00,1031.00,1101.00,939.00,971.00,1013.00,858.00,925.00,986.00,1091.00,1139.00,1211.00,1235.00,
GA077,884.00,884.00,884.00,884.00,933.00,971.00,1062.00,1196.00,1263.00,1018.00,1195.00,1269.00,1376.00,1404.00,1154.00,1248.00,1369.00,957.00,1120.00,1292.00,1400.00,1419.00,1448.00,1477.00,
GA078,725.00,725.00,725.00,725.00,822.00,871.00,886.00,917.00,941.00,879.00,916.00,943.00,999.00,1075.00,901.00,936.00,980.00,869.00,895.00,952.00,1064.00,1115.00,1192.00,1216.00,
GA079,644.00,644.00,644.00,644.00,743.00,801.00,866.00,969.00,1028.00,835.00,969.00,1034.00,1135.00,1189.00,932.00,1015.00,1122.00,791.00,908.00,1054.00,1181.00,1217.00,1271.00,1296.00,
GA080,774.00,774.00,774.00,774.00,805.00,823.00,840.00,881.00,918.00,832.00,881.00,922.00,991.00,1049.00,858.00,910.00,977.00,820.00,851.00,934.00,1041.00,1079.00,1138.00,1161.00,
GA081,625.00,625.00,625.00,625.00,688.00,725.00,774.00,836.00,858.00,750.00,836.00,860.00,904.00,948.00,822.00,853.00,893.00,718.00,804.00,867.00,942.00,972.00,1017.00,1037.00,
HI407,1484.00,1484.00,1484.00,1484.00,1610.00,1713.00,1999.00,2288.00,2295.00,1861.00,2288.00,2295.00,2338.00,2470.00,2284.00,2293.00,2305.00,1671.00,2178.00,2297.00,2452.00,2540.00,2675.00,2729.00,
HI408,1491.00,1491.00,1491.00,1491.00,1709.00,1830.00,1933.00,2109.00,2226.00,1883.00,2108.00,2237.00,2447.00,2587.00,2035.00,2200.00,2412.00,1815.00,1997.00,2277.00,2567.00,2661.00,2804.00,2860.00,
HI409,1198.00,1198.00,1198.00,1198.00,1452.00,1583.00,1632.00,1699.00,1729.00,1609.00,1699.00,1731.00,1806.00,1931.00,1681.00,1722.00,1775.00,1576.00,1663.00,1741.00,1914.00,1997.00,2125.00,2168.00,
HI414,1318.00,1318.00,1318.00,1318.00,1498.00,1597.00,1668.00,1794.00,1879.00,1634.00,1793.00,1887.00,2039.00,2139.00,1740.00,1860.00,2014.00,1586.00,1713.00,1916.00,2125.00,2192.00,2294.00,2340.00,
IA082,702.00,702.00,702.00,702.00,757.00,798.00,894.00,1013.00,1050.00,848.00,1012.00,1054.00,1138.00,1250.00,989.00,1042.00,1110.00,784.00,954.00,1067.00,1234.00,1309.00,1424.00,1452.00,
IA083,641.00,641.00,641.00,641.00,701.00,742.00,826.00,943.00,998.00,786.00,943.00,1003.00,1089.00,1109.00,909.00,985.00,1084.00,730.00,878.00,1021.00,1106.00,1119.00,1139.00,1162.00,
IA330,560.00,560.00,560.00,560.00,644.00,691.00,735.00,803.00,842.00,714.00,802.00,846.00,919.00,975.00,778.00,834.00,905.00,685.00,762.00,859.00,967.00,1005.00,1062.00,1083.00,
IA331,552.00,552.00,552.00,552.00,630.00,676.00,729.00,811.00,857.00,703.00,811.00,861.00,947.00,1014.00,782.00,847.00,930.00,668.00,762.00,877.00,1004.00,1049.00,1117.00,1139.00,
IA332,541.00,541.00,541.00,541.00,588.00,622.00,697.00,823.00,905.00,661.00,822.00,913.00,1043.00,1074.00,771.00,886.00,1035.00,611.00,743.00,940.00,1070.00,1091.00,1123.00,1145.00,
IA389,573.00,573.00,573.00,573.00,634.00,667.00,695.00,737.00,760.00,682.00,737.00,762.00,802.00,825.00,723.00,755.00,796.00,663.00,713.00,770.00,822.00,837.00,861.00,878.00,
IA425,659.00,659.00,659.00,659.00,783.00,853.00,923.00,1036.00,1105.00,890.00,1035.00,1111.00,1232.00,1309.00,993.00,1089.00,1213.00,843.00,967.00,1134.00,1299.00,1350.00,1429.00,1458.00,
ID084,698.00,698.00,698.00,698.00,722.00,737.00,766.00,815.00,846.00,752.00,814.00,849.00,918.00,1003.00,795.00,839.00,896.00,733.00,784.00,860.00,991.00,1048.00,1136.00,1159.00,
ID085,470.00,470.00,470.00,470.00,557.00,614.00,712.00,847.00,907.00,665.00,847.00,913.00,1005.00,1019.00,810.00,893.00,1001.00,600.00,774.00,932.00,1017.00,1026.00,1041.00,1062.00,
ID086,641.00,641.00,641.00,641.00,694.00,730.00,800.00,886.00,913.00,766.00,886.00,916.00,964.00,994.00,869.00,907.00,956.00,720.00,843.00,925.00,990.00,1011.00,1042.00,1063.00,
ID087,481.00,481.00,481.00,481.00,550.00,598.00,702.00,818.00,839.00,652.00,818.00,841.00,879.00,906.00,805.00,834.00,872.00,583.00,767.00,848.00,902.00,920.00,948.00,967.00,
ID333,535.00,535.00,535.00,535.00,620.00,675.00,766.00,890.00,942.00,722.00,889.00,947.00,1026.00,1032.00,857.00,930.00,1024.00,661.00,823.00,964.00,1031.00,1035.00,1042.00,1063.00,
ID426,522.00,522.00,522.00,522.00,572.00,608.00,684.00,796.00,856.00,647.00,796.00,862.00,961.00,1003.00,759.00,842.00,950.00,597.00,731.00,881.00,997.00,1025.00,1068.00,1089.00,
IL088,612.00,612.00,612.00,612.00,694.00,742.00,798.00,863.00,879.00,771.00,863.00,880.00,922.00,992.00,853.00,875.00,904.00,734.00,832.00,886.00,982.00,1029.00,1101.00,1123.00,
IL089,600.00,600.00,600.00,600.00,648.00,682.00,746.00,812.00,815.00,715.00,812.00,815.00,847.00,957.00,810.00,814.00,819.00,672.00,786.00,816.00,941.00,1015.00,1127.00,1150.00,
IL090,630.00,630.00,630.00,630.00,705.00,750.00,809.00,897.00,943.00,780.00,896.00,947.00,1017.00,1023.00,868.00,932.00,1015.00,741.00,846.00,962.00,1022.00,1026.00,1032.00,1053.00,
IL092,865.00,865.00,865.00,865.00,929.00,981.00,1119.00,1299.00,1364.00,1052.00,1298.00,1370.00,1475.00,1507.00,1258.00,1349.00,1467.00,960.00,1207.00,1392.00,1502.00,1524.00,1556.00,1587.00,
IL093,618.00,618.00,618.00,618.00,716.00,774.00,839.00,943.00,1003.00,808.00,942.00,1009.00,1118.00,1196.00,905.00,989.00,1098.00,764.00,881.00,1029.00,1185.00,1237.00,1317.00,1343.00,
IL325,976.00,976.00,976.00,976.00,1145.00,1247.00,1377.00,1543.00,1601.00,1314.00,1542.00,1607.00,1699.00,1721.00,1506.00,1588.00,1694.00,1228.00,1458.00,1626.00,1718.00,1733.00,1755.00,1790.00,
IL335,567.00,567.00,567.00,567.00,615.00,649.00,719.00,807.00,838.00,685.00,807.00,841.00,898.00,940.00,788.00,831.00,887.00,639.00,762.00,851.00,934.00,963.00,1006.00,1026.00,
IL366,720.00,720.00,720.00,720.00,838.00,917.00,1063.00,1250.00,1315.00,992.00,1249.00,1321.00,1437.00,1513.00,1209.00,1300.00,1418.00,895.00,1155.00,1343.00,1502.00,1553.00,1630.00,1663.00,
IL427,568.00,568.00,568.00,568.00,658.00,712.00,776.00,875.00,930.00,745.00,874.00,936.00,1027.00,1062.00,840.00,918.00,1018.00,702.00,816.00,954.00,1057.00,1081.00,1117.00,1139.00,
IN094,681.00,681.00,681.00,681.00,778.00,835.00,905.00,985.00,1000.00,872.00,985.00,1002.00,1044.00,1120.00,975.00,997.00,1025.00,825.00,949.00,1007.00,1109.00,1160.00,1237.00,1262.00,
IN096,659.00,659.00,659.00,659.00,718.00,759.00,843.00,939.00,959.00,803.00,939.00,961.00,1002.00,1042.00,926.00,955.00,992.00,747.00,895.00,968.00,1036.00,1063.00,1104.00,1126.00,
IN097,618.00,618.00,618.00,618.00,660.00,696.00,799.00,919.00,949.00,749.00,919.00,951.00,1000.00,1020.00,901.00,942.00,995.00,681.00,863.00,961.00,1017.00,1030.00,1050.00,1071.00,
IN099,655.00,655.00,655.00,655.00,715.00,755.00,829.00,918.00,943.00,793.00,918.00,945.00,988.00,1017.00,903.00,937.00,981.00,744.00,876.00,953.00,1013.00,1032.00,1061.00,1082.00,
IN337,587.00,587.00,587.00,587.00,682.00,742.00,834.00,939.00,958.00,789.00,938.00,960.00,999.00,1034.00,926.00,954.00,990.00,728.00,892.00,967.00,1029.00,1053.00,1089.00,1111.00,
IN338,567.00,567.00,567.00,567.00,630.00,675.00,771.00,890.00,928.00,725.00,890.00,932.00,999.00,1042.00,866.00,919.00,988.00,661.00,831.00,944.00,1036.00,1065.00,1110.00,1132.00,
IN367,701.00,701.00,701.00,701.00,763.00,805.00,889.00,990.00,1019.00,849.00,990.00,1021.00,1073.00,1109.00,972.00,1012.00,1064.00,793.00,941.00,1031.00,1104.00,1128.00,1165.00,1188.00,
IN399,600.00,600.00,600.00,600.00,695.00,750.00,814.00,899.00,933.00,784.00,899.00,937.00,1003.00,1069.00,878.00,926.00,987.00,741.00,854.00,948.00,1059.00,1103.00,1170.00,1193.00,
KS100,583.00,583.00,583.00,583.00,673.00,733.00,840.00,979.00,1029.00,789.00,979.00,1033.00,1118.00,1160.00,948.00,1017.00,1107.00,717.00,908.00,1050.00,1154.00,1182.00,1225.00,1250.00,
KS101,572.00,572.00,572.00,572.00,639.00,684.00,768.00,887.00,942.00,728.00,886.00,947.00,1036.00,1064.00,852.00,929.00,1029.00,672.00,821.00,965.00,1060.00,1079.00,1107.00,1129.00,
KS102,607.00,607.00,607.00,607.00,688.00,740.00,818.00,930.00,981.00,780.00,929.00,986.00,1087.00,1182.00,897.00,970.00,1063.00,728.00,868.00,1003.00,1169.00,1233.00,1330.00,1357.00,
KS104,721.00,721.00,721.00,721.00,781.00,826.00,931.00,1054.00,1080.00,880.00,1053.00,1083.00,1142.00,1220.00,1037.00,1074.00,1122.00,810.00,998.00,1091.00,1209.00,1261.00,1341.00,1368.00,
KS105,604.00,604.00,604.00,604.00,642.00,673.00,762.00,891.00,955.00,719.00,890.00,961.00,1066.00,1101.00,850.00,940.00,1057.00,660.00,817.00,983.00,1096.00,1119.00,1155.00,1178.00,
KS334,534.00,534.00,534.00,534.00,595.00,631.00,669.00,733.00,774.00,650.00,732.00,778.00,844.00,864.00,707.00,765.00,839.00,625.00,693.00,792.00,861.00,875.00,895.00,913.00,
KY106,627.00,627.00,627.00,627.00,647.00,664.00,711.00,795.00,852.00,688.00,794.00,858.00,959.00,1020.00,758.00,839.00,944.00,657.00,741.00,877.00,1011.00,1052.00,1114.00,1136.00,
KY107,514.00,514.00,514.00,514.00,609.00,667.00,748.00,855.00,897.00,709.00,855.00,901.00,971.00,1001.00,829.00,888.00,963.00,655.00,799.00,915.00,996.00,1016.00,1047.00,1068.00,
KY109,622.00,622.00,622.00,622.00,677.00,718.00,814.00,925.00,952.00,768.00,925.00,954.00,1002.00,1036.00,909.00,946.00,993.00,704.00,874.00,963.00,1031.00,1054.00,1089.00,1111.00,
KY110,491.00,491.00,491.00,491.00,577.00,627.00,681.00,745.00,760.00,655.00,744.00,761.00,810.00,912.00,735.00,756.00,784.00,619.00,715.00,766.00,897.00,966.00,1070.00,1091.00,
KY112,455.00,455.00,455.00,455.00,501.00,539.00,639.00,762.00,799.00,591.00,762.00,802.00,865.00,895.00,739.00,791.00,857.00,524.00,702.00,815.00,891.00,911.00,942.00,961.00,
KY339,544.00,544.00,544.00,544.00,608.00,646.00,697.00,775.00,819.00,673.00,774.00,823.00,912.00,1005.00,747.00,809.00,889.00,639.00,728.00,838.00,992.00,1054.00,1149.00,1172.00,
KY429,597.00,597.00,597.00,597.00,634.00,661.00,723.00,811.00,852.00,693.00,810.00,856.00,937.00,1014.00,785.00,843.00,917.00,652.00,762.00,870.00,1003.00,1055.00,1135.00,1158.00,
KY430,502.00,502.00,502.00,502.00,542.00,567.00,601.00,665.00,713.00,585.00,665.00,718.00,814.00,912.00,635.00,702.00,789.00,562.00,622.00,734.00,898.00,964.00,1064.00,1085.00,
LA113,557.00,557.00,557.00,557.00,624.00,669.00,749.00,852.00,886.00,711.00,851.00,890.00,954.00,1006.00,830.00,879.00,941.00,657.00,800.00,901.00,999.00,1034.00,1087.00,1109.00,
LA114,793.00,793.00,793.00,793.00,878.00,924.00,960.00,1021.00,1059.00,943.00,1020.00,1063.00,1156.00,1294.00,996.00,1051.00,1121.00,919.00,983.00,1076.00,1274.00,1367.00,1508.00,1538.00,
LA115,580.00,580.00,580.00,580.00,633.00,666.00,714.00,788.00,832.00,691.00,788.00,836.00,912.00,957.00,761.00,822.00,900.00,659.00,743.00,850.00,951.00,981.00,1028.00,1049.00,
LA116,830.00,830.00,830.00,830.00,964.00,1036.00,1084.00,1187.00,1275.00,1061.00,1186.00,1283.00,1436.00,1526.00,1131.00,1255.00,1414.00,1029.00,1113.00,1312.00,1513.00,1573.00,1664.00,1697.00,
LA117,660.00,660.00,660.00,660.00,735.00,782.00,853.00,978.00,1063.00,818.00,977.00,1071.00,1208.00,1254.00,924.00,1043.00,1197.00,771.00,898.00,1099.00,1247.00,1278.00,1324.00,1350.00,
LA118,608.00,608.00,608.00,608.00,685.00,732.00,803.00,888.00,913.00,769.00,888.00,915.00,986.00,1127.00,873.00,907.00,951.00,722.00,847.00,923.00,1107.00,1200.00,1344.00,1371.00,
LA326,636.00,636.00,636.00,636.00,715.00,763.00,827.00,916.00,955.00,796.00,915.00,959.00,1027.00,1066.00,891.00,946.00,1017.00,753.00,867.00,972.00,1061.00,1087.00,1127.00,1150.00,
LA370,747.00,747.00,747.00,747.00,844.00,896.00,933.00,985.00,1012.00,915.00,985.00,1014.00,1071.00,1145.00,969.00,1006.00,1053.00,891.00,956.00,1023.00,1134.00,1183.00,1258.00,1283.00,
LA371,637.00,637.00,637.00,637.00,676.00,702.00,751.00,833.00,888.00,727.00,833.00,893.00,979.00,997.00,799.00,875.00,974.00,695.00,781.00,911.00,994.00,1006.00,1025.00,1046.00,
MA119,950.00,950.00,950.00,950.00,1253.00,1414.00,1507.00,1644.00,1714.00,1462.00,1643.00,1721.00,1843.00,1917.00,1600.00,1698.00,1825.00,1400.00,1566.00,1744.00,1906.00,1955.00,2030.00,2071.00,
MA120,1269.00,1269.00,1269.00,1269.00,1424.00,1526.00,1709.00,1931.00,1995.00,1621.00,1930.00,2001.00,2119.00,2213.00,1891.00,1980.00,2095.00,1499.00,1823.00,2022.00,2200.00,2263.00,2359.00,2406.00,
MA121,1130.00,1130.00,1130.00,1130.00,1293.00,1383.00,1456.00,1567.00,1627.00,1421.00,1566.00,1633.00,1731.00,1761.00,1529.00,1614.00,1723.00,1372.00,1502.00,1653.00,1757.00,1778.00,1809.00,1845.00,
MA122,1016.00,1016.00,1016.00,1016.00,1155.00,1240.00,1358.00,1519.00,1586.00,1301.00,1518.00,1592.00,1707.00,1769.00,1477.00,1571.00,1691.00,1222.00,1433.00,1614.00,1760.00,1801.00,1865.00,1902.00,
MA123,966.00,966.00,966.00,966.00,1113.00,1203.00,1321.00,1486.00,1559.00,1264.00,1485.00,1566.00,1695.00,1774.00,1440.00,1543.00,1675.00,1185.00,1396.00,1591.00,1763.00,1816.00,1897.00,1935.00,
MA124,1213.00,1213.00,1213.00,1213.00,1324.00,1391.00,1481.00,1626.00,1714.00,1438.00,1625.00,1723.00,1871.00,1936.00,1570.00,1694.00,1854.00,1378.00,1537.00,1752.00,1927.00,1971.00,2038.00,2079.00,
MA125,1108.00,1108.00,1108.00,1108.00,1259.00,1354.00,1502.00,1697.00,1771.00,1431.00,1696.00,1778.00,1916.00,2027.00,1650.00,1754.00,1888.00,1332.00,1595.00,1803.00,2012.00,2086.00,2200.00,2244.00,
MA126,854.00,854.00,854.00,854.00,949.00,1002.00,1046.00,1126.00,1182.00,1025.00,1125.00,1187.00,1310.00,1466.00,1090.00,1169.00,1271.00,996.00,1074.00,1206.00,1444.00,1548.00,1708.00,1742.00,
MA151,1100.00,1100.00,1100.00,1100.00,1273.00,1371.00,1461.00,1619.00,1728.00,1418.00,1617.00,1738.00,1922.00,2012.00,1550.00,1703.00,1900.00,1358.00,1517.00,1774.00,1999.00,2059.00,2150.00,2193.00,
MA377,1157.00,1157.00,1157.00,1157.00,1326.00,1427.00,1553.00,1722.00,1790.00,1492.00,1722.00,1796.00,1941.00,2121.00,1680.00,1774.00,1896.00,1408.00,1633.00,1818.00,2096.00,2216.00,2400.00,2448.00,
MA431,656.00,656.00,656.00,656.00,738.00,790.00,869.00,969.00,1000.00,831.00,968.00,1003.00,1070.00,1150.00,949.00,993.00,1050.00,778.00,920.00,1014.00,1139.00,1193.00,1275.00,1301.00,
MD127,935.00,935.00,935.00,935.00,1009.00,1058.00,1145.00,1300.00,1406.00,1103.00,1299.00,1416.00,1586.00,1636.00,1233.00,1382.00,1574.00,1045.00,1201.00,1451.00,1629.00,1662.00,1712.00,1746.00,
MD128,1099.00,1099.00,1099.00,1099.00,1268.00,1370.00,1503.00,1668.00,1719.00,1439.00,1667.00,1724.00,1818.00,1894.00,1636.00,1707.00,1799.00,1350.00,1587.00,1740.00,1883.00,1934.00,2012.00,2052.00,
MD129,974.00,974.00,974.00,974.00,1107.00,1193.00,1334.00,1517.00,1582.00,1266.00,1516.00,1588.00,1713.00,1826.00,1476.00,1567.00,1684.00,1172.00,1424.00,1609.00,1810.00,1887.00,2003.00,2043.00,
MD130,969.00,969.00,969.00,969.00,1066.00,1127.00,1225.00,1361.00,1421.00,1178.00,1360.00,1427.00,1543.00,1648.00,1323.00,1407.00,1516.00,1113.00,1287.00,1447.00,1633.00,1704.00,1812.00,1848.00,
MD133,1079.00,1079.00,1079.00,1079.00,1150.00,1202.00,1327.00,1495.00,1565.00,1267.00,1494.00,1571.00,1693.00,1764.00,1451.00,1549.00,1675.00,1184.00,1405.00,1595.00,1754.00,1802.00,1875.00,1913.00,
MD134,1105.00,1105.00,1105.00,1105.00,1283.00,1381.00,1464.00,1589.00,1656.00,1424.00,1588.00,1662.00,1788.00,1892.00,1547.00,1641.00,1762.00,1369.00,1516.00,1685.00,1877.00,1946.00,2052.00,2093.00,
MD135,993.00,993.00,993.00,993.00,1105.00,1172.00,1251.00,1363.00,1416.00,1213.00,1363.00,1421.00,1529.00,1646.00,1330.00,1404.00,1500.00,1160.00,1301.00,1439.00,1630.00,1708.00,1828.00,1865.00,
MD340,501.00,501.00,501.00,501.00,584.00,638.00,728.00,832.00,856.00,685.00,832.00,858.00,903.00,941.00,817.00,850.00,893.00,625.00,784.00,866.00,935.00,961.00,1000.00,1020.00,
MD432,891.00,891.00,891.00,891.00,1012.00,1083.00,1167.00,1293.00,1359.00,1127.00,1292.00,1365.00,1470.00,1498.00,1251.00,1344.00,1463.00,1071.00,1220.00,1387.00,1494.00,1513.00,1541.00,1572.00,
MD458,787.00,787.00,787.00,787.00,876.00,933.00,1028.00,1159.00,1217.00,982.00,1159.00,1222.00,1324.00,1385.00,1123.00,1204.00,1308.00,919.00,1088.00,1242.00,1377.00,1418.00,1481.00,1511.00,
ME136,675.00,675.00,675.00,675.00,773.00,834.00,921.00,1032.00,1069.00,879.00,1032.00,1073.00,1158.00,1276.00,1009.00,1061.00,1128.00,821.00,977.00,1085.00,1259.00,1339.00,1460.00,1489.00,
ME137,581.00,581.00,581.00,581.00,616.00,641.00,697.00,773.00,806.00,670.00,772.00,809.00,871.00,921.00,752.00,798.00,858.00,633.00,731.00,820.00,914.00,948.00,1000.00,1020.00,
ME139,961.00,961.00,961.00,961.00,1036.00,1086.00,1182.00,1307.00,1356.00,1136.00,1307.00,1360.00,1463.00,1587.00,1277.00,1345.00,1432.00,1072.00,1242.00,1376.00,1569.00,1652.00,1778.00,1814.00,
ME141,763.00,763.00,763.00,763.00,875.00,941.00,1016.00,1111.00,1142.00,980.00,1110.00,1145.00,1205.00,1260.00,1091.00,1135.00,1191.00,930.00,1063.00,1155.00,1252.00,1289.00,1346.00,1373.00,
ME390,683.00,683.00,683.00,683.00,752.00,801.00,913.00,1066.00,1133.00,859.00,1065.00,1139.00,1254.00,1319.00,1024.00,1118.00,1238.00,785.00,983.00,1161.00,1310.00,1353.00,1419.00,1447.00,
MI142,736.00,736.00,736.00,736.00,824.00,885.00,1004.00,1157.00,1210.00,947.00,1157.00,1215.00,1311.00,1384.00,1124.00,1198.00,1293.00,867.00,1080.00,1232.00,1373.00,1422.00,1496.00,1526.00,
MI143,487.00,487.00,487.00,487.00,613.00,687.00,770.00,870.00,899.00,730.00,870.00,902.00,953.00,984.00,852.00,893.00,945.00,675.00,821.00,912.00,979.00,1000.00,1032.00,1053.00,
MI145,535.00,535.00,535.00,535.00,605.00,642.00,664.00,705.00,735.00,654.00,704.00,738.00,792.00,831.00,686.00,728.00,782.00,639.00,678.00,748.00,825.00,851.00,891.00,909.00,
MI146,712.00,712.00,712.00,712.00,777.00,824.00,925.00,1037.00,1054.00,876.00,1037.00,1056.00,1090.00,1127.00,1026.00,1050.00,1081.00,809.00,989.00,1061.00,1121.00,1146.00,1183.00,1207.00,
MI148,624.00,624.00,624.00,624.00,691.00,733.00,791.00,874.00,912.00,763.00,873.00,916.00,980.00,1002.00,849.00,904.00,974.00,724.00,827.00,929.00,999.00,1014.00,1037.00,1058.00,
MI149,599.00,599.00,599.00,599.00,678.00,725.00,779.00,859.00,899.00,753.00,858.00,903.00,977.00,1034.00,833.00,890.00,963.00,717.00,813.00,916.00,1026.00,1063.00,1121.00,1143.00,
MI152,620.00,620.00,620.00,620.00,685.00,730.00,824.00,942.00,980.00,779.00,942.00,984.00,1055.00,1113.00,918.00,971.00,1040.00,716.00,883.00,996.00,1105.00,1143.00,1203.00,1227.00,
MI153,746.00,746.00,746.00,746.00,823.00,870.00,934.00,1026.00,1070.00,903.00,1026.00,1074.00,1152.00,1204.00,999.00,1060.00,1139.00,860.00,975.00,1089.00,1196.00,1231.00,1284.00,1310.00,
MI154,644.00,644.00,644.00,644.00,710.00,751.00,812.00,909.00,966.00,783.00,908.00,971.00,1069.00,1119.00,873.00,953.00,1056.00,742.00,850.00,990.00,1111.00,1145.00,1196.00,1220.00,
MI155,813.00,813.00,813.00,813.00,876.00,928.00,1077.00,1280.00,1365.00,1005.00,1279.00,1373.00,1516.00,1579.00,1226.00,1346.00,1500.00,906.00,1171.00,1402.00,1570.00,1612.00,1677.00,1711.00,
MI156,552.00,552.00,552.00,552.00,611.00,649.00,713.00,800.00,835.00,683.00,799.00,839.00,900.00,934.00,777.00,827.00,892.00,640.00,753.00,851.00,929.00,951.00,985.00,1005.00,
MI157,479.00,479.00,479.00,479.00,530.00,562.00,608.00,677.00,712.00,586.00,677.00,715.00,775.00,808.00,655.00,704.00,767.00,555.00,638.00,727.00,803.00,825.00,859.00,876.00,
MI391,647.00,647.00,647.00,647.00,681.00,708.00,778.00,877.00,925.00,744.00,876.00,929.00,1009.00,1046.00,847.00,914.00,1000.00,698.00,821.00,945.00,1041.00,1066.00,1104.00,1126.00,
MI434,627.00,627.00,627.00,627.00,702.00,757.00,876.00,1015.00,1047.00,818.00,1015.00,1050.00,1106.00,1143.00,995.00,1040.00,1097.00,739.00,951.00,1060.00,1138.00,1162.00,1200.00,1224.00,
MN158,689.00,689.00,689.00,689.00,792.00,855.00,945.00,1070.00,1126.00,902.00,1070.00,1132.00,1227.00,1274.00,1035.00,1114.00,1215.00,842.00,1002.00,1150.00,1267.00,1298.00,1346.00,1373.00,
MN159,816.00,816.00,816.00,816.00,888.00,950.00,1131.00,1350.00,1409.00,1044.00,1349.00,1415.00,1514.00,1554.00,1312.00,1396.00,1504.00,923.00,1245.00,1435.00,1549.00,1576.00,1617.00,1649.00,
MN376,592.00,592.00,592.00,592.00,650.00,689.00,765.00,877.00,934.00,729.00,876.00,940.00,1043.00,1116.00,841.00,921.00,1025.00,678.00,813.00,959.00,1105.00,1154.00,1228.00,1253.00,
MN436,598.00,598.00,598.00,598.00,666.00,708.00,770.00,858.00,900.00,740.00,857.00,904.00,981.00,1041.00,831.00,890.00,966.00,699.00,808.00,918.00,1032.00,1072.00,1133.00,1156.00,
MO160,622.00,622.00,622.00,622.00,680.00,723.00,827.00,950.00,981.00,777.00,950.00,984.00,1048.00,1117.00,931.00,974.00,1030.00,708.00,893.00,994.00,1107.00,1154.00,1225.00,1250.00,
MO161,745.00,745.00,745.00,745.00,830.00,879.00,927.00,997.00,1033.00,904.00,996.00,1036.00,1106.00,1169.00,974.00,1025.00,1090.00,872.00,956.00,1048.00,1160.00,1202.00,1266.00,1291.00,
MO162,573.00,573.00,573.00,573.00,591.00,616.00,725.00,852.00,882.00,672.00,852.00,885.00,941.00,982.00,833.00,875.00,930.00,600.00,793.00,895.00,976.00,1004.00,1047.00,1068.00,
MO163,682.00,682.00,682.00,682.00,762.00,811.00,879.00,971.00,1010.00,846.00,970.00,1014.00,1077.00,1097.00,946.00,1001.00,1072.00,801.00,921.00,1027.00,1094.00,1108.00,1128.00,1151.00,
MO164,530.00,530.00,530.00,530.00,615.00,661.00,687.00,735.00,769.00,675.00,735.00,773.00,836.00,889.00,714.00,762.00,823.00,657.00,704.00,784.00,881.00,916.00,970.00,989.00,
MO165,618.00,618.00,618.00,618.00,642.00,664.00,735.00,825.00,856.00,701.00,825.00,859.00,920.00,980.00,806.00,849.00,905.00,654.00,780.00,869.00,972.00,1012.00,1074.00,1095.00,
MO343,575.00,575.00,575.00,575.00,625.00,664.00,762.00,918.00,1010.00,715.00,917.00,1018.00,1162.00,1189.00,860.00,989.00,1155.00,650.00,824.00,1049.00,1185.00,1203.00,1230.00,1255.00,
MO344,577.00,577.00,577.00,577.00,630.00,666.00,737.00,852.00,922.00,703.00,851.00,928.00,1041.00,1077.00,808.00,906.00,1032.00,656.00,782.00,952.00,1072.00,1095.00,1132.00,1155.00,
MS168,810.00,810.00,810.00,810.00,904.00,962.00,1044.00,1145.00,1176.00,1004.00,1144.00,1179.00,1241.00,1304.00,1125.00,1169.00,1225.00,950.00,1095.00,1189.00,1295.00,1337.00,1402.00,1430.00,
MS169,586.00,586.00,586.00,586.00,652.00,691.00,735.00,803.00,839.00,714.00,803.00,843.00,908.00,952.00,780.00,831.00,897.00,684.00,763.00,855.00,946.00,976.00,1021.00,1041.00,
MS170,733.00,733.00,733.00,733.00,816.00,863.00,904.00,976.00,1026.00,884.00,975.00,1031.00,1117.00,1158.00,944.00,1015.00,1106.00,857.00,929.00,1048.00,1152.00,1180.00,1223.00,1247.00,
MS171,676.00,676.00,676.00,676.00,728.00,763.00,825.00,922.00,977.00,795.00,921.00,982.00,1081.00,1148.00,887.00,964.00,1064.00,754.00,864.00,1000.00,1139.00,1184.00,1253.00,1278.00,
MS172,635.00,635.00,635.00,635.00,704.00,748.00,825.00,920.00,949.00,788.00,920.00,951.00,1007.00,1058.00,902.00,942.00,994.00,737.00,874.00,961.00,1051.00,1085.00,1138.00,1161.00,
MS410,778.00,778.00,778.00,778.00,882.00,940.00,991.00,1061.00,1092.00,966.00,1061.00,1095.00,1163.00,1255.00,1042.00,1085.00,1140.00,932.00,1023.00,1105.00,1242.00,1304.00,1398.00,1426.00,
MS437,623.00,623.00,623.00,623.00,706.00,749.00,765.00,794.00,815.00,757.00,793.00,817.00,854.00,874.00,780.00,810.00,849.00,747.00,774.00,824.00,871.00,884.00,904.00,922.00,
MS438,534.00,534.00,534.00,534.00,586.00,628.00,738.00,852.00,860.00,685.00,852.00,860.00,888.00,949.00,847.00,858.00,872.00,612.00,806.00,863.00,941.00,982.00,1045.00,1066.00,
MT175,508.00,508.00,508.00,508.00,576.00,617.00,673.00,754.00,792.00,646.00,753.00,796.00,869.00,930.00,729.00,784.00,854.00,609.00,708.00,809.00,921.00,962.00,1024.00,1044.00,
MT347,573.00,573.00,573.00,573.00,620.00,655.00,739.00,865.00,933.00,699.00,864.00,939.00,1047.00,1073.00,822.00,917.00,1040.00,643.00,791.00,962.00,1069.00,1087.00,1114.00,1136.00,
MT379,594.00,594.00,594.00,594.00,665.00,712.00,793.00,916.00,982.00,754.00,915.00,988.00,1100.00,1150.00,874.00,967.00,1087.00,700.00,844.00,1010.00,1142.00,1176.00,1227.00,1252.00,
MT441,594.00,594.00,594.00,594.00,696.00,757.00,832.00,935.00,980.00,796.00,934.00,984.00,1066.00,1123.00,906.00,970.00,1052.00,746.00,878.00,1000.00,1115.00,1152.00,1210.00,1234.00,
NC176,965.00,965.00,965.00,965.00,1081.00,1150.00,1237.00,1357.00,1408.00,1195.00,1356.00,1413.00,1499.00,1542.00,1325.00,1396.00,1488.00,1137.00,1293.00,1429.00,1536.00,1565.00,1609.00,1641.00,
NC177,691.00,691.00,691.00,691.00,782.00,838.00,921.00,1026.00,1060.00,881.00,1025.00,1064.00,1131.00,1197.00,1004.00,1053.00,1115.00,826.00,973.00,1075.00,1187.00,1231.00,1298.00,1324.00,
NC178,670.00,670.00,670.00,670.00,717.00,750.00,820.00,915.00,956.00,786.00,914.00,960.00,1042.00,1126.00,889.00,947.00,1021.00,740.00,863.00,974.00,1114.00,1170.00,1255.00,1280.00,
NC179,738.00,738.00,738.00,738.00,820.00,868.00,919.00,1004.00,1056.00,894.00,1003.00,1061.00,1145.00,1171.00,971.00,1044.00,1139.00,860.00,952.00,1079.00,1167.00,1184.00,1210.00,1234.00,
NC180,752.00,752.00,752.00,752.00,893.00,969.00,1015.00,1091.00,1138.00,993.00,1090.00,1142.00,1227.00,1285.00,1061.00,1127.00,1212.00,962.00,1044.00,1158.00,1277.00,1316.00,1376.00,1404.00,
NC181,700.00,700.00,700.00,700.00,776.00,825.00,909.00,1013.00,1046.00,869.00,1012.00,1049.00,1111.00,1164.00,992.00,1038.00,1098.00,813.00,961.00,1060.00,1157.00,1192.00,1246.00,1271.00,
NC182,718.00,718.00,718.00,718.00,798.00,842.00,879.00,931.00,957.00,861.00,931.00,959.00,1013.00,1075.00,915.00,951.00,997.00,837.00,902.00,968.00,1066.00,1107.00,1171.00,1194.00,
NC183,682.00,682.00,682.00,682.00,709.00,732.00,798.00,892.00,937.00,766.00,892.00,941.00,1030.00,1122.00,864.00,927.00,1007.00,722.00,840.00,956.00,1109.00,1171.00,1265.00,1290.00,
NC184,695.00,695.00,695.00,695.00,741.00,773.00,837.00,935.00,990.00,807.00,935.00,995.00,1089.00,1143.00,901.00,977.00,1076.00,764.00,877.00,1013.00,1135.00,1171.00,1226.00,1251.00,
NC185,747.00,747.00,747.00,747.00,806.00,842.00,894.00,992.00,1065.00,869.00,991.00,1072.00,1185.00,1203.00,946.00,1048.00,1180.00,834.00,927.00,1096.00,1201.00,1213.00,1232.00,1257.00,
NC186,793.00,793.00,793.00,793.00,881.00,934.00,1000.00,1096.00,1141.00,968.00,1095.00,1145.00,1222.00,1256.00,1067.00,1131.00,1213.00,924.00,1042.00,1161.00,1251.00,1274.00,1309.00,1335.00,
NC187,733.00,733.00,733.00,733.00,801.00,842.00,892.00,964.00,997.00,868.00,963.00,1000.00,1075.00,1177.00,943.00,989.00,1049.00,834.00,924.00,1011.00,1163.00,1231.00,1336.00,1363.00,
NC372,602.00,602.00,602.00,602.00,675.00,720.00,784.00,888.00,953.00,753.00,888.00,959.00,1067.00,1118.00,848.00,938.00,1054.00,710.00,824.00,980.00,1111.00,1145.00,1197.00,1221.00,
ND188,550.00,550.00,550.00,550.00,629.00,677.00,746.00,830.00,855.00,713.00,830.00,858.00,900.00,920.00,814.00,849.00,895.00,667.00,789.00,866.00,917.00,930.00,950.00,969.00,
ND189,531.00,531.00,531.00,531.00,573.00,610.00,721.00,895.00,994.00,668.00,893.00,1003.00,1161.00,1200.00,832.00,971.00,1151.00,594.00,791.00,1036.00,1195.00,1221.00,1261.00,1286.00,
ND190,540.00,540.00,540.00,540.00,601.00,645.00,736.00,852.00,889.00,692.00,851.00,892.00,967.00,1041.00,828.00,880.00,948.00,631.00,794.00,905.00,1031.00,1081.00,1157.00,1180.00,
ND191,495.00,495.00,495.00,495.00,562.00,604.00,671.00,765.00,808.00,639.00,765.00,812.00,884.00,916.00,738.00,798.00,876.00,594.00,713.00,826.00,912.00,933.00,966.00,985.00,
NE192,689.00,689.00,689.00,689.00,764.00,816.00,922.00,1052.00,1089.00,871.00,1052.00,1093.00,1154.00,1179.00,1029.00,1081.00,1148.00,800.00,990.00,1105.00,1175.00,1192.00,1217.00,1241.00,
NE193,679.00,679.00,679.00,679.00,751.00,800.00,894.00,1021.00,1072.00,849.00,1020.00,1077.00,1166.00,1213.00,988.00,1061.00,1154.00,786.00,953.00,1094.00,1207.00,1238.00,1287.00,1313.00,
NH194,984.00,984.00,984.00,984.00,1075.00,1143.00,1301.00,1525.00,1628.00,1225.00,1524.00,1638.00,1807.00,1868.00,1460.00,1605.00,1791.00,1119.00,1401.00,1672.00,1860.00,1901.00,1964.00,2003.00,
NH195,975.00,975.00,975.00,975.00,1064.00,1128.00,1262.00,1434.00,1494.00,1197.00,1433.00,1500.00,1620.00,1743.00,1396.00,1480.00,1589.00,1108.00,1346.00,1520.00,1726.00,1808.00,1934.00,1973.00,
NJ196,970.00,970.00,970.00,970.00,1136.00,1232.00,1333.00,1480.00,1553.00,1284.00,1479.00,1560.00,1693.00,1793.00,1434.00,1536.00,1668.00,1217.00,1397.00,1584.00,1779.00,1845.00,1947.00,1986.00,
NJ198,905.00,905.00,905.00,905.00,1022.00,1095.00,1202.00,1365.00,1452.00,1151.00,1364.00,1460.00,1596.00,1625.00,1310.00,1432.00,1589.00,1079.00,1270.00,1489.00,1621.00,1640.00,1670.00,1703.00,
NJ200,1088.00,1088.00,1088.00,1088.00,1286.00,1413.00,1623.00,1901.00,2009.00,1522.00,1899.00,2019.00,2211.00,2329.00,1832.00,1985.00,2181.00,1382.00,1754.00,2056.00,2312.00,2391.00,2512.00,2562.00,
NJ201,1122.00,1122.00,1122.00,1122.00,1360.00,1494.00,1613.00,1820.00,1957.00,1556.00,1818.00,1970.00,2209.00,2344.00,1733.00,1926.00,2175.00,1476.00,1689.00,2016.00,2325.00,2416.00,2554.00,2605.00,
NJ202,1180.00,1180.00,1180.00,1180.00,1520.00,1696.00,1772.00,1940.00,2087.00,1736.00,1939.00,2101.00,2333.00,2388.00,1848.00,2054.00,2319.00,1685.00,1820.00,2150.00,2380.00,2417.00,2474.00,2523.00,
NJ203,959.00,959.00,959.00,959.00,1067.00,1163.00,1457.00,1776.00,1814.00,1315.00,1776.00,1818.00,1885.00,1922.00,1752.00,1806.00,1875.00,1119.00,1643.00,1831.00,1917.00,1942.00,1981.00,2021.00,
NJ204,1038.00,1038.00,1038.00,1038.00,1146.00,1223.00,1382.00,1588.00,1663.00,1305.00,1587.00,1670.00,1808.00,1917.00,1541.00,1646.00,1781.00,1199.00,1482.00,1695.00,1902.00,1975.00,2086.00,2128.00,
NM205,550.00,550.00,550.00,550.00,602.00,645.00,770.00,942.00,1018.00,710.00,941.00,1025.00,1148.00,1189.00,894.00,1001.00,1138.00,627.00,848.00,1050.00,1183.00,1210.00,1252.00,1277.00,
NM206,681.00,681.00,681.00,681.00,762.00,816.00,907.00,1011.00,1032.00,863.00,1011.00,1034.00,1083.00,1153.00,998.00,1027.00,1065.00,802.00,964.00,1041.00,1143.00,1191.00,1263.00,1288.00,
NM207,539.00,539.00,539.00,539.00,608.00,657.00,755.00,892.00,952.00,708.00,891.00,958.00,1050.00,1058.00,854.00,939.00,1048.00,642.00,817.00,978.00,1057.00,1063.00,1071.00,1092.00,
NM209,599.00,599.00,599.00,599.00,670.00,718.00,812.00,924.00,954.00,767.00,924.00,956.00,1015.00,1072.00,906.00,947.00,1000.00,704.00,871.00,966.00,1064.00,1103.00,1162.00,1185.00,
NM210,837.00,837.00,837.00,837.00,930.00,996.00,1135.00,1293.00,1324.00,1068.00,1292.00,1327.00,1381.00,1411.00,1273.00,1317.00,1373.00,976.00,1222.00,1337.00,1407.00,1427.00,1458.00,1487.00,
NV199,903.00,903.00,903.00,903.00,1015.00,1087.00,1205.00,1375.00,1457.00,1148.00,1374.00,1465.00,1607.00,1691.00,1324.00,1439.00,1586.00,1069.00,1280.00,1492.00,1679.00,1735.00,1821.00,1857.00,
NV211,845.00,845.00,845.00,845.00,926.00,972.00,1013.00,1077.00,1115.00,993.00,1077.00,1119.00,1202.00,1311.00,1053.00,1106.00,1175.00,966.00,1038.00,1131.00,1295.00,1368.00,1479.00,1509.00,
NV212,868.00,868.00,868.00,868.00,946.00,997.00,1088.00,1199.00,1232.00,1044.00,1199.00,1235.00,1305.00,1386.00,1178.00,1225.00,1285.00,984.00,1145.00,1247.00,1375.00,1428.00,1511.00,1541.00,
NV213,939.00,939.00,939.00,939.00,1026.00,1083.00,1176.00,1305.00,1361.00,1131.00,1304.00,1366.00,1467.00,1539.00,1270.00,1348.00,1449.00,1069.00,1235.00,1385.00,1529.00,1577.00,1651.00,1684.00,
NY215,871.00,871.00,871.00,871.00,934.00,977.00,1061.00,1187.00,1255.00,1021.00,1186.00,1262.00,1372.00,1406.00,1144.00,1240.00,1363.00,965.00,1113.00,1284.00,1401.00,1424.00,1459.00,1488.00,
NY216,700.00,700.00,700.00,700.00,771.00,817.00,895.00,1009.00,1063.00,857.00,1008.00,1069.00,1165.00,1224.00,974.00,1051.00,1150.00,805.00,945.00,1087.00,1216.00,1255.00,1316.00,1342.00,
NY217,1042.00,1042.00,1042.00,1042.00,1191.00,1283.00,1415.00,1646.00,1804.00,1352.00,1644.00,1819.00,2071.00,2135.00,1546.00,1768.00,2055.00,1264.00,1497.00,1872.00,2126.00,2169.00,2234.00,2279.00,
NY218,1493.00,1493.00,1493.00,1493.00,1737.00,1875.00,2001.00,2188.00,2284.00,1940.00,2187.00,2293.00,2459.00,2549.00,2127.00,2262.00,2436.00,1856.00,2080.00,2325.00,2536.00,2596.00,2688.00,2742.00,
NY219,1721.00,1721.00,1721.00,1721.00,1806.00,1851.00,1876.00,1930.00,1977.00,1864.00,1930.00,1982.00,2067.00,2131.00,1901.00,1967.00,2051.00,1847.00,1892.00,1997.00,2122.00,2165.00,2231.00,2276.00,
NY221,789.00,789.00,789.00,789.00,833.00,869.00,971.00,1084.00,1103.00,922.00,1084.00,1105.00,1152.00,1222.00,1072.00,1099.00,1134.00,854.00,1034.00,1112.00,1212.00,1259.00,1331.00,1358.00,
NY222,541.00,541.00,541.00,541.00,638.00,697.00,776.00,876.00,908.00,738.00,875.00,911.00,977.00,1044.00,855.00,901.00,960.00,685.00,826.00,922.00,1034.00,1079.00,1148.00,1171.00,
NY223,669.00,669.00,669.00,669.00,740.00,786.00,857.00,944.00,969.00,823.00,944.00,971.00,1026.00,1100.00,929.00,963.00,1007.00,775.00,902.00,979.00,1090.00,1140.00,1216.00,1240.00,
NY225,640.00,640.00,640.00,640.00,725.00,781.00,873.00,1007.00,1072.00,829.00,1006.00,1078.00,1189.00,1250.00,966.00,1057.00,1174.00,767.00,932.00,1099.00,1242.00,1283.00,1345.00,1372.00,
NY226,702.00,702.00,702.00,702.00,812.00,887.00,1033.00,1218.00,1278.00,963.00,1217.00,1284.00,1383.00,1419.00,1180.00,1265.00,1374.00,865.00,1126.00,1304.00,1414.00,1438.00,1475.00,1505.00,
NY349,1358.00,1358.00,1358.00,1358.00,1623.00,1762.00,1830.00,1979.00,2108.00,1797.00,1978.00,2120.00,2345.00,2481.00,1898.00,2079.00,2311.00,1752.00,1873.00,2163.00,2462.00,2552.00,2691.00,2745.00,
NY413,1043.00,1043.00,1043.00,1043.00,1253.00,1381.00,1553.00,1763.00,1825.00,1470.00,1762.00,1831.00,1947.00,2044.00,1724.00,1811.00,1923.00,1356.00,1661.00,1852.00,2030.00,2095.00,2194.00,2238.00,
NY444,510.00,510.00,510.00,510.00,589.00,636.00,700.00,789.00,829.00,669.00,788.00,833.00,905.00,955.00,763.00,820.00,893.00,627.00,740.00,846.00,948.00,981.00,1031.00,1052.00,
NY445,913.00,913.00,913.00,913.00,1017.00,1086.00,1210.00,1376.00,1443.00,1150.00,1375.00,1450.00,1566.00,1629.00,1333.00,1428.00,1550.00,1068.00,1287.00,1472.00,1620.00,1662.00,1726.00,1761.00,
OH227,649.00,649.00,649.00,649.00,726.00,774.00,842.00,912.00,917.00,809.00,912.00,918.00,932.00,958.00,909.00,916.00,925.00,764.00,884.00,919.00,954.00,972.00,999.00,1019.00,
OH228,817.00,817.00,817.00,817.00,912.00,969.00,1042.00,1149.00,1203.00,1007.00,1149.00,1208.00,1309.00,1390.00,1115.00,1191.00,1289.00,958.00,1088.00,1226.00,1379.00,1433.00,1516.00,1546.00,
OH229,646.00,646.00,646.00,646.00,720.00,769.00,858.00,976.00,1023.00,815.00,975.00,1028.00,1117.00,1194.00,946.00,1012.00,1098.00,756.00,913.00,1043.00,1184.00,1235.00,1314.00,1340.00,
OH230,695.00,695.00,695.00,695.00,737.00,769.00,847.00,937.00,957.00,810.00,937.00,959.00,1018.00,1128.00,924.00,953.00,990.00,758.00,895.00,966.00,1112.00,1186.00,1298.00,1324.00,
OH231,659.00,659.00,659.00,659.00,728.00,766.00,799.00,859.00,900.00,783.00,858.00,904.00,996.00,1120.00,833.00,891.00,965.00,761.00,821.00,918.00,1102.00,1185.00,1312.00,1338.00,
OH232,629.00,629.00,629.00,629.00,702.00,751.00,847.00,961.00,990.00,801.00,961.00,993.00,1054.00,1128.00,943.00,984.00,1036.00,737.00,907.00,1003.00,1117.00,1166.00,1241.00,1266.00,
OH233,545.00,545.00,545.00,545.00,618.00,663.00,722.00,801.00,832.00,694.00,801.00,835.00,892.00,940.00,782.00,825.00,880.00,654.00,760.00,845.00,933.00,965.00,1014.00,1034.00,
OH382,536.00,536.00,536.00,536.00,625.00,678.00,738.00,826.00,871.00,709.00,826.00,875.00,956.00,1018.00,798.00,861.00,941.00,669.00,776.00,890.00,1009.00,1050.00,1113.00,1135.00,
OH446,557.00,557.00,557.00,557.00,624.00,661.00,692.00,740.00,766.00,677.00,739.00,769.00,820.00,869.00,723.00,760.00,808.00,656.00,711.00,777.00,862.00,894.00,944.00,963.00,
OK235,501.00,501.00,501.00,501.00,528.00,552.00,625.00,728.00,775.00,590.00,728.00,780.00,856.00,883.00,699.00,765.00,849.00,541.00,672.00,795.00,880.00,898.00,926.00,945.00,
OK236,525.00,525.00,525.00,525.00,579.00,616.00,681.00,769.00,803.00,650.00,768.00,806.00,864.00,892.00,747.00,795.00,857.00,606.00,723.00,817.00,888.00,907.00,935.00,954.00,
OK237,552.00,552.00,552.00,552.00,616.00,655.00,713.00,810.00,874.00,685.00,809.00,880.00,977.00,988.00,770.00,859.00,974.00,647.00,749.00,901.00,986.00,994.00,1005.00,1025.00,
OK239,579.00,579.00,579.00,579.00,640.00,680.00,751.00,841.00,871.00,717.00,840.00,874.00,934.00,998.00,822.00,864.00,918.00,670.00,796.00,884.00,989.00,1032.00,1098.00,1120.00,
OK240,548.00,548.00,548.00,548.00,616.00,659.00,729.00,820.00,855.00,695.00,820.00,858.00,918.00,952.00,798.00,847.00,910.00,649.00,772.00,870.00,947.00,969.00,1003.00,1023.00,
OR091,639.00,639.00,639.00,639.00,740.00,796.00,840.00,912.00,958.00,818.00,912.00,962.00,1045.00,1111.00,884.00,947.00,1029.00,789.00,868.00,977.00,1101.00,1145.00,1212.00,1236.00,
OR241,615.00,615.00,615.00,615.00,698.00,750.00,827.00,929.00,968.00,790.00,928.00,972.00,1041.00,1082.00,904.00,959.00,1030.00,739.00,876.00,985.00,1076.00,1104.00,1147.00,1170.00,
OR242,683.00,683.00,683.00,683.00,713.00,736.00,793.00,865.00,887.00,765.00,865.00,889.00,950.00,1060.00,851.00,882.00,922.00,727.00,830.00,896.00,1044.00,1118.00,1231.00,1256.00,
OR243,783.00,783.00,783.00,783.00,852.00,901.00,1010.00,1141.00,1178.00,957.00,1141.00,1181.00,1251.00,1310.00,1118.00,1170.00,1236.00,885.00,1078.00,1194.00,1301.00,1341.00,1401.00,1429.00,
OR244,648.00,648.00,648.00,648.00,721.00,769.00,847.00,932.00,944.00,809.00,932.00,945.00,994.00,1118.00,925.00,942.00,963.00,757.00,896.00,949.00,1100.00,1183.00,1310.00,1336.00,
OR245,658.00,658.00,658.00,658.00,719.00,760.00,838.00,950.00,1004.00,800.00,950.00,1009.00,1100.00,1141.00,916.00,992.00,1090.00,748.00,887.00,1027.00,1136.00,1163.00,1205.00,1229.00,
OR246,662.00,662.00,662.00,662.00,735.00,779.00,830.00,900.00,931.00,805.00,900.00,934.00,1002.00,1093.00,881.00,924.00,979.00,771.00,862.00,944.00,1080.00,1142.00,1235.00,1260.00,
OR373,564.00,564.00,564.00,564.00,643.00,696.00,787.00,921.00,989.00,743.00,920.00,995.00,1116.00,1193.00,878.00,973.00,1096.00,682.00,844.00,1018.00,1182.00,1234.00,1314.00,1340.00,
PA247,740.00,740.00,740.00,740.00,805.00,850.00,948.00,1057.00,1077.00,901.00,1057.00,1079.00,1128.00,1207.00,1045.00,1073.00,1108.00,836.00,1009.00,1085.00,1196.00,1249.00,1330.00,1357.00,
PA248,932.00,932.00,932.00,932.00,1020.00,1092.00,1285.00,1512.00,1565.00,1192.00,1511.00,1570.00,1667.00,1739.00,1478.00,1553.00,1649.00,1063.00,1406.00,1588.00,1729.00,1777.00,1851.00,1888.00,
PA249,1111.00,1111.00,1111.00,1111.00,1266.00,1359.00,1477.00,1647.00,1730.00,1420.00,1646.00,1738.00,1894.00,2016.00,1594.00,1712.00,1863.00,1342.00,1551.00,1766.00,1999.00,2081.00,2206.00,2250.00,
PA250,759.00,759.00,759.00,759.00,852.00,908.00,973.00,1057.00,1087.00,942.00,1057.00,1089.00,1163.00,1281.00,1039.00,1080.00,1133.00,898.00,1015.00,1099.00,1264.00,1343.00,1464.00,1493.00,
PA251,713.00,713.00,713.00,713.00,784.00,829.00,901.00,1003.00,1050.00,866.00,1002.00,1055.00,1133.00,1166.00,973.00,1039.00,1125.00,818.00,946.00,1070.00,1161.00,1183.00,1216.00,1240.00,
PA252,723.00,723.00,723.00,723.00,748.00,773.00,859.00,961.00,988.00,817.00,961.00,990.00,1040.00,1084.00,945.00,982.00,1029.00,760.00,913.00,999.00,1078.00,1108.00,1153.00,1176.00,
PA253,577.00,577.00,577.00,577.00,634.00,671.00,735.00,815.00,841.00,704.00,814.00,844.00,890.00,917.00,798.00,835.00,883.00,662.00,775.00,852.00,914.00,932.00,960.00,979.00,
PA254,610.00,610.00,610.00,610.00,653.00,685.00,760.00,854.00,886.00,724.00,854.00,889.00,945.00,979.00,834.00,879.00,936.00,674.00,806.00,899.00,974.00,997.00,1032.00,1053.00,
PA255,840.00,840.00,840.00,840.00,925.00,976.00,1043.00,1166.00,1254.00,1011.00,1165.00,1263.00,1399.00,1421.00,1110.00,1234.00,1394.00,966.00,1085.00,1292.00,1418.00,1432.00,1454.00,1483.00,
PA383,508.00,508.00,508.00,508.00,549.00,575.00,618.00,700.00,763.00,597.00,699.00,768.00,870.00,900.00,660.00,748.00,862.00,569.00,644.00,789.00,896.00,916.00,947.00,966.00,
RI256,988.00,988.00,988.00,988.00,1146.00,1254.00,1463.00,1765.00,1913.00,1362.00,1763.00,1927.00,2166.00,2243.00,1672.00,1880.00,2147.00,1223.00,1595.00,1976.00,2233.00,2284.00,2363.00,2410.00,
RI257,1029.00,1029.00,1029.00,1029.00,1163.00,1243.00,1343.00,1481.00,1542.00,1295.00,1481.00,1548.00,1661.00,1751.00,1443.00,1528.00,1638.00,1228.00,1406.00,1568.00,1738.00,1799.00,1891.00,1929.00,
SC258,895.00,895.00,895.00,895.00,949.00,978.00,995.00,1054.00,1122.00,987.00,1053.00,1128.00,1233.00,1249.00,1011.00,1106.00,1229.00,976.00,1005.00,1151.00,1246.00,1257.00,1273.00,1298.00,
SC259,819.00,819.00,819.00,819.00,913.00,961.00,973.00,1027.00,1094.00,967.00,1026.00,1100.00,1216.00,1283.00,985.00,1079.00,1199.00,959.00,981.00,1122.00,1273.00,1318.00,1386.00,1414.00,
SC260,703.00,703.00,703.00,703.00,771.00,814.00,881.00,974.00,1015.00,849.00,974.00,1019.00,1092.00,1138.00,948.00,1006.00,1081.00,804.00,923.00,1033.00,1131.00,1162.00,1208.00,1232.00,
SC261,608.00,608.00,608.00,608.00,669.00,707.00,765.00,851.00,895.00,737.00,851.00,899.00,981.00,1050.00,824.00,885.00,964.00,698.00,802.00,914.00,1040.00,1086.00,1156.00,1179.00,
SC262,854.00,854.00,854.00,854.00,908.00,948.00,1035.00,1134.00,1152.00,993.00,1134.00,1154.00,1205.00,1306.00,1123.00,1148.00,1180.00,935.00,1091.00,1160.00,1292.00,1359.00,1462.00,1491.00,
SC263,708.00,708.00,708.00,708.00,736.00,757.00,801.00,877.00,927.00,780.00,877.00,932.00,1025.00,1099.00,846.00,916.00,1006.00,750.00,829.00,949.00,1089.00,1139.00,1215.00,1239.00,
SC375,706.00,706.00,706.00,706.00,755.00,784.00,814.00,863.00,892.00,799.00,863.00,895.00,950.00,995.00,845.00,886.00,938.00,779.00,834.00,905.00,989.00,1019.00,1066.00,1087.00,
SD264,593.00,593.00,593.00,593.00,670.00,720.00,807.00,906.00,924.00,765.00,906.00,926.00,967.00,1025.00,895.00,920.00,952.00,707.00,863.00,932.00,1017.00,1055.00,1115.00,1137.00,
SD265,595.00,595.00,595.00,595.00,654.00,694.00,774.00,870.00,897.00,735.00,870.00,899.00,948.00,988.00,854.00,891.00,938.00,682.00,824.00,908.00,982.00,1009.00,1050.00,1071.00,
TN266,658.00,658.00,658.00,658.00,714.00,745.00,774.00,842.00,905.00,760.00,841.00,911.00,1018.00,1069.00,802.00,891.00,1005.00,741.00,791.00,932.00,1062.00,1096.00,1148.00,1171.00,
TN267,688.00,688.00,688.00,688.00,760.00,803.00,854.00,933.00,976.00,829.00,933.00,980.00,1055.00,1097.00,906.00,966.00,1044.00,795.00,887.00,994.00,1091.00,1119.00,1162.00,1185.00,
TN268,763.00,763.00,763.00,763.00,830.00,875.00,952.00,1039.00,1053.00,915.00,1039.00,1054.00,1100.00,1199.00,1030.00,1050.00,1075.00,863.00,1001.00,1059.00,1185.00,1251.00,1352.00,1379.00,
TN269,763.00,763.00,763.00,763.00,848.00,904.00,1000.00,1115.00,1146.00,954.00,1114.00,1149.00,1209.00,1259.00,1095.00,1139.00,1196.00,890.00,1060.00,1160.00,1252.00,1286.00,1338.00,1365.00,
TN353,525.00,525.00,525.00,525.00,594.00,638.00,713.00,811.00,847.00,677.00,811.00,851.00,916.00,960.00,788.00,839.00,905.00,627.00,760.00,863.00,954.00,984.00,1029.00,1050.00,
TN354,540.00,540.00,540.00,540.00,605.00,643.00,686.00,747.00,775.00,666.00,747.00,778.00,829.00,866.00,729.00,769.00,820.00,637.00,713.00,787.00,860.00,885.00,922.00,940.00,
TN449,620.00,620.00,620.00,620.00,676.00,711.00,757.00,818.00,841.00,735.00,817.00,843.00,890.00,943.00,803.00,835.00,877.00,704.00,786.00,850.00,936.00,971.00,1025.00,1046.00,
TX270,639.00,639.00,639.00,639.00,733.00,790.00,868.00,973.00,1018.00,831.00,973.00,1022.00,1098.00,1133.00,945.00,1008.00,1089.00,779.00,916.00,1037.00,1128.00,1151.00,1187.00,1211.00,
TX271,611.00,611.00,611.00,611.00,685.00,733.00,815.00,936.00,1001.00,775.00,936.00,1007.00,1106.00,1119.00,896.00,986.00,1102.00,721.00,866.00,1028.00,1117.00,1127.00,1141.00,1164.00,
TX272,686.00,686.00,686.00,686.00,777.00,829.00,880.00,972.00,1038.00,856.00,971.00,1044.00,1162.00,1237.00,930.00,1023.00,1143.00,822.00,911.00,1066.00,1226.00,1276.00,1353.00,1380.00,
TX273,752.00,752.00,752.00,752.00,825.00,867.00,917.00,1004.00,1064.00,893.00,1003.00,1070.00,1181.00,1267.00,966.00,1050.00,1159.00,860.00,948.00,1090.00,1254.00,1312.00,1400.00,1428.00,
TX274,682.00,682.00,682.00,682.00,785.00,843.00,898.00,1001.00,1079.00,871.00,1000.00,1087.00,1216.00,1270.00,952.00,1062.00,1203.00,835.00,932.00,1113.00,1262.00,1298.00,1352.00,1379.00,
TX275,733.00,733.00,733.00,733.00,841.00,907.00,1000.00,1146.00,1229.00,955.00,1145.00,1237.00,1379.00,1456.00,1094.00,1210.00,1360.00,893.00,1059.00,1264.00,1445.00,1496.00,1575.00,1607.00,
TX276,622.00,622.00,622.00,622.00,743.00,814.00,894.00,1020.00,1090.00,856.00,1019.00,1097.00,1212.00,1250.00,975.00,1074.00,1202.00,802.00,945.00,1120.00,1244.00,1270.00,1309.00,1335.00,
TX277,854.00,854.00,854.00,854.00,970.00,1037.00,1106.00,1190.00,1214.00,1073.00,1189.00,1216.00,1271.00,1340.00,1174.00,1209.00,1253.00,1027.00,1149.00,1225.00,1330.00,1377.00,1448.00,1477.00,
TX278,540.00,540.00,540.00,540.00,609.00,653.00,730.00,845.00,907.00,693.00,845.00,913.00,1024.00,1094.00,806.00,893.00,1006.00,642.00,778.00,934.00,1084.00,1130.00,1202.00,1226.00,
TX279,636.00,636.00,636.00,636.00,701.00,742.00,809.00,892.00,918.00,777.00,892.00,921.00,977.00,1047.00,876.00,912.00,959.00,732.00,851.00,929.00,1037.00,1084.00,1156.00,1179.00,
TX281,601.00,601.00,601.00,601.00,655.00,693.00,768.00,855.00,875.00,732.00,855.00,877.00,933.00,1041.00,843.00,871.00,906.00,682.00,815.00,883.00,1026.00,1098.00,1209.00,1233.00,
TX282,909.00,909.00,909.00,909.00,1012.00,1079.00,1195.00,1351.00,1415.00,1139.00,1350.00,1421.00,1527.00,1575.00,1311.00,1400.00,1515.00,1062.00,1268.00,1442.00,1568.00,1600.00,1649.00,1682.00,
TX283,636.00,636.00,636.00,636.00,716.00,771.00,875.00,1005.00,1045.00,825.00,1005.00,1049.00,1115.00,1141.00,980.00,1036.00,1108.00,755.00,941.00,1062.00,1137.00,1155.00,1182.00,1206.00,
TX284,597.00,597.00,597.00,597.00,670.00,724.00,851.00,1000.00,1032.00,790.00,999.00,1035.00,1091.00,1121.00,979.00,1025.00,1084.00,705.00,932.00,1046.00,1116.00,1136.00,1166.00,1189.00,
TX285,689.00,689.00,689.00,689.00,796.00,863.00,962.00,1065.00,1070.00,914.00,1064.00,1071.00,1096.00,1164.00,1061.00,1069.00,1079.00,848.00,1024.00,1073.00,1154.00,1200.00,1269.00,1294.00,
TX286,696.00,696.00,696.00,696.00,767.00,810.00,866.00,937.00,962.00,839.00,937.00,964.00,1019.00,1092.00,922.00,956.00,1000.00,802.00,901.00,972.00,1082.00,1131.00,1207.00,1231.00,
TX288,683.00,683.00,683.00,683.00,753.00,800.00,889.00,1005.00,1049.00,846.00,1004.00,1053.00,1132.00,1184.00,977.00,1039.00,1119.00,787.00,944.00,1068.00,1176.00,1211.00,1264.00,1289.00,
TX356,751.00,751.00,751.00,751.00,865.00,935.00,1034.00,1152.00,1182.00,986.00,1152.00,1185.00,1250.00,1331.00,1133.00,1175.00,1230.00,920.00,1096.00,1195.00,1320.00,1373.00,1456.00,1485.00,
TX387,663.00,663.00,663.00,663.00,747.00,799.00,872.00,989.00,1058.00,837.00,988.00,1064.00,1176.00,1216.00,946.00,1042.00,1166.00,788.00,919.00,1087.00,1210.00,1236.00,1277.00,1303.00,
TX415,665.00,665.00,665.00,665.00,750.00,800.00,859.00,970.00,1052.00,830.00,969.00,1060.00,1188.00,1212.00,918.00,1033.00,1182.00,791.00,896.00,1087.00,1209.00,1225.00,1250.00,1275.00,
UT291,593.00,593.00,593.00,593.00,662.00,703.00,752.00,821.00,854.00,728.00,820.00,857.00,920.00,978.00,800.00,846.00,906.00,696.00,782.00,868.00,970.00,1008.00,1067.00,1088.00,
UT292,670.00,670.00,670.00,670.00,724.00,766.00,869.00,994.00,1030.00,820.00,994.00,1033.00,1100.00,1157.00,972.00,1022.00,1086.00,751.00,934.00,1045.00,1149.00,1187.00,1245.00,1270.00,
UT357,595.00,595.00,595.00,595.00,670.00,718.00,799.00,895.00,919.00,760.00,895.00,921.00,970.00,1023.00,880.00,914.00,957.00,706.00,850.00,929.00,1015.00,1050.00,1104.00,1126.00,
VA295,882.00,882.00,882.00,882.00,965.00,1023.00,1140.00,1269.00,1289.00,1084.00,1269.00,1291.00,1336.00,1398.00,1256.00,1284.00,1321.00,1006.00,1213.00,1298.00,1389.00,1430.00,1493.00,1523.00,
VA296,961.00,961.00,961.00,961.00,1046.00,1104.00,1215.00,1380.00,1466.00,1162.00,1379.00,1474.00,1626.00,1720.00,1326.00,1447.00,1602.00,1088.00,1285.00,1503.00,1707.00,1770.00,1867.00,1904.00,
VA297,854.00,854.00,854.00,854.00,931.00,980.00,1062.00,1175.00,1225.00,1023.00,1175.00,1230.00,1326.00,1413.00,1144.00,1214.00,1304.00,968.00,1114.00,1247.00,1401.00,1459.00,1548.00,1579.00,
VA298,984.00,984.00,984.00,984.00,1046.00,1087.00,1159.00,1256.00,1294.00,1124.00,1256.00,1298.00,1377.00,1463.00,1232.00,1286.00,1355.00,1076.00,1205.00,1311.00,1450.00,1508.00,1596.00,1628.00,
VA300,760.00,760.00,760.00,760.00,829.00,868.00,905.00,950.00,961.00,887.00,950.00,962.00,1001.00,1088.00,943.00,959.00,979.00,862.00,929.00,966.00,1075.00,1133.00,1222.00,1246.00,
VA301,776.00,776.00,776.00,776.00,896.00,959.00,995.00,1036.00,1044.00,978.00,1036.00,1045.00,1081.00,1178.00,1031.00,1042.00,1057.00,954.00,1018.00,1048.00,1164.00,1228.00,1327.00,1354.00,
VA302,1033.00,1033.00,1033.00,1033.00,1212.00,1323.00,1482.00,1690.00,1767.00,1405.00,1689.00,1774.00,1915.00,2016.00,1641.00,1749.00,1889.00,1299.00,1582.00,1800.00,2002.00,2070.00,2174.00,2217.00,
VA303,605.00,605.00,605.00,605.00,704.00,766.00,861.00,1003.00,1078.00,815.00,1002.00,1085.00,1204.00,1232.00,955.00,1061.00,1197.00,752.00,920.00,1110.00,1228.00,1247.00,1276.00,1302.00,
VA362,564.00,564.00,564.00,564.00,625.00,667.00,746.00,841.00,868.00,708.00,841.00,870.00,928.00,1004.00,825.00,862.00,909.00,655.00,796.00,879.00,993.00,1044.00,1122.00,1144.00,
VA368,854.00,854.00,854.00,854.00,912.00,953.00,1042.00,1163.00,1215.00,999.00,1163.00,1220.00,1318.00,1403.00,1131.00,1203.00,1296.00,940.00,1098.00,1237.00,1391.00,1448.00,1536.00,1567.00,
VT305,897.00,897.00,897.00,897.00,1002.00,1083.00,1283.00,1495.00,1514.00,1186.00,1495.00,1516.00,1559.00,1615.00,1483.00,1510.00,1545.00,1053.00,1409.00,1523.00,1607.00,1644.00,1701.00,1735.00,
WA306,809.00,809.00,809.00,809.00,887.00,933.00,988.00,1078.00,1136.00,961.00,1078.00,1141.00,1244.00,1309.00,1042.00,1123.00,1227.00,925.00,1022.00,1161.00,1300.00,1344.00,1411.00,1439.00,
WA307,836.00,836.00,836.00,836.00,887.00,926.00,1018.00,1143.00,1196.00,973.00,1143.00,1201.00,1293.00,1350.00,1110.00,1184.00,1279.00,912.00,1076.00,1218.00,1342.00,1381.00,1439.00,1468.00,
WA308,621.00,621.00,621.00,621.00,725.00,791.00,893.00,1029.00,1082.00,844.00,1028.00,1087.00,1186.00,1263.00,995.00,1070.00,1167.00,776.00,957.00,1105.00,1252.00,1303.00,1381.00,1409.00,
WA309,885.00,885.00,885.00,885.00,978.00,1036.00,1126.00,1252.00,1308.00,1083.00,1251.00,1314.00,1428.00,1546.00,1216.00,1296.00,1398.00,1023.00,1183.00,1333.00,1529.00,1609.00,1730.00,1765.00,
WA310,604.00,604.00,604.00,604.00,689.00,740.00,801.00,884.00,919.00,772.00,884.00,923.00,995.00,1073.00,862.00,911.00,975.00,731.00,839.00,934.00,1062.00,1115.00,1195.00,1219.00,
WA311,776.00,776.00,776.00,776.00,871.00,934.00,1047.00,1186.00,1228.00,992.00,1186.00,1232.00,1315.00,1398.00,1160.00,1219.00,1294.00,917.00,1118.00,1246.00,1386.00,1441.00,1526.00,1557.00,
WA312,685.00,685.00,685.00,685.00,739.00,776.00,853.00,967.00,1026.00,816.00,966.00,1032.00,1140.00,1215.00,929.00,1013.00,1121.00,765.00,901.00,1052.00,1205.00,1255.00,1332.00,1359.00,
WA313,594.00,594.00,594.00,594.00,702.00,771.00,876.00,996.00,1017.00,825.00,995.00,1019.00,1060.00,1098.00,982.00,1012.00,1051.00,755.00,943.00,1026.00,1093.00,1118.00,1156.00,1179.00,
WA315,536.00,536.00,536.00,536.00,595.00,636.00,716.00,835.00,896.00,677.00,834.00,902.00,998.00,1017.00,796.00,882.00,993.00,624.00,766.00,922.00,1014.00,1027.00,1047.00,1068.00,
WI316,715.00,715.00,715.00,715.00,853.00,935.00,1033.00,1158.00,1201.00,985.00,1158.00,1205.00,1282.00,1334.00,1131.00,1191.00,1269.00,920.00,1095.00,1219.00,1327.00,1362.00,1415.00,1443.00,
WI317,805.00,805.00,805.00,805.00,918.00,986.00,1076.00,1174.00,1188.00,1033.00,1174.00,1190.00,1221.00,1262.00,1165.00,1185.00,1211.00,973.00,1132.00,1194.00,1257.00,1284.00,1326.00,1353.00,
WI318,539.00,539.00,539.00,539.00,608.00,654.00,735.00,845.00,891.00,696.00,845.00,895.00,971.00,999.00,816.00,881.00,964.00,642.00,786.00,911.00,995.00,1014.00,1043.00,1064.00,
WI319,556.00,556.00,556.00,556.00,598.00,630.00,712.00,837.00,906.00,673.00,836.00,912.00,1018.00,1034.00,794.00,890.00,1014.00,618.00,764.00,935.00,1031.00,1042.00,1058.00,1079.00,
WI358,549.00,549.00,549.00,549.00,638.00,688.00,732.00,820.00,889.00,711.00,820.00,896.00,1000.00,1006.00,777.00,874.00,998.00,681.00,760.00,919.00,1005.00,1009.00,1016.00,1036.00,
WI359,531.00,531.00,531.00,531.00,590.00,626.00,677.00,762.00,814.00,652.00,761.00,819.00,913.00,977.00,729.00,802.00,897.00,618.00,710.00,837.00,968.00,1010.00,1075.00,1097.00,
WI412,562.00,562.00,562.00,562.00,615.00,651.00,719.00,806.00,837.00,686.00,805.00,840.00,897.00,938.00,786.00,830.00,887.00,641.00,761.00,851.00,933.00,960.00,1002.00,1022.00,
WI453,515.00,515.00,515.00,515.00,606.00,662.00,739.00,839.00,876.00,702.00,839.00,880.00,942.00,972.00,816.00,868.00,935.00,651.00,788.00,892.00,968.00,988.00,1018.00,1038.00,
WV320,655.00,655.00,655.00,655.00,737.00,793.00,904.00,1049.00,1103.00,851.00,1048.00,1109.00,1195.00,1215.00,1014.00,1091.00,1190.00,777.00,973.00,1127.00,1212.00,1226.00,1246.00,1271.00,
WV322,561.00,561.00,561.00,561.00,641.00,694.00,785.00,900.00,936.00,741.00,899.00,939.00,996.00,1009.00,877.00,928.00,993.00,680.00,843.00,951.00,1007.00,1015.00,1028.00,1049.00,
WV323,570.00,570.00,570.00,570.00,653.00,702.00,759.00,832.00,859.00,732.00,832.00,861.00,907.00,931.00,815.00,853.00,901.00,694.00,794.00,870.00,928.00,944.00,969.00,988.00,
WV360,540.00,540.00,540.00,540.00,602.00,638.00,680.00,738.00,764.00,660.00,737.00,767.00,818.00,868.00,721.00,758.00,806.00,632.00,706.00,775.00,861.00,894.00,944.00,963.00,
WV454,705.00,705.00,705.00,705.00,758.00,797.00,884.00,1027.00,1115.00,842.00,1026.00,1124.00,1277.00,1362.00,971.00,1095.00,1255.00,784.00,939.00,1153.00,1350.00,1407.00,1495.00,1525.00,
WV455,512.00,512.00,512.00,512.00,607.00,661.00,709.00,768.00,785.00,686.00,768.00,787.00,826.00,876.00,757.00,781.00,813.00,654.00,739.00,793.00,868.00,902.00,953.00,972.00,
WV456,541.00,541.00,541.00,541.00,608.00,646.00,680.00,751.00,809.00,664.00,750.00,815.00,913.00,957.00,714.00,796.00,902.00,641.00,701.00,834.00,951.00,981.00,1026.00,1047.00,
WY324,568.00,568.00,568.00,568.00,668.00,730.00,826.00,961.00,1022.00,780.00,960.00,1028.00,1135.00,1198.00,922.00,1008.00,1119.00,716.00,886.00,1048.00,1189.00,1231.00,1295.00,1321.00,
ZZ510,443.00,443.00,443.00,443.00,488.00,516.00,562.00,631.00,668.00,540.00,631.00,671.00,734.00,768.00,608.00,660.00,726.00,509.00,591.00,684.00,763.00,785.00,820.00,836.00,
ZZ520,459.00,459.00,459.00,459.00,505.00,535.00,583.00,655.00,692.00,560.00,654.00,695.00,760.00,795.00,631.00,684.00,751.00,528.00,613.00,708.00,790.00,813.00,849.00,866.00,
ZZ530,474.00,474.00,474.00,474.00,523.00,554.00,604.00,678.00,716.00,580.00,678.00,720.00,785.00,821.00,654.00,707.00,776.00,546.00,636.00,732.00,816.00,841.00,878.00,895.00,
ZZ540,490.00,490.00,490.00,490.00,540.00,572.00,625.00,702.00,740.00,600.00,701.00,744.00,811.00,848.00,677.00,731.00,801.00,565.00,658.00,757.00,843.00,868.00,907.00,925.00,
ZZ550,505.00,505.00,505.00,505.00,557.00,591.00,646.00,725.00,764.00,619.00,724.00,768.00,836.00,875.00,700.00,755.00,827.00,583.00,680.00,781.00,870.00,896.00,936.00,954.00,
ZZ560,520.00,520.00,520.00,520.00,575.00,610.00,667.00,748.00,788.00,639.00,748.00,792.00,862.00,902.00,723.00,779.00,852.00,601.00,702.00,806.00,896.00,923.00,965.00,984.00,
ZZ570,536.00,536.00,536.00,536.00,592.00,629.00,687.00,772.00,812.00,659.00,771.00,816.00,887.00,929.00,746.00,803.00,877.00,620.00,724.00,830.00,923.00,951.00,994.00,1014.00,
ZZ580,551.00,551.00,551.00,551.00,610.00,647.00,708.00,795.00,837.00,679.00,795.00,841.00,913.00,956.00,769.00,827.00,902.00,638.00,747.00,854.00,950.00,979.00,1023.00,1043.00,
ZZ590,566.00,566.00,566.00,566.00,627.00,666.00,729.00,819.00,861.00,699.00,818.00,865.00,938.00,983.00,792.00,851.00,927.00,657.00,769.00,879.00,977.00,1006.00,1052.00,1073.00,
ZZ600,582.00,582.00,582.00,582.00,645.00,685.00,750.00,842.00,885.00,719.00,842.00,889.00,964.00,1010.00,815.00,875.00,952.00,675.00,791.00,903.00,1003.00,1034.00,1081.00,1102.00,
ZZ610,597.00,597.00,597.00,597.00,662.00,704.00,771.00,866.00,909.00,738.00,865.00,913.00,989.00,1037.00,838.00,899.00,978.00,694.00,813.00,927.00,1030.00,1061.00,1110.00,1132.00,
ZZ620,613.00,613.00,613.00,613.00,679.00,722.00,792.00,889.00,933.00,758.00,888.00,937.00,1015.00,1064.00,861.00,923.00,1003.00,712.00,835.00,952.00,1057.00,1089.00,1139.00,1162.00,
ZZ630,628.00,628.00,628.00,628.00,697.00,741.00,813.00,912.00,957.00,778.00,912.00,961.00,1041.00,1090.00,884.00,947.00,1028.00,730.00,858.00,976.00,1083.00,1117.00,1168.00,1191.00,
ZZ640,643.00,643.00,643.00,643.00,714.00,760.00,833.00,936.00,981.00,798.00,935.00,986.00,1066.00,1117.00,907.00,971.00,1053.00,749.00,880.00,1001.00,1110.00,1144.00,1197.00,1221.00,
ZZ650,659.00,659.00,659.00,659.00,732.00,779.00,854.00,959.00,1005.00,818.00,959.00,1010.00,1092.00,1144.00,930.00,995.00,1078.00,767.00,902.00,1025.00,1137.00,1172.00,1226.00,1250.00,
ZZ660,674.00,674.00,674.00,674.00,749.00,797.00,875.00,983.00,1029.00,838.00,982.00,1034.00,1117.00,1171.00,953.00,1019.00,1103.00,786.00,924.00,1049.00,1163.00,1200.00,1255.00,1280.00,
ZZ670,689.00,689.00,689.00,689.00,767.00,816.00,896.00,1006.00,1054.00,858.00,1005.00,1058.00,1143.00,1198.00,976.00,1043.00,1129.00,804.00,946.00,1074.00,1190.00,1227.00,1284.00,1309.00,
ZZ680,705.00,705.00,705.00,705.00,784.00,835.00,917.00,1029.00,1078.00,877.00,1029.00,1082.00,1168.00,1225.00,999.00,1067.00,1154.00,823.00,969.00,1098.00,1217.00,1255.00,1313.00,1339.00,
ZZ690,720.00,720.00,720.00,720.00,801.00,854.00,938.00,1053.00,1102.00,897.00,1052.00,1106.00,1194.00,1252.00,1022.00,1091.00,1179.00,841.00,991.00,1123.00,1244.00,1282.00,1342.00,1369.00,
ZZ700,736.00,736.00,736.00,736.00,819.00,872.00,959.00,1076.00,1126.00,917.00,1076.00,1131.00,1219.00,1279.00,1045.00,1115.00,1204.00,859.00,1013.00,1147.00,1270.00,1310.00,1371.00,1398.00,
ZZ710,751.00,751.00,751.00,751.00,836.00,891.00,980.00,1100.00,1150.00,937.00,1099.00,1155.00,1245.00,1306.00,1068.00,1139.00,1229.00,878.00,1035.00,1171.00,1297.00,1338.00,1400.00,1428.00,
ZZ720,766.00,766.00,766.00,766.00,854.00,910.00,1000.00,1123.00,1174.00,957.00,1123.00,1179.00,1270.00,1332.00,1091.00,1163.00,1255.00,896.00,1058.00,1196.00,1324.00,1365.00,1429.00,1457.00,
ZZ730,782.00,782.00,782.00,782.00,871.00,928.00,1021.00,1147.00,1198.00,977.00,1146.00,1203.00,1296.00,1359.00,1114.00,1186.00,1280.00,915.00,1080.00,1220.00,1350.00,1393.00,1458.00,1487.00,
ZZ740,797.00,797.00,797.00,797.00,889.00,947.00,1042.00,1170.00,1222.00,996.00,1169.00,1227.00,1321.00,1386.00,1137.00,1210.00,1305.00,933.00,1102.00,1245.00,1377.00,1420.00,1487.00,1517.00,
ZZ750,812.00,812.00,812.00,812.00,906.00,966.00,1063.00,1193.00,1246.00,1016.00,1193.00,1251.00,1347.00,1413.00,1160.00,1234.00,1330.00,952.00,1124.00,1269.00,1404.00,1448.00,1516.00,1546.00,
ZZ760,828.00,828.00,828.00,828.00,923.00,985.00,1084.00,1217.00,1270.00,1036.00,1216.00,1276.00,1372.00,1440.00,1183.00,1258.00,1355.00,970.00,1146.00,1293.00,1430.00,1476.00,1545.00,1576.00,
ZZ770,843.00,843.00,843.00,843.00,941.00,1003.00,1105.00,1240.00,1295.00,1056.00,1240.00,1300.00,1398.00,1467.00,1206.00,1282.00,1380.00,988.00,1169.00,1318.00,1457.00,1503.00,1574.00,1605.00,
ZZ780,859.00,859.00,859.00,859.00,958.00,1022.00,1126.00,1264.00,1319.00,1076.00,1263.00,1324.00,1423.00,1494.00,1229.00,1306.00,1406.00,1007.00,1191.00,1342.00,1484.00,1531.00,1603.00,1635.00,
ZZ790,874.00,874.00,874.00,874.00,976.00,1041.00,1147.00,1287.00,1343.00,1096.00,1287.00,1348.00,1449.00,1521.00,1252.00,1330.00,1431.00,1025.00,1213.00,1367.00,1510.00,1558.00,1632.00,1665.00,
ZZ800,889.00,889.00,889.00,889.00,993.00,1060.00,1167.00,1311.00,1367.00,1116.00,1310.00,1372.00,1474.00,1548.00,1275.00,1354.00,1456.00,1044.00,1235.00,1391.00,1537.00,1586.00,1661.00,1694.00,
ZZ810,905.00,905.00,905.00,905.00,1011.00,1078.00,1188.00,1334.00,1391.00,1135.00,1333.00,1396.00,1500.00,1574.00,1298.00,1378.00,1481.00,1062.00,1257.00,1415.00,1564.00,1614.00,1690.00,1724.00,
ZZ820,920.00,920.00,920.00,920.00,1028.00,1097.00,1209.00,1357.00,1415.00,1155.00,1357.00,1421.00,1525.00,1601.00,1321.00,1402.00,1506.00,1081.00,1280.00,1440.00,1591.00,1641.00,1719.00,1753.00,
ZZ830,935.00,935.00,935.00,935.00,1045.00,1116.00,1230.00,1381.00,1439.00,1175.00,1380.00,1445.00,1551.00,1628.00,1344.00,1426.00,1532.00,1099.00,1302.00,1464.00,1617.00,1669.00,1748.00,1783.00,
ZZ840,951.00,951.00,951.00,951.00,1063.00,1135.00,1251.00,1404.00,1463.00,1195.00,1404.00,1469.00,1577.00,1655.00,1367.00,1450.00,1557.00,1117.00,1324.00,1489.00,1644.00,1697.00,1777.00,1813.00,
ZZ850,966.00,966.00,966.00,966.00,1080.00,1153.00,1272.00,1428.00,1487.00,1215.00,1427.00,1493.00,1602.00,1682.00,1390.00,1474.00,1582.00,1136.00,1346.00,1513.00,1671.00,1724.00,1806.00,1842.00,
ZZ860,982.00,982.00,982.00,982.00,1098.00,1172.00,1293.00,1451.00,1512.00,1235.00,1450.00,1517.00,1628.00,1709.00,1413.00,1498.00,1607.00,1154.00,1368.00,1537.00,1697.00,1752.00,1835.00,1872.00,
ZZ870,997.00,997.00,997.00,997.00,1115.00,1191.00,1313.00,1475.00,1536.00,1254.00,1474.00,1541.00,1653.00,1736.00,1436.00,1522.00,1632.00,1173.00,1391.00,1562.00,1724.00,1779.00,1864.00,1901.00,
ZZ880,1012.00,1012.00,1012.00,1012.00,1133.00,1210.00,1334.00,1498.00,1560.00,1274.00,1497.00,1566.00,1679.00,1763.00,1459.00,1546.00,1657.00,1191.00,1413.00,1586.00,1751.00,1807.00,1893.00,1931.00,
ZZ890,1028.00,1028.00,1028.00,1028.00,1150.00,1228.00,1355.00,1521.00,1584.00,1294.00,1521.00,1590.00,1704.00,1790.00,1482.00,1570.00,1683.00,1210.00,1435.00,1611.00,1777.00,1835.00,1922.00,1960.00,
