AK400,1134,1134,1134,1134,1425,1438,1449,1463,1513,1438,1455,1471,1529,1596,1452,1468,1539,1427,1438,1470,1625,1734,1748,1769
AK401,1159,1159,1159,1159,1315,1331,1345,1372,1429,1331,1352,1371,1452,1544,1348,1368,1465,1317,1331,1382,1583,1734,1748,1769
AK402,1060,1060,1060,1060,1336,1346,1375,1438,1496,1346,1401,1478,1503,1548,1388,1466,1507,1337,1346,1475,1544,1648,1650,1681
AK403,1092,1092,1092,1092,1278,1350,1403,1461,1541,1351,1427,1497,1558,1629,1414,1486,1569,1287,1349,1494,1659,1774,1788,1809
AK404,980,980,980,980,1127,1215,1277,1347,1428,1216,1306,1390,1443,1504,1291,1377,1452,1137,1213,1386,1530,1629,1642,1661
AK405,895,895,895,895,979,1056,1111,1172,1226,1057,1136,1210,1232,1294,1123,1199,1236,988,1054,1207,1269,1360,1362,1390
AL001,439,439,439,471,519,547,592,638,696,541,608,662,723,785,603,655,728,522,570,673,811,912,942,964
AL002,404,404,404,428,465,495,515,554,599,495,528,573,626,685,525,567,628,469,504,586,710,810,843,946
AL003,437,437,437,484,558,579,631,689,753,580,655,725,764,809,642,714,771,561,578,722,828,947,977,1067
AL004,470,470,470,516,594,687,717,750,797,687,731,771,807,849,723,765,814,605,685,769,867,993,1012,1091
AL005,478,478,478,538,631,747,786,828,865,748,803,855,869,886,794,847,872,645,744,853,893,920,941,957
AL006,549,549,549,584,639,785,786,786,818,785,786,787,830,880,786,787,838,656,781,787,901,982,990,1058
AL007,523,523,523,578,664,740,764,803,894,740,775,853,910,985,769,838,921,673,738,849,1005,1113,1123,1139
AL008,464,464,477,506,586,612,659,717,768,629,683,737,780,825,670,731,788,564,610,736,843,915,922,946
AR010,553,553,553,559,568,616,643,703,747,616,655,715,763,828,648,685,752,574,615,689,829,967,975,1005
AR011,479,479,479,508,552,554,558,567,604,555,559,576,648,722,558,567,629,553,554,586,769,912,942,966
AR012,396,396,401,436,497,578,623,683,753,578,647,720,765,818,635,709,773,510,576,717,840,954,993,1038
AR419,447,447,447,478,526,552,600,650,697,536,618,670,722,786,612,664,725,527,575,681,815,925,954,1044
AZ013,689,689,689,733,802,916,953,995,1057,916,970,1021,1071,1129,962,1013,1080,815,913,1019,1153,1250,1261,1276
AZ014,500,500,500,556,643,692,742,797,843,693,764,831,845,861,752,821,847,649,691,828,868,996,1044,1081
AZ015,606,606,606,665,757,847,909,978,1033,848,937,1021,1038,1058,923,1008,1041,767,845,1018,1066,1164,1202,1224
AZ016,551,551,551,639,776,798,851,910,969,799,875,947,979,1043,863,936,983,779,797,944,1069,1167,1180,1204
CA018,1201,1201,1201,1298,1449,1540,1569,1602,1664,1540,1582,1622,1680,1748,1576,1616,1691,1460,1538,1620,1777,1887,1902,1925
CA019,1952,1952,1952,2042,2181,2411,2533,2666,2764,2413,2587,2750,2769,2792,2559,2725,2773,2208,2406,2744,2802,2839,2862,2896
CA021,503,503,503,528,567,633,667,704,756,633,682,728,767,812,674,721,774,575,631,726,831,904,943,962
CA022,492,492,493,502,582,630,689,742,839,692,766,805,857,916,707,758,850,587,672,776,927,1046,1046,1069
CA023,552,552,552,614,711,786,866,955,1032,787,902,1010,1041,1077,884,994,1046,720,784,1006,1092,1150,1159,1173
CA024,832,832,832,872,933,1089,1165,1249,1333,1090,1199,1301,1345,1396,1181,1285,1353,951,1085,1297,1418,1501,1513,1531
CA025,1049,1049,1049,1104,1190,1327,1392,1463,1565,1328,1421,1508,1587,1679,1406,1495,1602,1206,1324,1504,1718,1868,1883,1905
CA026,674,674,674,702,744,914,979,1050,1125,915,1008,1095,1137,1186,993,1082,1145,764,910,1091,1207,1287,1297,1313
CA027,1124,1124,1124,1178,1262,1757,1908,2074,2259,1759,1976,2177,2291,2424,1940,2147,2312,1319,1745,2169,2480,2695,2717,2749
CA028,566,566,566,584,610,675,703,736,898,675,716,754,794,841,709,748,801,618,673,752,861,937,1024,1131
CA030,651,651,651,685,737,824,873,927,981,825,895,961,989,1022,884,951,994,747,822,958,1036,1090,1099,1117
CA031,579,579,579,643,742,775,783,856,1004,775,787,804,864,923,785,797,849,746,774,798,912,1016,1091,1154
CA032,448,448,448,450,534,601,622,645,730,601,631,660,667,718,626,655,669,542,599,659,710,810,863,1033
CA033,547,547,547,611,711,754,794,839,909,755,813,867,925,993,803,859,936,716,753,865,1022,1132,1141,1154
CA034,657,657,657,738,865,1085,1136,1193,1294,1086,1159,1228,1319,1425,1147,1217,1335,890,1080,1225,1469,1641,1654,1674
CA035,593,593,593,633,694,720,762,808,866,721,781,837,877,933,771,828,889,697,719,835,943,1018,1026,1038
CA036,915,915,915,946,993,1071,1129,1194,1268,1072,1156,1234,1281,1336,1142,1222,1290,1002,1069,1231,1360,1449,1461,1478
CA037,999,999,999,1063,1163,1406,1504,1612,1744,1408,1548,1680,1768,1871,1525,1660,1784,1191,1400,1675,1914,2081,2098,2122
CA038,857,857,857,923,1025,1258,1348,1448,1541,1259,1389,1510,1553,1602,1368,1492,1560,1052,1252,1505,1623,1704,1718,1738
CA039,846,846,846,900,984,1265,1365,1474,1585,1267,1410,1543,1601,1669,1386,1523,1612,1016,1258,1538,1698,1808,1823,1844
CA040,526,526,526,535,548,636,700,788,911,637,729,815,871,935,714,802,881,558,634,812,963,1068,1164,1187
CA041,674,674,674,703,747,892,940,994,1051,893,962,1027,1061,1100,951,1017,1067,764,888,1024,1116,1180,1190,1204
CA042,482,482,482,539,630,762,816,875,947,763,840,912,960,1017,827,901,969,645,759,909,1040,1132,1141,1154
CA044,1723,1723,1723,1847,2041,2213,2299,2393,2526,2214,2337,2452,2555,2673,2317,2435,2573,2061,2209,2447,2724,2917,2941,2975
CA392,959,959,959,1003,1070,1181,1292,1415,1521,1183,1342,1491,1533,1581,1316,1468,1540,1083,1178,1485,1602,1681,1695,1714
CA393,562,562,562,595,664,830,901,980,1047,831,933,1029,1054,1083,917,1014,1058,683,826,1025,1095,1143,1152,1166
CA420,656,656,656,698,764,877,935,1000,1068,878,962,1040,1079,1124,948,1028,1086,777,874,1037,1143,1217,1227,1241
CA421,815,815,815,857,922,1016,1092,1176,1250,1017,1127,1229,1258,1291,1109,1213,1263,933,1014,1225,1305,1360,1371,1387
CA457,651,651,651,685,737,824,873,927,981,825,895,961,989,1022,884,951,994,747,822,958,1036,1090,1099,1117
CO045,682,682,682,759,879,1113,1164,1221,1291,1114,1188,1257,1304,1359,1176,1246,1313,906,1107,1254,1382,1476,1489,1506
CO046,681,681,681,713,762,868,905,946,1009,868,922,972,1023,1083,913,964,1033,774,865,970,1109,1206,1216,1230
CO047,687,687,687,696,709,877,950,1030,1102,878,983,1080,1110,1146,965,1065,1116,729,873,1076,1161,1219,1229,1243
CO422,902,902,902,922,953,1093,1166,1247,1332,1094,1199,1297,1346,1402,1182,1282,1354,969,1090,1293,1426,1518,1530,1548
CT049,704,704,704,751,825,960,1027,1102,1209,961,1058,1148,1232,1330,1042,1134,1247,841,957,1144,1371,1530,1542,1560
CT050,862,862,862,885,919,978,1031,1089,1169,979,1055,1126,1214,1285,1042,1115,1196,926,976,1123,1284,1402,1455,1481
CT051,933,933,933,984,1062,1154,1215,1282,1376,1155,1242,1324,1396,1480,1228,1311,1409,1073,1152,1321,1516,1652,1665,1685
DC053,880,880,880,936,1024,1269,1380,1502,1625,1271,1430,1578,1644,1720,1404,1555,1655,1052,1263,1572,1752,1876,1891,1913
DE054,666,666,666,727,821,886,906,928,984,886,915,942,1000,1068,910,938,1011,829,884,941,1097,1207,1217,1231
DE055,660,660,660,720,814,824,825,827,859,824,826,860,880,938,826,827,875,816,824,827,974,1015,1023,1035
FL056,545,545,545,562,587,711,749,791,849,712,766,818,861,912,757,810,893,601,708,816,958,1073,1076,1096
FL057,482,482,500,526,615,727,792,863,926,728,821,908,933,962,806,895,937,622,724,904,974,1083,1101,1120
FL058,653,653,653,707,791,801,810,820,873,801,817,829,895,966,812,825,902,793,800,842,995,1143,1148,1168
FL059,632,632,632,673,736,839,899,965,1032,840,926,1007,1041,1081,912,995,1047,748,836,1004,1098,1163,1172,1275
FL061,850,850,850,938,1076,1299,1352,1410,1533,1300,1376,1447,1566,1704,1363,1436,1587,1102,1294,1444,1762,1986,2002,2026
FL062,701,701,701,740,799,891,956,1029,1115,892,986,1074,1131,1197,971,1061,1141,810,889,1070,1225,1332,1343,1358
FL063,622,622,622,624,626,776,777,778,808,776,777,779,819,866,777,778,826,643,772,779,886,972,973,1056
FL064,511,511,511,543,592,646,671,709,748,646,687,728,795,859,666,716,782,599,645,739,856,948,1000,1011
FL065,588,588,588,639,717,850,877,908,962,850,890,927,976,1033,883,921,985,733,847,925,1057,1150,1159,1173
FL066,721,721,721,756,811,864,880,897,981,864,895,911,1010,1128,883,905,1028,817,863,934,1177,1369,1380,1396
FL067,864,864,864,933,1039,1255,1335,1424,1516,1256,1371,1479,1530,1590,1353,1463,1539,1064,1250,1475,1615,1712,1726,1746
FL068,538,538,538,539,562,634,675,753,839,666,763,794,859,925,709,766,865,577,679,786,971,1089,1130,1143
FL069,1203,1203,1203,1262,1408,1452,1503,1577,1692,1519,1605,1686,1784,1873,1591,1673,1781,1458,1517,1683,1943,2094,2110,2149
FL070,647,647,647,698,776,787,787,788,837,787,788,806,861,935,788,789,871,778,786,793,956,1083,1085,1106
FL397,510,510,510,576,679,774,783,793,858,774,787,800,862,921,785,798,850,690,772,799,946,1084,1151,1236
FL423,591,591,591,639,714,828,879,935,1001,829,902,971,1012,1060,890,960,1019,727,825,968,1080,1157,1167,1181
FL424,656,656,656,739,868,908,980,1059,1138,909,1012,1108,1149,1198,995,1093,1157,873,907,1104,1218,1297,1308,1323
GA071,932,932,932,1009,1129,1218,1218,1219,1281,1218,1218,1219,1305,1405,1218,1219,1321,1140,1216,1219,1447,1609,1622,1641
GA072,486,486,486,499,520,556,605,660,719,556,627,694,738,809,616,684,743,524,576,691,839,957,987,1077
GA073,590,590,590,627,684,733,747,764,804,733,754,774,815,878,751,771,822,690,732,773,919,1011,1022,1069
GA074,538,538,538,571,624,626,688,757,808,627,716,800,811,823,702,787,813,624,626,797,829,960,962,1046
GA075,606,606,606,629,665,732,753,775,814,732,762,790,823,862,757,786,829,673,730,789,879,942,950,988
GA076,659,659,659,699,762,833,855,879,917,833,865,895,926,962,860,890,931,770,831,894,977,1035,1043,1072
GA077,693,693,693,716,794,863,884,908,957,863,894,923,970,1026,889,918,979,802,861,922,1049,1139,1148,1162
GA078,600,600,600,649,726,807,852,902,960,808,873,934,970,1013,862,925,977,736,805,931,1031,1100,1109,1138
GA079,616,616,616,641,680,780,832,890,951,781,856,926,960,1001,843,915,967,692,777,923,1018,1083,1092,1104
GA080,496,496,496,513,555,599,638,722,818,600,673,775,835,904,655,759,845,571,623,771,933,1046,1054,1067
GA081,487,487,487,510,560,675,729,789,852,676,753,826,862,904,741,815,869,573,672,823,922,991,999,1011
HI408,953,953,953,1014,1109,1358,1482,1619,1717,1360,1539,1705,1721,1741,1509,1680,1725,1138,1352,1699,1749,1781,1796,1816
HI409,858,858,858,888,935,1069,1166,1274,1371,1070,1210,1341,1383,1433,1188,1321,1391,951,1066,1336,1454,1534,1546,1565
IA082,591,591,591,651,744,853,920,995,1069,854,951,1041,1080,1125,935,1027,1087,757,850,1037,1144,1218,1228,1242
IA083,479,479,479,529,607,731,770,812,873,732,787,839,886,940,778,831,894,621,728,837,963,1051,1065,1084
IA330,492,492,492,530,589,676,721,771,824,677,742,803,833,868,731,794,838,599,674,800,882,939,947,958
IA331,410,410,410,458,533,658,688,722,761,658,702,743,774,829,695,736,773,542,654,741,834,927,956,1046
IA332,471,471,471,508,564,648,691,739,789,649,711,769,797,860,701,760,803,574,646,767,845,949,965,1048
IA389,481,481,481,509,552,676,713,755,798,676,730,781,804,831,722,773,808,566,673,779,843,887,894,946
IA425,602,602,602,671,779,863,911,964,1024,864,933,997,1034,1077,921,987,1041,789,861,994,1096,1166,1175,1212
ID084,554,554,554,587,638,654,710,782,834,662,739,802,846,910,723,781,851,640,651,801,940,1055,1064,1076
ID085,441,441,441,469,541,606,675,739,814,611,713,770,820,860,672,734,801,548,635,750,878,945,952,963
ID086,494,494,494,506,549,591,641,725,806,605,661,739,789,845,630,687,759,528,592,693,842,895,903,946
ID087,395,395,396,423,477,578,606,637,691,578,618,656,709,760,612,650,720,481,575,654,766,854,854,946
ID333,411,411,423,494,623,724,740,758,825,724,747,769,828,891,743,765,823,635,721,768,896,1011,1030,1057
ID426,420,420,420,442,488,536,569,604,653,526,583,623,664,706,576,617,672,507,536,621,723,810,843,946
IL088,527,527,527,544,584,666,692,722,768,666,704,740,779,829,698,734,787,594,664,738,850,935,1003,1023
IL089,484,484,484,531,603,680,718,760,804,680,735,786,811,852,726,778,815,612,678,784,852,959,967,978
IL090,487,487,487,521,574,643,709,782,883,645,739,828,904,993,724,814,918,582,661,824,1030,1174,1184,1197
IL092,919,919,919,985,1087,1154,1228,1309,1391,1155,1261,1360,1403,1452,1244,1345,1410,1095,1152,1356,1473,1554,1567,1585
IL093,529,529,529,549,606,729,776,828,915,730,797,871,936,1024,786,853,950,608,725,866,1062,1205,1215,1229
IL325,1051,1051,1051,1085,1137,1244,1279,1318,1409,1244,1295,1343,1434,1540,1287,1336,1451,1150,1241,1341,1585,1757,1771,1792
IL335,468,468,468,513,583,607,651,708,782,607,688,753,789,880,661,723,791,586,606,752,922,1059,1106,1118
IL366,589,589,589,656,759,845,903,966,1043,846,929,1006,1057,1117,915,994,1066,769,843,1003,1142,1239,1249,1264
IL427,474,474,474,504,586,700,754,814,885,701,779,852,897,950,766,841,905,599,697,849,972,1058,1067,1079
IN094,592,592,592,649,737,764,812,866,945,765,834,899,963,1037,823,889,974,740,763,896,1068,1188,1198,1212
IN096,593,593,593,608,631,643,677,736,810,653,719,768,844,900,678,744,823,633,651,762,882,939,949,968
IN097,470,470,481,510,592,650,712,724,784,668,717,745,797,856,710,739,798,595,685,744,884,1013,1043,1064
IN099,549,549,549,605,693,756,776,797,832,756,784,811,841,876,780,807,846,701,754,810,910,1088,1097,1110
IN337,478,478,478,522,590,704,733,766,829,704,746,786,861,938,740,780,856,603,701,784,943,1070,1097,1118
IN338,441,441,441,469,513,572,590,637,700,572,611,662,734,795,601,652,728,520,570,669,805,909,916,946
IN367,565,565,565,580,609,682,708,736,783,682,719,754,818,877,713,749,801,617,680,752,868,1027,1052,1073
IN399,523,523,523,565,630,739,798,862,927,740,824,903,937,976,810,891,943,643,736,900,992,1056,1065,1077
KS100,444,444,444,476,524,604,626,650,708,604,636,713,746,809,630,660,732,541,602,682,817,922,951,1025
KS101,499,499,499,558,649,736,802,874,961,737,832,920,977,1044,816,906,988,659,734,916,1072,1181,1191,1204
KS102,541,541,541,578,636,772,812,855,896,773,830,883,901,922,820,875,904,652,769,881,931,966,983,1048
KS104,529,529,529,563,616,773,818,868,934,774,839,900,948,1003,828,891,956,634,769,897,1027,1117,1126,1139
KS105,480,480,480,534,619,705,733,764,813,705,745,783,824,873,739,777,832,629,703,781,893,972,980,991
KS334,420,420,420,446,508,559,617,671,710,527,633,690,718,765,598,657,712,506,558,668,786,867,874,946
KY106,454,454,454,476,520,575,615,645,723,578,623,664,745,810,608,648,719,559,580,666,807,919,957,982
KY107,500,500,500,558,648,719,751,788,844,719,765,810,873,935,758,801,844,656,717,806,931,1055,1076,1095
KY109,554,554,554,600,670,769,820,877,937,770,844,913,947,986,832,902,953,682,766,910,1003,1067,1090,1110
KY110,393,393,405,429,485,549,601,658,728,550,624,694,741,795,612,683,749,498,547,691,818,906,913,946
KY112,414,414,414,458,527,605,630,657,701,605,641,675,711,753,635,670,718,536,603,673,771,839,846,946
KY339,413,413,418,448,517,613,676,745,821,614,704,788,833,886,689,775,841,528,611,785,908,994,1002,1030
KY429,447,447,447,478,525,575,643,717,800,576,673,764,814,872,657,750,823,531,574,760,896,990,998,1058
KY430,437,437,437,469,518,560,599,639,693,535,612,661,720,785,609,654,724,523,583,672,813,922,951,1026
LA113,408,408,409,454,526,621,663,709,759,622,682,738,768,802,672,729,773,537,619,736,817,913,943,972
LA114,594,594,594,612,640,673,744,823,910,674,776,872,924,985,760,857,934,644,672,868,1011,1110,1119,1132
LA115,391,391,407,431,486,516,535,554,680,510,543,607,709,772,538,592,715,505,516,603,798,871,878,946
LA116,586,586,586,598,615,826,896,973,1048,827,927,1021,1059,1103,911,1007,1066,639,821,1017,1122,1194,1204,1218
LA117,531,531,531,584,667,727,784,846,919,728,809,885,932,986,796,873,940,674,725,882,1009,1098,1107,1120
LA118,522,522,522,550,607,770,802,838,874,770,817,861,878,899,809,854,882,619,766,859,908,1006,1031,1088
LA326,467,467,467,498,545,703,703,704,739,703,704,705,743,795,704,705,749,563,699,705,822,927,957,1046
LA370,504,504,504,534,580,661,691,724,797,661,705,761,834,899,697,739,821,590,659,753,902,1031,1086,1110
LA371,451,451,451,487,543,618,619,681,766,618,650,714,786,832,639,696,782,552,616,711,849,915,922,946
MA119,915,915,915,974,1065,1071,1165,1269,1363,1072,1208,1334,1374,1421,1186,1315,1381,1066,1071,1329,1441,1517,1529,1547
MA120,1381,1381,1381,1514,1722,1741,1867,2006,2207,1743,1924,2093,2251,2434,1895,2067,2279,1725,1740,2086,2511,2808,2831,2864
MA121,915,915,915,974,1065,1071,1165,1269,1363,1072,1208,1334,1374,1421,1186,1315,1381,1066,1071,1329,1441,1517,1529,1547
MA122,937,937,937,956,986,1035,1116,1206,1296,1036,1153,1262,1309,1365,1134,1245,1318,992,1034,1258,1388,1478,1490,1507
MA123,866,866,866,922,1008,1125,1213,1310,1408,1126,1253,1371,1423,1483,1232,1353,1432,1022,1122,1366,1508,1606,1619,1638
MA124,1054,1054,1054,1075,1107,1231,1315,1407,1537,1232,1353,1465,1564,1679,1333,1448,1582,1121,1228,1461,1728,1915,1931,1953
MA125,884,884,884,978,1124,1386,1478,1580,1689,1387,1520,1644,1706,1779,1498,1625,1717,1154,1380,1639,1809,1927,1943,1965
MA126,708,708,708,763,848,937,1010,1091,1171,938,1043,1141,1183,1232,1026,1126,1191,859,935,1137,1253,1333,1344,1359
MA151,915,915,915,974,1065,1071,1165,1269,1363,1072,1208,1334,1374,1421,1186,1315,1381,1066,1071,1329,1441,1517,1529,1547
MA377,1014,1014,1014,1058,1127,1387,1506,1636,1765,1389,1559,1718,1783,1859,1531,1694,1795,1157,1381,1712,1891,2014,2030,2054
MA431,499,499,499,560,655,866,924,988,1060,867,950,1028,1072,1124,936,1016,1080,679,861,1025,1145,1229,1239,1253
MD127,654,654,654,692,751,862,920,983,1050,863,946,1023,1061,1105,932,1011,1068,764,859,1020,1124,1197,1207,1222
MD128,915,915,915,948,1000,1174,1288,1414,1541,1176,1340,1493,1559,1636,1313,1470,1571,1020,1170,1487,1669,1794,1809,1830
MD129,677,677,677,734,823,856,946,1045,1172,857,987,1107,1196,1300,965,1089,1213,827,855,1102,1344,1513,1525,1543
MD130,693,693,693,751,850,983,1010,1039,1098,983,1022,1058,1114,1179,1015,1052,1124,866,980,1056,1206,1312,1323,1338
MD133,889,889,889,921,971,1148,1183,1269,1364,1148,1214,1328,1378,1437,1194,1311,1387,985,1141,1323,1461,1601,1615,1634
MD134,877,877,877,878,878,936,1019,1054,1124,937,1003,1066,1146,1239,992,1056,1161,885,934,1063,1279,1430,1442,1458
MD135,685,685,685,729,817,842,902,968,1039,843,929,1009,1050,1098,915,997,1058,818,841,1006,1119,1215,1225,1240
MD340,439,439,439,463,525,582,608,633,699,572,618,659,715,763,610,651,724,521,584,657,780,850,857,946
MD432,600,600,600,639,698,801,835,872,930,801,850,896,943,999,842,889,952,710,798,894,1022,1112,1121,1134
ME136,527,527,527,566,627,764,824,890,966,765,851,931,980,1038,837,919,989,643,761,928,1062,1155,1164,1178
ME137,408,408,413,437,497,551,595,643,701,526,614,671,742,786,594,644,717,506,550,662,799,864,871,946
ME139,763,763,763,805,869,1081,1140,1204,1259,1082,1166,1245,1265,1288,1152,1233,1268,893,1076,1242,1315,1420,1432,1449
ME141,733,733,733,771,830,904,971,1046,1109,905,1002,1092,1116,1144,986,1078,1120,839,902,1088,1156,1202,1212,1226
ME390,544,544,544,600,686,832,898,970,1043,833,928,1016,1054,1098,912,1002,1061,703,828,1012,1116,1188,1198,1212
MI142,601,601,601,699,852,1005,1044,1086,1155,1006,1061,1113,1172,1240,1052,1105,1182,870,1001,1111,1269,1380,1391,1407
MI143,382,382,397,422,475,507,564,625,681,487,589,648,707,724,576,641,711,479,507,649,727,810,843,946
MI145,640,640,640,658,686,808,852,901,961,809,872,932,973,1020,862,923,980,700,805,930,1041,1118,1127,1140
MI146,563,563,563,607,674,773,825,882,943,774,848,918,952,992,836,907,958,686,770,915,1009,1074,1083,1095
MI148,518,518,518,572,655,752,802,857,916,753,825,892,925,964,813,882,931,666,750,889,980,1043,1051,1064
MI149,529,529,529,557,610,665,718,776,835,666,742,813,843,891,729,802,848,614,664,810,893,987,1010,1107
MI152,557,557,557,591,644,704,767,836,900,705,795,880,908,947,781,867,914,651,702,877,958,1101,1143,1164
MI153,577,577,577,614,670,721,774,832,894,722,797,868,905,948,785,857,912,676,720,865,966,1036,1044,1057
MI154,586,586,586,653,758,883,911,943,1021,883,924,963,1043,1136,918,957,1058,773,880,961,1176,1327,1338,1353
MI155,771,771,771,840,947,1148,1246,1354,1489,1150,1290,1422,1515,1623,1267,1402,1531,970,1143,1417,1668,1843,1858,1880
MI156,495,495,495,534,594,671,681,694,731,671,686,702,767,826,683,699,749,603,668,701,825,955,987,1007
MI157,398,398,402,427,487,538,583,628,655,530,598,646,658,693,594,641,660,506,548,646,710,810,843,946
MI391,542,542,542,581,641,714,780,853,924,715,810,899,934,974,795,885,940,650,712,895,991,1057,1066,1078
MI434,489,489,489,533,602,704,750,801,854,705,771,833,863,898,760,823,868,614,701,830,912,969,977,1065
MN158,615,615,615,645,692,699,714,730,757,699,721,741,789,845,717,738,768,693,698,740,842,917,924,946
MN159,819,819,819,905,1038,1208,1256,1310,1394,1209,1278,1345,1414,1496,1267,1333,1426,1058,1204,1341,1531,1664,1678,1697
MN376,431,431,431,481,569,612,663,720,777,613,687,756,785,819,675,745,790,574,611,753,834,895,902,946
MN436,548,548,548,612,712,836,885,938,1004,837,907,972,1016,1067,895,962,1024,726,833,969,1089,1172,1181,1195
MO160,609,609,609,668,759,871,929,993,1061,872,955,1033,1072,1117,941,1021,1079,772,868,1030,1136,1209,1219,1233
MO161,592,592,592,648,750,873,891,912,960,873,900,925,974,1031,895,921,983,764,870,924,1055,1148,1157,1171
MO162,417,417,417,455,514,577,597,626,684,577,605,648,705,741,601,642,710,522,575,652,755,810,843,946
MO163,421,421,421,448,490,550,582,620,699,550,598,658,718,779,592,642,724,509,564,660,803,878,885,946
MO164,399,399,399,427,469,507,581,652,704,535,618,681,716,766,593,661,724,474,511,673,792,919,926,946
MO165,398,398,401,436,517,556,623,701,795,567,655,750,812,884,638,735,823,521,575,746,915,1032,1040,1052
MO343,455,455,455,498,564,659,690,724,773,659,704,745,784,831,696,739,792,575,657,743,850,925,932,946
MO344,421,421,421,473,553,610,659,712,766,611,681,746,774,806,669,736,779,560,608,743,823,931,961,1050
MS168,608,608,608,627,657,739,789,844,901,740,811,878,910,948,799,868,916,658,737,875,964,1026,1034,1046
MS169,439,439,439,449,494,543,610,646,737,545,625,681,758,806,596,671,739,509,566,679,824,891,917,955
MS170,585,585,585,623,682,761,821,887,954,762,848,929,964,1004,834,917,970,691,759,926,1021,1087,1096,1109
MS171,420,420,420,452,502,626,667,713,770,627,686,742,781,828,676,733,789,516,623,740,847,922,929,946
MS172,478,478,478,509,556,682,736,796,856,683,761,834,865,901,748,823,871,571,679,831,916,975,983,1057
MS410,577,577,577,601,637,717,751,789,848,717,767,813,862,918,759,806,870,646,715,811,942,1034,1042,1055
MS437,573,573,573,592,621,677,714,755,795,677,731,781,801,825,722,773,805,628,675,779,835,939,969,1058
MS438,384,384,399,424,488,552,585,630,685,552,601,653,711,774,597,646,716,507,565,664,800,891,898,946
MT175,418,418,418,436,493,566,624,694,787,566,647,744,804,874,630,729,815,512,569,740,903,1017,1025,1037
MT347,455,455,455,480,549,625,680,740,800,626,704,778,821,872,692,767,815,550,623,775,861,958,966,977
MT379,438,438,438,466,547,630,654,694,735,630,666,718,789,847,660,695,745,557,626,699,824,929,939,950
MT441,523,523,523,563,626,719,767,820,876,720,789,853,885,922,777,843,891,637,717,850,938,998,1006,1070
NC176,739,739,739,776,834,885,965,1054,1141,886,1001,1109,1154,1207,983,1093,1162,840,884,1105,1229,1314,1325,1340
NC177,476,476,476,509,561,658,690,725,776,658,704,747,787,833,697,740,794,572,656,745,853,929,959,1048
NC178,485,485,485,543,634,650,709,773,838,651,735,814,847,886,721,802,853,636,649,811,903,966,974,1049
NC179,695,695,695,746,825,939,980,1046,1125,939,1007,1087,1139,1200,993,1075,1149,836,935,1084,1226,1325,1336,1351
NC180,807,807,807,857,934,1071,1079,1087,1135,1071,1082,1093,1151,1218,1080,1091,1161,950,1068,1092,1246,1355,1366,1382
NC181,654,654,654,703,780,841,888,940,982,842,909,972,986,1003,898,962,989,787,839,969,1010,1038,1046,1059
NC182,612,612,612,623,638,662,667,700,715,662,691,720,753,812,668,675,740,641,661,716,833,921,942,964
NC183,532,532,532,563,610,620,676,737,796,621,701,776,804,836,688,764,809,612,620,773,850,938,950,1017
NC184,605,605,605,637,685,770,816,868,924,771,837,900,933,972,826,890,939,695,768,897,989,1052,1061,1073
NC185,751,751,751,827,944,1083,1130,1182,1256,1084,1151,1214,1273,1341,1140,1204,1283,960,1080,1211,1370,1481,1493,1510
NC186,668,668,668,711,778,888,896,905,946,888,900,911,959,1016,898,909,968,791,885,910,1039,1131,1140,1153
NC187,614,614,614,640,679,766,834,910,978,767,865,957,986,1021,849,943,992,689,764,953,1035,1091,1100,1113
NC372,498,498,498,545,619,700,740,783,845,701,758,811,858,916,748,803,867,629,698,809,937,1027,1035,1092
ND188,427,427,427,430,502,562,603,649,703,573,617,682,756,816,613,660,730,522,585,678,811,910,937,948
ND189,450,450,450,460,559,740,759,792,830,740,768,818,834,867,763,810,838,577,734,816,863,953,960,972
ND190,452,452,452,502,600,691,737,789,843,692,758,821,851,895,747,811,857,611,689,818,901,1023,1032,1044
ND191,375,375,391,393,443,481,567,655,716,515,606,683,729,759,586,662,737,448,504,681,770,895,950,981
NE192,604,604,604,634,680,780,832,890,951,781,856,926,960,1001,843,915,967,692,777,923,1018,1083,1092,1104
NE193,495,495,495,551,639,695,719,746,811,695,730,766,807,866,724,758,794,646,693,761,854,945,953,1023
NH194,775,775,775,818,885,1104,1209,1324,1439,1106,1256,1396,1456,1526,1231,1375,1467,910,1099,1390,1556,1670,1684,1703
NH195,746,746,746,793,866,989,1099,1220,1353,991,1149,1296,1374,1466,1123,1274,1389,880,986,1290,1504,1652,1665,1685
NJ196,867,867,867,910,977,1069,1200,1343,1483,1071,1258,1433,1503,1584,1228,1407,1516,988,1067,1426,1619,1751,1765,1786
NJ198,858,858,858,897,956,1010,1129,1261,1402,1012,1183,1343,1425,1521,1155,1319,1440,963,1009,1337,1561,1716,1730,1750
NJ200,882,882,882,1020,1236,1360,1485,1622,1761,1362,1541,1708,1782,1868,1512,1683,1796,1250,1357,1701,1905,2045,2062,2086
NJ201,963,963,963,1051,1187,1339,1351,1365,1421,1339,1357,1374,1440,1516,1354,1371,1451,1205,1335,1373,1548,1672,1686,1705
NJ202,1165,1165,1165,1208,1274,1298,1304,1311,1317,1298,1307,1315,1317,1319,1306,1314,1318,1277,1297,1315,1320,1383,1399,1424
NJ203,769,769,769,841,953,1064,1147,1239,1332,1065,1185,1297,1346,1403,1166,1280,1355,966,1061,1293,1427,1519,1531,1549
NJ204,804,804,804,844,906,1055,1110,1171,1259,1056,1135,1209,1278,1359,1122,1198,1291,923,1051,1206,1392,1523,1535,1553
NM205,394,394,408,439,517,653,677,704,772,653,688,721,792,875,682,716,805,532,649,719,909,1043,1052,1102
NM206,645,645,645,696,774,888,947,1013,1082,889,974,1054,1093,1139,960,1042,1100,787,885,1051,1158,1233,1243,1257
NM207,386,386,402,426,485,526,589,654,669,509,599,652,672,771,594,644,673,502,526,661,802,922,952,1027
NM209,545,545,545,605,697,709,736,766,815,709,748,785,827,875,742,779,834,699,708,783,896,975,1002,1044
NM210,776,776,776,794,820,941,1046,1167,1250,942,1095,1242,1254,1268,1070,1220,1256,834,938,1236,1274,1306,1317,1332
NV199,871,871,871,1014,1237,1373,1502,1644,1807,1375,1560,1733,1836,1955,1530,1707,1854,1253,1370,1726,2005,2199,2217,2243
NV211,637,637,637,678,741,749,788,830,890,750,805,857,914,976,796,849,911,742,749,855,978,1073,1100,1119
NV212,655,655,662,731,848,893,967,1048,1124,894,1000,1099,1134,1175,983,1084,1140,854,892,1095,1192,1259,1269,1284
NV213,640,640,640,702,798,827,899,978,1086,828,931,1028,1108,1201,915,1013,1123,802,826,1024,1241,1392,1403,1420
NY215,694,694,694,731,789,828,871,918,998,829,890,948,1017,1098,880,939,1030,794,827,946,1131,1262,1272,1287
NY216,634,634,634,669,723,780,842,910,978,781,870,953,988,1032,855,940,995,730,778,950,1060,1165,1175,1189
NY217,722,722,722,773,861,1059,1081,1105,1144,1059,1091,1120,1153,1191,1085,1115,1159,884,1054,1119,1208,1270,1281,1307
NY218,1257,1257,1257,1405,1635,1741,1746,1753,1797,1741,1749,1757,1812,1877,1748,1756,1822,1647,1738,1756,1904,2009,2025,2049
NY219,1181,1181,1181,1315,1525,1656,1774,1904,2024,1658,1827,1985,2039,2103,1799,1961,2049,1540,1653,1979,2129,2232,2250,2276
NY221,635,635,635,697,793,838,924,1018,1083,839,962,1077,1086,1097,942,1060,1088,799,837,1072,1101,1138,1156,1177
NY222,429,436,443,475,560,647,671,755,825,647,668,754,840,903,676,722,805,567,643,767,906,1006,1019,1044
NY223,555,555,555,609,692,757,811,871,936,758,835,908,947,992,823,897,954,700,755,905,1011,1085,1094,1107
NY225,457,457,457,489,537,651,682,716,757,651,696,737,765,796,688,731,769,560,648,735,810,887,902,946
NY226,527,527,527,561,614,747,806,871,936,748,833,912,946,986,819,900,952,630,744,909,1002,1067,1076,1088
NY349,1359,1359,1359,1461,1621,1798,1875,1960,2097,1799,1910,2013,2130,2265,1892,1997,2151,1642,1794,2009,2323,2543,2564,2594
NY444,463,463,463,499,555,637,680,726,776,638,699,756,784,830,689,747,789,565,635,754,831,910,940,953
NY445,681,681,681,733,814,934,997,1066,1139,935,1025,1109,1150,1199,1010,1096,1158,828,931,1106,1219,1300,1311,1368
OH227,596,596,596,615,645,802,845,893,957,803,865,923,970,1025,855,914,979,663,798,921,1048,1137,1146,1160
OH228,686,686,686,730,799,893,974,1064,1154,894,1011,1120,1167,1222,992,1103,1176,810,891,1116,1246,1335,1346,1362
OH229,558,558,558,605,679,741,818,902,999,742,852,955,1016,1087,834,939,1027,686,740,951,1117,1233,1243,1257
OH230,549,549,549,575,616,731,811,898,995,732,846,953,1011,1078,828,937,1021,629,728,949,1106,1215,1225,1239
OH231,528,528,528,544,598,635,702,769,858,636,727,813,876,950,712,800,888,575,633,810,981,1100,1109,1122
OH232,592,592,592,626,679,685,745,810,873,686,771,851,882,918,757,839,888,680,685,848,955,1096,1123,1143
OH233,505,505,505,532,574,604,648,707,796,621,698,767,788,850,659,716,814,578,618,726,900,1034,1069,1082
OH382,391,391,404,428,489,540,572,587,684,534,578,636,712,771,575,622,718,508,557,633,777,810,843,946
OH446,385,385,392,403,448,507,533,563,599,507,545,581,634,693,539,575,628,455,505,586,710,810,843,946
OK235,394,394,410,434,490,547,564,582,673,549,572,623,694,795,568,607,708,509,547,615,842,939,972,1035
OK236,425,425,425,452,494,568,591,625,678,568,602,647,691,734,596,641,699,505,566,645,752,820,843,946
OK237,407,407,407,449,514,533,553,596,651,533,571,617,664,696,562,611,672,517,532,616,710,810,843,946
OK239,501,501,501,521,551,642,688,738,790,643,708,770,798,832,698,760,804,562,640,767,846,935,965,1054
OK240,553,553,553,578,616,700,758,822,886,701,784,862,895,933,770,850,901,626,698,859,950,1063,1072,1085
OR091,496,496,496,520,557,661,715,774,834,662,739,811,843,881,726,800,849,569,658,808,897,958,966,1014
OR241,526,526,526,556,602,691,737,789,843,692,758,821,851,887,747,811,857,613,689,818,901,959,967,978
OR242,432,432,437,460,541,601,673,752,808,579,676,742,814,865,640,713,779,527,600,717,867,950,957,968
OR243,601,601,601,649,724,799,875,959,1033,800,909,1011,1041,1076,891,995,1046,733,797,1007,1091,1148,1157,1171
OR244,502,504,517,544,632,680,735,796,866,681,760,834,881,930,747,823,886,638,679,831,951,1035,1043,1056
OR245,566,566,566,605,665,811,834,860,920,811,845,877,939,1007,840,872,939,682,807,876,1017,1116,1133,1153
OR246,525,525,525,547,617,662,727,819,911,679,765,876,924,981,745,859,933,639,675,872,1004,1096,1105,1118
OR373,422,422,422,435,513,585,632,684,735,586,653,716,748,799,642,706,747,522,583,713,816,892,899,946
PA247,633,633,633,687,770,780,780,781,848,780,781,782,832,890,781,782,841,772,780,782,914,1008,1016,1054
PA248,703,703,703,771,876,1032,1052,1075,1130,1032,1061,1089,1146,1213,1057,1085,1157,894,1028,1088,1241,1350,1361,1377
PA249,840,840,840,898,989,1055,1076,1099,1167,1056,1086,1114,1187,1272,1081,1109,1200,997,1054,1113,1308,1446,1458,1475
PA250,669,669,669,708,769,783,804,826,873,783,813,906,954,1018,808,874,987,771,782,856,1086,1188,1197,1211
PA251,515,515,515,554,614,745,749,793,869,745,772,859,873,946,750,816,863,629,742,815,975,1116,1117,1137
PA252,619,619,619,662,728,812,876,947,1018,813,905,991,1028,1071,890,978,1035,738,810,988,1090,1160,1169,1186
PA253,531,531,531,590,682,765,782,802,845,765,790,814,857,908,786,810,865,692,763,813,929,1011,1019,1031
PA254,588,588,588,626,684,709,714,741,836,709,717,762,816,889,716,724,785,687,708,733,894,1050,1075,1135
PA255,564,564,564,612,697,757,807,919,989,757,823,920,981,1046,779,873,935,704,755,874,1041,1165,1179,1201
PA383,394,394,410,434,497,581,627,679,730,585,648,711,737,768,637,701,742,517,578,708,780,882,906,946
RI256,908,908,908,955,1027,1157,1213,1275,1381,1158,1238,1323,1403,1496,1221,1305,1418,1033,1151,1318,1536,1687,1701,1721
RI257,722,722,722,759,815,934,978,1026,1117,935,998,1057,1140,1237,987,1048,1155,829,931,1055,1278,1435,1447,1464
SC258,650,650,650,653,656,739,765,818,872,739,781,856,879,935,771,844,883,666,737,853,927,1009,1019,1068
SC259,645,645,645,654,667,778,849,926,1009,779,880,975,1022,1077,864,961,1031,680,775,971,1101,1190,1200,1214
SC260,692,692,692,724,772,865,895,929,968,865,909,950,975,1005,902,944,980,783,863,948,1018,1066,1075,1087
SC261,534,534,534,581,653,679,732,790,859,680,756,827,871,958,743,816,879,656,678,824,1005,1185,1195,1209
SC262,721,721,721,768,840,937,939,942,976,937,940,943,989,1041,940,943,997,851,935,943,1063,1148,1157,1171
SC263,495,495,495,527,576,579,661,751,833,589,698,807,843,886,679,790,850,577,579,803,904,973,981,1035
SC375,452,452,452,492,554,647,670,695,725,647,680,711,743,806,675,706,734,565,645,710,815,922,951,1025
SD264,527,527,527,561,614,705,752,804,859,706,774,837,868,904,762,827,874,625,703,834,919,996,1037,1054
SD265,489,489,489,519,614,707,753,815,876,707,778,853,885,943,765,842,890,625,704,850,937,1026,1047,1088
TN266,545,545,545,571,610,738,792,851,930,739,816,888,946,1014,803,877,957,625,735,885,1043,1153,1162,1176
TN267,532,532,532,572,635,743,743,743,770,743,743,743,783,847,743,744,786,648,740,744,844,952,966,1049
TN268,661,661,661,686,724,739,776,817,881,739,793,845,895,953,784,835,904,726,738,842,978,1072,1086,1105
TN269,598,598,598,663,783,915,977,1045,1117,916,1005,1088,1129,1176,990,1075,1136,798,912,1085,1196,1285,1296,1311
TN353,433,433,433,476,543,647,665,686,735,647,674,699,757,819,669,695,741,555,644,698,815,927,934,946
TN354,395,395,397,422,491,549,599,651,698,535,617,670,722,784,611,664,725,511,572,681,811,917,947,998
TN449,504,504,504,544,607,611,657,707,766,612,678,739,777,824,667,730,784,608,611,736,840,915,945,983
TX270,453,453,453,520,625,691,700,710,765,691,704,716,786,862,702,714,796,633,689,715,895,1023,1031,1047
TX271,492,492,492,549,637,669,676,683,730,669,679,708,738,837,677,686,744,641,668,687,841,976,986,1050
TX272,735,735,735,805,914,962,1017,1078,1173,963,1042,1116,1194,1286,1029,1105,1209,920,961,1113,1324,1489,1502,1519
TX273,547,547,547,575,617,711,747,788,835,711,764,813,844,891,755,805,849,628,709,811,895,1003,1054,1069
TX274,589,589,589,636,710,815,850,888,947,815,865,912,960,1017,857,905,969,722,812,910,1040,1208,1218,1233
TX275,622,622,622,662,724,813,858,908,975,814,878,939,989,1047,868,930,998,735,811,936,1071,1165,1177,1199
TX276,469,469,469,521,602,709,757,811,868,710,779,844,878,917,768,834,884,615,706,841,934,998,1006,1044
TX277,713,713,713,790,910,1018,1084,1157,1262,1019,1114,1203,1285,1379,1099,1189,1299,923,1015,1199,1419,1573,1586,1604
TX278,486,486,486,518,566,651,694,742,806,651,713,772,800,834,703,763,806,576,648,770,848,926,948,1001
TX279,521,521,521,584,683,720,747,777,817,720,759,798,825,860,753,790,831,688,719,794,874,936,960,1050
TX280,708,708,708,780,892,996,1030,1067,1133,996,1045,1091,1149,1216,1037,1084,1159,904,993,1089,1244,1353,1364,1380
TX281,524,524,524,561,619,753,838,931,1012,754,876,989,1020,1057,856,972,1026,635,750,984,1072,1132,1141,1154
TX282,730,730,730,765,819,949,1048,1157,1265,951,1093,1225,1280,1345,1069,1205,1290,834,946,1220,1372,1477,1489,1506
TX283,470,470,470,529,620,679,718,761,804,680,735,787,811,838,726,779,815,627,677,785,850,895,902,946
TX284,434,434,434,480,552,634,660,690,735,634,672,708,746,790,666,702,753,562,632,706,808,880,887,946
TX285,615,615,615,675,768,848,874,902,955,848,885,920,969,1026,879,915,978,777,846,918,1050,1142,1151,1165
TX286,515,515,515,548,600,647,683,722,768,651,699,776,793,876,690,740,781,606,646,745,860,964,965,1052
TX288,462,462,462,518,616,736,768,804,850,736,783,826,860,900,775,819,866,630,733,824,936,987,989,1062
TX356,646,646,646,708,804,817,857,902,959,818,876,930,970,1016,866,922,977,806,816,928,1036,1121,1123,1171
TX387,539,539,539,585,657,754,804,860,919,755,827,895,928,967,815,885,934,668,752,892,984,1047,1055,1096
UT291,514,516,534,563,665,764,796,832,872,764,811,854,879,908,803,847,883,677,761,852,920,980,997,1053
UT292,638,638,638,699,794,858,878,900,956,858,887,946,1035,1110,882,910,1001,802,856,944,1119,1224,1258,1283
UT357,515,515,515,560,629,690,755,807,864,690,779,838,881,945,743,808,889,636,695,837,974,1083,1091,1104
VA295,644,644,644,702,793,910,948,1007,1094,910,966,1054,1110,1174,957,1040,1120,806,907,1050,1202,1307,1318,1333
VA296,817,817,817,858,922,938,1005,1078,1150,939,1035,1124,1160,1203,1019,1110,1167,924,937,1120,1221,1290,1300,1316
VA297,590,590,590,624,676,822,871,925,997,823,893,959,1012,1073,882,949,1021,693,818,956,1099,1198,1208,1222
VA298,654,654,654,675,707,837,901,972,1044,838,931,1017,1055,1099,915,1004,1062,722,834,1014,1118,1190,1200,1214
VA300,541,541,541,569,613,669,709,763,853,669,722,775,795,861,703,746,794,620,667,763,872,982,985,1057
VA301,583,583,583,631,705,742,768,797,877,742,780,817,872,939,774,809,883,710,741,813,967,1076,1085,1097
VA302,822,822,822,912,1051,1190,1226,1265,1313,1190,1242,1290,1322,1359,1233,1283,1328,1067,1187,1288,1375,1436,1458,1484
VA303,426,426,426,456,519,599,645,719,790,599,656,715,763,824,637,679,740,525,597,688,844,940,942,966
VA304,443,443,443,472,516,575,621,704,786,635,738,802,816,879,693,769,827,548,624,755,912,1008,1019,1049
VA362,471,471,471,517,588,646,687,732,793,646,705,760,799,861,695,751,787,592,643,758,865,993,1000,1020
VA368,600,600,600,638,697,765,802,844,934,765,819,870,902,940,811,862,908,705,763,868,956,1051,1053,1106
VT305,723,723,723,777,862,1046,1078,1113,1178,1046,1092,1135,1195,1264,1085,1128,1206,883,1042,1133,1294,1407,1418,1435
WA306,636,636,636,677,740,847,883,923,984,847,899,948,997,1055,891,940,1006,753,844,946,1079,1173,1183,1196
WA307,737,737,737,799,896,990,1041,1097,1197,991,1064,1132,1222,1326,1052,1121,1238,907,988,1129,1370,1540,1553,1571
WA308,488,488,488,531,627,698,754,815,876,699,779,854,885,921,766,842,891,635,696,851,937,996,1004,1016
WA309,844,844,844,922,1044,1092,1167,1251,1351,1093,1202,1303,1369,1446,1184,1288,1381,1050,1091,1299,1479,1604,1617,1636
WA310,528,528,528,567,628,648,719,762,841,649,727,799,857,924,714,788,867,631,663,796,953,1062,1071,1083
WA311,679,679,679,719,780,818,882,953,1036,819,911,998,1050,1111,896,985,1059,785,817,994,1136,1235,1245,1260
WA312,633,633,633,673,736,820,894,975,1057,821,927,1026,1069,1119,910,1011,1076,746,818,1022,1140,1221,1231,1245
WA313,495,495,495,545,623,785,808,833,867,785,818,849,874,945,813,844,878,642,781,847,981,1107,1134,1154
WA315,462,462,462,492,540,616,643,709,770,655,655,751,788,847,648,704,799,546,614,716,852,968,1057,1140
WI316,657,657,657,698,762,795,909,1034,1128,797,960,1112,1134,1161,933,1089,1139,766,794,1106,1172,1215,1231,1253
WI317,661,661,661,693,742,793,832,875,929,794,850,902,940,984,840,894,947,748,792,900,1003,1091,1156,1179
WI318,410,410,411,442,506,597,628,676,766,597,620,671,732,794,614,663,737,524,595,680,820,922,951,1025
WI319,445,445,445,492,565,584,632,696,787,620,645,747,797,857,636,706,792,568,611,720,871,968,975,988
WI358,486,486,486,536,613,705,737,797,857,705,762,835,866,907,749,824,872,621,702,832,923,1058,1066,1079
WI359,416,416,416,446,512,614,663,717,771,615,685,751,779,824,674,741,784,524,611,748,831,933,963,1053
WI453,417,417,423,454,525,691,755,826,893,692,784,870,902,940,769,857,908,535,686,867,956,1017,1025,1046
WV320,496,496,496,524,597,611,639,670,722,611,661,733,763,824,645,696,772,599,610,696,846,939,946,957
WV322,486,486,486,515,560,712,735,761,784,712,745,777,792,836,740,772,797,570,707,776,839,924,938,949
WV323,466,466,466,520,603,616,662,712,778,617,682,744,809,871,672,734,800,605,615,741,879,985,1007,1053
WV360,401,401,406,430,492,544,589,634,705,539,605,658,719,781,600,651,724,511,567,669,807,907,924,946
WV454,526,526,526,553,600,674,722,781,840,674,746,818,848,884,734,807,854,608,672,815,898,956,964,1012
WV455,402,402,416,441,499,556,595,642,701,556,611,666,728,790,606,659,733,518,572,677,816,918,947,1000
WV456,431,431,431,464,516,611,660,714,768,612,682,748,775,807,671,738,780,527,609,745,821,926,956,1045
WY324,463,463,463,463,539,630,674,722,791,631,694,753,794,842,683,744,801,550,628,751,862,955,982,993
ZZ510,358,358,358,384,424,472,503,537,580,472,517,558,589,625,509,552,595,429,470,557,640,698,704,712
ZZ520,375,375,375,402,444,495,527,563,608,496,542,585,617,654,534,579,623,450,494,584,669,729,735,744
ZZ530,393,393,393,421,465,519,552,589,636,519,567,612,645,683,559,605,651,471,517,610,699,761,767,776
ZZ540,414,414,414,440,486,542,577,615,663,543,593,639,673,712,585,632,679,492,541,637,728,792,799,808
ZZ550,429,429,429,458,507,566,602,641,691,567,618,666,701,741,610,659,707,514,565,664,758,823,830,840
ZZ560,445,445,445,477,528,590,627,667,719,590,643,693,729,770,635,685,735,535,588,691,788,855,862,872
ZZ570,462,462,462,496,548,613,651,694,746,614,669,720,757,799,660,712,763,556,612,718,817,886,893,904
ZZ580,480,480,480,514,569,637,676,720,774,637,694,747,785,828,685,739,791,577,635,745,847,917,925,936
ZZ590,497,497,497,533,590,660,701,746,802,661,719,774,812,857,710,766,819,598,659,772,876,949,957,968
ZZ600,514,514,514,552,611,684,726,772,829,685,745,801,840,886,735,792,848,619,682,799,906,980,988,1000
ZZ610,532,532,532,571,632,707,751,798,857,708,770,828,868,915,760,819,876,640,706,826,935,1012,1020,1032
ZZ620,549,549,549,589,652,731,775,824,885,732,795,855,896,944,785,846,904,661,729,852,965,1043,1051,1064
ZZ630,566,566,566,608,673,755,800,850,912,755,821,882,924,974,810,872,932,682,753,879,994,1074,1083,1096
ZZ640,584,584,584,627,694,778,825,876,940,779,846,908,952,1003,835,899,960,704,776,906,1024,1106,1115,1128
ZZ650,601,601,601,645,715,802,850,903,968,802,871,935,980,1032,860,926,988,725,800,933,1053,1137,1146,1160
ZZ660,618,618,618,664,736,825,874,929,995,826,897,962,1008,1061,885,953,1016,746,823,960,1083,1168,1178,1192
ZZ670,636,636,636,683,756,849,899,955,1023,850,922,989,1036,1090,910,979,1044,767,847,987,1112,1200,1210,1224
ZZ680,653,653,653,701,777,872,924,981,1051,873,947,1016,1064,1119,935,1006,1072,788,870,1014,1142,1231,1241,1256
ZZ690,671,671,671,720,798,896,949,1007,1078,897,973,1043,1092,1148,960,1033,1100,809,894,1041,1171,1262,1273,1288
ZZ700,688,688,688,739,819,920,974,1033,1106,920,998,1070,1120,1177,985,1059,1129,830,917,1068,1201,1294,1304,1320
ZZ710,705,705,705,758,840,943,998,1059,1134,944,1023,1097,1148,1206,1010,1086,1157,851,941,1095,1230,1325,1336,1352
ZZ720,723,723,723,776,860,967,1023,1085,1161,968,1049,1124,1176,1235,1035,1113,1185,872,964,1121,1260,1356,1368,1384
ZZ730,740,740,740,795,881,990,1048,1112,1189,991,1074,1151,1203,1264,1060,1140,1213,894,988,1148,1290,1388,1399,1415
ZZ740,757,757,757,814,902,1014,1073,1138,1217,1015,1099,1178,1231,1293,1086,1166,1241,915,1011,1175,1319,1419,1431,1447
ZZ750,775,775,775,832,923,1037,1098,1164,1244,1038,1125,1205,1259,1322,1111,1193,1269,936,1035,1202,1349,1450,1462,1479
ZZ760,792,792,792,851,944,1061,1122,1190,1272,1062,1150,1232,1287,1351,1136,1220,1297,957,1058,1229,1378,1482,1494,1511
ZZ770,809,809,809,870,964,1084,1147,1216,1300,1086,1175,1259,1315,1380,1161,1246,1325,978,1082,1256,1408,1513,1526,1543
ZZ780,827,827,827,888,985,1108,1172,1242,1327,1109,1201,1286,1343,1409,1186,1273,1353,999,1105,1283,1437,1545,1557,1575
ZZ790,844,844,844,907,1006,1132,1197,1268,1355,1133,1226,1313,1371,1438,1211,1300,1381,1020,1129,1310,1467,1576,1589,1607
ZZ800,861,861,861,926,1027,1155,1222,1295,1383,1156,1251,1340,1399,1467,1236,1327,1410,1041,1152,1337,1496,1607,1620,1639
ZZ810,879,879,879,944,1047,1179,1246,1321,1410,1180,1277,1367,1427,1496,1261,1353,1438,1062,1176,1364,1526,1639,1652,1671
ZZ820,896,896,896,963,1068,1202,1271,1347,1438,1203,1302,1394,1455,1526,1286,1380,1466,1084,1199,1390,1555,1670,1684,1703
ZZ830,914,914,914,982,1089,1226,1296,1373,1466,1227,1327,1421,1483,1555,1311,1407,1494,1105,1223,1417,1585,1701,1715,1735
ZZ840,931,931,931,1001,1110,1249,1321,1399,1493,1251,1353,1448,1511,1584,1336,1433,1522,1126,1246,1444,1614,1733,1747,1767
ZZ850,948,948,948,1019,1131,1273,1345,1425,1521,1274,1378,1475,1539,1613,1361,1460,1550,1147,1270,1471,1644,1764,1779,1799
ZZ860,966,966,966,1038,1151,1297,1370,1451,1549,1298,1403,1502,1567,1642,1386,1487,1578,1168,1293,1498,1673,1795,1810,1831
ZZ870,983,983,983,1057,1172,1320,1395,1477,1576,1321,1429,1529,1594,1671,1411,1514,1606,1189,1317,1525,1703,1827,1842,1863
ZZ880,1000,1000,1000,1075,1193,1344,1420,1504,1604,1345,1454,1555,1622,1700,1436,1540,1634,1210,1340,1552,1732,1858,1873,1895
ZZ890,1018,1018,1018,1094,1214,1367,1445,1530,1631,1369,1479,1582,1650,1729,1461,1567,1663,1231,1364,1579,1762,1910,1926,1948
