AK400,711,711,711,711,828,900,1008,1173,1263,956,1172,1272,1413,1435,1115,1243,1407,884,1076,1302,1432,1447,1471,1500
AK401,735,735,735,735,819,879,1010,1171,1220,947,1171,1224,1303,1363,1140,1209,1297,859,1092,1241,1326,1353,1371,1398
AK402,746,746,746,746,846,904,973,1076,1132,940,1076,1139,1320,1375,1041,1119,1315,894,1016,1178,1339,1383,1478,1507
AK403,662,666,778,783,861,917,992,1129,1168,967,1109,1173,1328,1408,1073,1155,1260,898,1043,1218,1354,1410,1497,1527
AK404,664,664,664,664,715,756,859,990,1036,809,990,1041,1134,1234,961,1026,1109,740,923,1056,1220,1287,1390,1417
AK405,530,530,530,533,630,688,782,893,919,737,893,922,1074,1148,876,913,982,674,842,1004,1073,1119,1210,1234
AL001,316,316,316,316,399,445,482,524,532,464,524,543,634,705,519,529,611,439,506,569,695,746,786,863
AL002,321,321,321,321,377,409,437,474,497,423,471,499,559,634,465,494,534,404,455,503,623,674,696,752
AL003,413,413,413,413,429,446,502,562,569,475,562,569,629,667,558,567,606,437,537,571,664,728,789,899
AL004,395,395,395,395,445,478,535,612,641,506,612,644,694,742,594,635,687,470,572,654,720,788,819,923
AL005,444,444,444,444,467,489,560,654,690,526,654,693,756,795,631,682,747,478,605,705,790,815,855,872
AL006,457,457,457,457,519,556,598,668,713,577,667,717,785,786,639,703,785,549,624,733,786,786,792,890
AL007,449,449,449,449,499,533,599,679,703,567,679,705,766,837,664,697,740,523,640,713,785,866,909,968
AL008,386,386,386,386,428,452,494,572,616,532,562,614,680,736,533,607,670,439,518,631,712,741,780,858
AR010,473,473,473,473,527,554,561,578,592,558,578,594,671,703,568,589,637,553,566,599,699,729,780,870
AR011,377,377,377,377,446,484,518,553,553,502,553,553,579,654,552,553,554,479,540,554,623,674,696,864
AR012,338,338,338,338,377,403,450,513,538,431,513,553,644,694,497,532,609,396,480,567,689,736,817,884
AR419,370,370,370,370,422,453,490,528,539,472,528,550,643,717,526,535,620,447,513,577,707,756,782,876
AZ013,574,574,574,574,652,697,750,825,860,724,824,863,925,963,802,852,916,689,783,875,962,982,1021,1042
AZ014,414,414,414,414,472,510,577,653,668,545,653,669,704,766,643,664,692,500,619,674,747,815,870,907
AZ015,479,479,479,479,559,616,687,775,803,653,775,805,862,924,757,796,847,606,731,814,915,967,1021,1041
AZ016,458,458,458,458,521,567,672,781,787,621,781,788,860,918,776,786,798,551,738,790,914,960,986,1012
CA018,979,979,979,979,1128,1218,1334,1467,1495,1278,1467,1498,1547,1576,1449,1489,1540,1201,1407,1507,1572,1592,1622,1654
CA019,1573,1573,1573,1573,1828,1968,2075,2226,2298,2023,2226,2305,2441,2562,2181,2282,2411,1952,2142,2328,2545,2626,2750,2805
CA021,431,431,431,431,480,508,538,580,601,523,580,603,641,692,567,596,633,503,556,609,670,738,779,865
CA022,398,398,398,398,434,466,527,617,652,523,630,654,764,839,582,647,704,478,571,661,812,870,870,944
CA023,516,516,516,516,540,563,637,726,749,602,726,751,806,886,711,744,786,552,684,759,875,928,1010,1030
CA024,713,713,713,713,793,839,886,964,1012,864,963,1017,1108,1183,933,1001,1089,832,916,1033,1173,1223,1301,1327
CA025,855,855,855,855,986,1059,1125,1217,1260,1093,1217,1264,1343,1408,1190,1250,1327,1049,1166,1278,1398,1442,1508,1538
CA026,573,573,573,573,639,679,712,778,830,696,777,835,930,995,744,818,914,674,732,853,985,1029,1095,1116
CA027,919,919,919,919,1057,1134,1198,1359,1513,1167,1358,1528,1795,1944,1262,1478,1757,1124,1239,1579,1923,2023,2177,2220
CA028,499,499,499,499,540,569,590,623,679,580,623,645,682,738,610,638,675,566,603,652,706,763,846,903
CA030,598,598,598,598,634,657,697,754,781,678,754,784,836,885,737,775,824,651,723,793,878,911,961,990
CA031,445,445,445,445,535,591,667,749,759,630,749,760,777,845,742,756,775,579,714,763,784,844,902,921
CA032,366,366,366,366,397,412,470,547,568,439,547,570,606,663,534,563,601,412,511,577,624,674,713,823
CA033,474,474,474,474,523,559,635,720,733,598,720,734,767,849,711,730,754,547,683,739,804,825,867,892
CA034,623,623,623,623,646,672,769,908,977,722,908,983,1098,1149,865,961,1085,657,829,1006,1141,1175,1228,1252
CA035,492,492,492,492,560,600,647,699,707,625,699,708,779,854,694,705,720,593,677,711,766,811,887,902
CA036,777,777,777,777,870,921,957,1009,1033,940,1008,1035,1085,1144,993,1027,1071,915,980,1043,1135,1174,1234,1258
CA037,833,833,833,833,945,1011,1087,1211,1286,1050,1210,1294,1430,1528,1163,1269,1406,999,1135,1319,1514,1580,1680,1713
CA038,706,706,706,706,808,869,947,1071,1143,910,1070,1150,1280,1370,1025,1127,1258,857,996,1174,1358,1418,1510,1540
CA039,752,752,752,752,815,856,920,1039,1127,889,1038,1135,1290,1389,984,1107,1265,846,961,1164,1375,1441,1543,1573
CA040,437,437,437,437,497,528,538,589,688,533,565,611,765,840,548,587,690,526,545,605,783,867,962,968
CA041,589,589,589,589,646,679,713,776,821,697,775,825,908,989,747,810,892,674,735,840,945,977,1027,1061
CA042,426,426,426,426,462,491,561,656,697,527,656,701,775,857,630,688,762,480,604,715,823,876,912,930
CA044,1438,1438,1438,1438,1630,1745,1893,2075,2128,1822,2074,2133,2234,2320,2041,2116,2213,1723,1987,2151,2307,2364,2452,2501
CA392,751,751,751,751,891,967,1019,1092,1126,994,1092,1130,1209,1319,1070,1119,1181,959,1051,1141,1304,1378,1491,1520
CA393,503,503,503,503,535,559,612,697,748,586,696,753,848,919,664,737,830,551,645,770,909,956,1029,1049
CA420,551,551,551,551,620,664,714,786,821,690,786,825,891,950,764,813,877,656,746,836,941,980,1040,1060
CA421,700,700,700,700,778,823,873,941,970,849,940,973,1035,1111,922,963,1016,815,904,982,1100,1151,1229,1253
CA457,598,598,598,598,634,657,697,754,781,678,754,784,836,885,737,775,824,651,723,793,878,911,961,993
CO045,557,557,557,557,641,696,788,925,998,744,924,1005,1126,1177,879,981,1113,682,845,1029,1170,1204,1257,1282
CO046,594,594,594,594,653,687,725,783,816,707,783,819,877,914,762,808,868,681,748,830,914,934,978,995
CO047,594,594,594,594,657,689,699,742,794,694,742,799,895,967,709,782,877,687,706,817,957,1006,1080,1101
CO422,784,784,784,784,864,906,930,981,1024,918,980,1028,1111,1184,953,1014,1093,902,945,1043,1174,1222,1297,1323
CT049,677,677,677,677,695,713,769,852,894,742,851,898,977,1044,825,884,960,704,804,911,1034,1079,1148,1171
CT050,685,685,685,685,804,866,893,931,949,880,931,951,1071,1145,919,945,993,862,910,957,1081,1138,1196,1247
CT051,778,778,778,778,882,942,1002,1080,1109,973,1080,1111,1169,1230,1062,1102,1154,933,1040,1121,1221,1262,1324,1350
DC053,733,733,733,733,832,890,957,1072,1148,925,1072,1156,1297,1407,1024,1131,1269,880,1000,1181,1391,1465,1578,1609
DE054,542,542,542,542,626,677,749,834,854,715,834,856,891,911,821,849,886,666,795,863,908,921,942,962
DE055,565,565,565,565,629,671,743,816,819,708,816,820,825,855,814,819,824,660,788,821,854,896,911,920
FL056,482,482,482,482,525,548,568,612,650,558,611,654,720,774,587,641,711,545,580,666,765,831,880,923
FL057,415,415,415,415,434,472,535,628,666,533,627,670,743,808,615,657,727,459,586,682,798,842,908,945
FL058,549,549,549,549,619,663,727,793,796,696,793,796,803,872,791,795,801,653,768,797,855,898,919,984
FL059,527,527,527,527,598,639,688,756,788,665,756,791,854,914,736,781,839,632,718,802,905,945,1007,1079
FL061,743,743,743,743,815,866,971,1120,1189,921,1119,1196,1312,1365,1076,1174,1299,850,1037,1219,1357,1393,1447,1476
FL062,607,607,607,607,670,708,754,817,846,732,817,848,907,973,799,839,891,701,782,858,963,1007,1074,1095
FL063,509,509,509,509,585,623,624,655,702,623,655,706,776,777,626,691,776,622,625,722,777,778,799,888
FL064,423,423,423,423,482,517,555,603,620,537,603,621,685,710,592,616,659,511,578,644,706,748,823,871
FL065,449,449,449,449,543,597,657,743,785,628,743,788,857,884,717,775,850,588,695,802,880,899,927,945
FL066,574,574,574,574,673,728,770,822,838,749,822,840,884,966,811,834,864,721,796,845,904,999,1035,1089
FL067,685,685,685,685,806,876,958,1082,1149,919,1081,1155,1275,1355,1039,1133,1255,864,1009,1177,1344,1397,1479,1508
FL068,415,415,415,415,498,538,539,583,645,549,618,653,757,795,543,620,730,538,550,667,790,832,902,1006
FL069,845,845,847,848,1086,1214,1284,1371,1397,1250,1371,1400,1533,1593,1354,1391,1489,1203,1328,1448,1584,1624,1686,1719
FL070,545,545,545,545,614,656,716,778,782,687,778,782,787,788,776,781,787,647,754,783,788,820,871,929
FL397,416,416,416,416,479,522,601,698,727,585,698,730,776,843,679,721,774,510,650,740,829,901,951,987
FL423,501,501,501,501,561,599,657,736,772,629,736,775,840,891,714,764,828,591,693,787,884,918,971,990
FL424,607,607,607,607,640,671,770,876,888,722,876,890,926,997,868,886,908,656,832,894,987,1035,1108,1130
GA071,843,843,843,843,903,946,1038,1147,1174,994,1146,1177,1218,1218,1129,1168,1218,932,1095,1186,1218,1219,1219,1243
GA072,430,430,430,430,467,488,504,527,539,496,527,549,642,715,520,536,619,486,514,576,704,760,800,908
GA073,537,537,537,537,573,597,641,694,709,620,694,710,736,786,684,705,733,590,668,715,785,819,839,900
GA074,470,470,470,470,515,544,584,625,625,565,625,625,669,741,624,625,641,538,609,625,715,785,800,878
GA075,527,527,527,527,580,610,638,678,699,625,678,701,737,758,665,694,732,606,655,708,755,773,790,867
GA076,555,555,555,555,625,666,715,776,798,691,776,800,838,860,762,793,833,659,745,807,857,872,895,912
GA077,610,610,618,618,673,693,735,808,829,706,808,831,868,890,794,824,863,693,772,838,887,901,923,941
GA078,500,500,500,500,567,609,668,742,767,640,742,770,818,863,726,761,807,600,705,778,857,887,934,957
GA079,550,550,550,550,595,621,651,700,731,636,700,734,793,845,680,724,780,616,669,744,838,872,926,944
GA080,447,447,447,447,473,498,523,557,561,507,557,565,656,727,555,558,628,496,543,586,710,761,795,864
GA081,422,422,422,422,466,491,518,570,611,505,570,614,688,753,560,601,675,487,543,628,735,780,826,856
HI408,794,794,794,794,901,964,1037,1158,1235,1002,1157,1243,1389,1513,1109,1218,1358,953,1082,1269,1495,1578,1705,1739
HI409,775,775,775,775,831,864,900,962,1003,882,961,1007,1093,1190,935,994,1069,858,922,1021,1177,1241,1341,1367
IA082,561,561,561,561,581,602,673,766,799,639,765,803,870,937,744,792,853,591,718,814,927,972,1041,1061
IA083,433,433,433,433,463,488,548,632,670,519,631,674,740,786,607,661,731,479,585,686,777,808,851,911
IA330,432,432,432,432,473,499,544,606,633,523,606,636,687,732,589,627,676,492,573,645,726,756,803,837
IA331,348,348,348,348,390,419,476,549,589,449,549,593,687,767,533,579,658,410,512,608,739,788,815,878
IA332,381,381,381,381,442,478,521,581,607,500,580,609,705,777,564,601,648,471,548,618,721,775,796,880
IA389,370,370,370,370,445,486,519,577,615,503,576,619,685,723,552,606,676,481,540,631,717,742,781,849
IA425,515,515,515,515,574,615,697,796,822,657,795,824,875,923,779,816,863,602,749,833,916,948,997,1022
ID084,473,473,473,473,528,560,599,641,659,580,641,672,735,792,638,644,720,554,624,684,776,807,854,897
ID085,366,366,366,366,417,446,482,566,628,504,569,632,730,798,523,591,684,441,509,635,776,801,804,863
ID086,423,423,423,423,471,496,510,544,613,504,530,598,699,777,524,545,644,494,519,579,742,789,811,855
ID087,299,299,303,307,364,400,444,515,538,445,515,540,626,701,465,533,589,395,468,547,671,711,720,825
ID333,308,308,312,324,385,426,525,643,674,486,643,677,728,797,623,667,724,411,587,688,767,829,860,889
ID426,342,342,342,342,389,424,450,487,520,437,487,531,581,634,479,517,575,420,468,557,623,674,696,788
IL088,443,443,443,443,492,530,552,600,626,540,600,628,683,748,584,620,676,527,572,637,705,777,829,914
IL089,411,411,411,411,460,493,548,618,642,521,618,644,689,727,603,637,680,484,583,652,722,790,841,866
IL090,432,432,432,432,469,493,534,588,616,516,588,642,754,830,574,604,706,487,559,650,804,894,963,992
IL092,782,782,782,782,874,931,1009,1100,1121,972,1100,1123,1172,1246,1087,1116,1154,919,1058,1130,1235,1284,1360,1387
IL093,436,436,436,436,499,533,556,610,655,545,610,660,741,787,606,645,729,529,581,675,781,839,884,919
IL325,824,824,824,824,977,1057,1097,1158,1191,1078,1158,1195,1253,1288,1137,1184,1244,1051,1123,1206,1283,1307,1343,1369
IL335,385,385,385,385,441,476,529,588,598,504,588,613,710,771,583,593,682,468,563,632,763,795,838,948
IL366,461,461,461,461,546,601,680,776,803,642,776,805,859,917,759,797,845,589,730,814,909,947,1006,1026
IL427,383,383,383,383,429,461,524,609,644,499,608,647,744,815,586,636,700,451,563,659,766,821,852,896
IN094,488,488,488,488,558,602,670,743,751,637,743,752,776,824,737,749,764,592,712,754,817,849,899,926
IN096,468,468,468,468,552,596,614,634,637,605,634,638,749,826,631,636,700,593,625,641,778,854,872,877
IN097,390,390,390,390,444,477,522,607,663,543,612,669,716,785,566,638,714,470,552,680,775,843,862,911
IN099,460,460,460,460,520,559,626,706,725,594,705,727,761,785,693,721,756,549,669,733,778,824,865,970
IN337,381,381,381,381,446,486,538,613,648,520,612,651,711,770,590,640,704,478,571,663,736,772,875,944
IN338,367,367,367,367,417,446,480,525,543,464,525,545,645,690,513,539,613,441,501,567,685,724,790,858
IN367,493,493,493,493,542,568,585,622,643,577,622,658,730,805,609,638,694,565,598,653,760,854,870,910
IN399,449,449,449,449,499,531,581,652,685,557,651,689,761,833,630,678,739,523,612,700,804,845,903,921
KS100,352,352,352,352,414,450,487,540,565,469,540,587,656,728,524,559,617,444,511,580,701,754,789,873
KS101,440,440,440,440,480,510,580,666,693,546,666,696,752,818,649,687,736,499,623,705,809,853,920,938
KS102,446,446,446,446,510,548,592,663,705,571,663,709,782,821,636,696,772,541,620,723,816,842,883,900
KS104,436,436,436,436,499,535,576,647,696,556,647,705,795,869,616,685,773,529,601,717,823,864,900,945
KS105,442,442,442,442,468,490,555,636,663,524,636,665,712,740,619,657,705,480,595,674,736,754,783,864
KS334,349,349,349,349,397,425,455,514,546,446,505,565,639,685,485,529,605,420,474,566,674,694,723,851
KY106,381,381,381,381,428,457,475,509,556,485,509,547,640,666,498,529,606,454,487,566,662,701,769,866
KY107,416,416,416,416,473,511,580,662,684,546,662,686,777,854,648,679,720,500,623,693,815,876,895,919
KY109,474,474,474,474,528,562,616,690,720,590,689,723,782,833,670,713,769,554,650,733,826,860,913,932
KY110,280,280,296,301,354,398,434,484,515,417,484,515,562,634,468,511,549,393,455,520,623,674,696,752
KY112,319,319,319,319,383,422,475,543,567,449,542,569,611,636,527,561,605,414,508,577,633,674,696,805
KY339,342,342,342,342,383,411,464,536,566,445,536,569,662,733,517,559,622,403,498,581,707,758,791,874
KY429,408,408,408,408,434,453,489,535,551,472,535,552,633,703,525,547,610,447,512,568,695,755,805,890
KY430,374,374,374,374,417,443,481,519,543,463,519,553,638,706,518,539,617,437,504,578,696,739,781,873
LA113,364,364,364,364,394,416,472,545,574,445,545,577,634,706,526,568,621,408,506,587,696,749,787,865
LA114,498,498,498,498,563,597,619,647,657,609,647,658,698,762,640,654,673,594,632,661,752,806,872,949
LA115,306,306,306,310,357,386,419,479,516,409,475,526,559,634,450,513,538,391,452,529,623,674,743,852
LA116,478,478,478,478,551,588,602,657,722,595,656,728,843,913,615,707,826,586,610,750,903,950,1021,1041
LA117,455,455,455,455,506,541,604,679,698,574,679,699,741,797,667,693,727,531,644,705,789,827,885,929
LA118,436,436,436,436,494,527,561,629,684,545,629,689,778,810,607,671,770,522,589,707,806,827,862,919
LA326,405,405,405,405,441,473,509,576,625,492,576,630,703,723,545,614,703,467,532,646,713,763,793,878
LA370,428,428,428,428,479,510,545,596,621,528,596,625,723,752,580,615,681,504,567,639,749,823,904,933
LA371,393,393,393,393,432,458,501,558,588,498,558,603,647,720,543,576,639,451,527,613,683,729,799,858
MA119,763,763,763,763,865,926,996,1066,1068,962,1066,1068,1094,1188,1065,1068,1071,915,1039,1069,1175,1238,1334,1360
MA120,1069,1069,1069,1069,1279,1405,1564,1726,1732,1487,1726,1732,1773,1898,1722,1730,1741,1381,1664,1734,1880,1964,2093,2134
MA121,763,763,763,763,865,926,996,1066,1068,962,1066,1068,1094,1188,1065,1068,1071,915,1039,1069,1175,1238,1334,1360
MA122,762,762,762,762,880,941,964,996,1011,953,996,1012,1055,1136,986,1007,1035,937,978,1017,1125,1179,1262,1287
MA123,722,722,722,722,819,876,942,1031,1068,910,1031,1071,1147,1235,1008,1059,1125,866,984,1083,1222,1281,1371,1398
MA124,905,905,905,905,1005,1058,1083,1132,1170,1071,1131,1174,1252,1335,1107,1161,1231,1054,1098,1186,1323,1379,1465,1494
MA125,789,789,789,789,853,901,1013,1176,1257,959,1175,1265,1409,1501,1124,1239,1386,884,1083,1292,1488,1549,1644,1676
MA126,557,557,557,557,659,718,783,866,893,752,865,896,955,1028,848,887,937,708,824,905,1018,1066,1141,1163
MA151,763,763,763,763,865,926,996,1066,1068,962,1066,1068,1094,1188,1065,1068,1071,915,1039,1069,1175,1238,1334,1360
MA377,840,840,840,840,957,1022,1075,1178,1259,1049,1177,1267,1417,1535,1127,1241,1387,1014,1108,1294,1518,1597,1718,1752
MA431,413,413,413,413,471,510,583,697,762,548,696,768,880,938,655,747,866,499,628,790,930,969,1028,1048
MD127,619,619,619,619,643,661,706,773,807,685,773,811,876,934,751,800,862,654,735,822,926,964,1023,1043
MD128,824,824,824,824,885,921,961,1034,1088,942,1034,1094,1202,1316,1000,1076,1174,915,986,1111,1300,1376,1493,1522
MD129,604,604,604,604,653,687,755,830,840,723,830,841,878,968,823,837,856,677,798,844,955,1015,1107,1129
MD130,650,650,650,650,675,699,775,876,918,738,876,921,990,1016,850,908,983,687,822,935,1013,1030,1058,1079
MD133,773,773,773,773,851,895,933,995,1032,915,994,1035,1156,1196,971,1023,1148,889,957,1049,1187,1241,1328,1354
MD134,756,756,756,756,838,877,878,890,907,878,889,909,956,1030,878,903,936,877,878,915,1008,1043,1066,1099
MD135,577,577,577,577,648,693,749,818,820,720,819,821,868,935,817,820,857,685,792,826,908,987,1013,1032
MD340,381,381,381,381,388,419,462,527,556,465,521,580,629,704,503,544,612,403,484,575,638,693,725,848
MD432,499,499,499,499,567,607,653,718,750,631,718,753,809,843,698,743,801,600,681,764,838,861,896,920
ME136,431,431,431,431,496,534,581,654,697,558,654,701,793,838,627,687,764,527,610,715,832,884,931,949
ME137,333,333,333,333,360,392,436,501,535,441,496,549,612,672,453,520,601,386,453,560,639,681,754,850
ME139,653,653,653,653,727,771,820,911,977,796,910,983,1096,1154,869,962,1081,763,851,1005,1146,1185,1245,1269
ME141,639,639,639,639,702,740,785,845,868,764,845,870,921,988,830,862,904,733,814,877,978,1023,1092,1113
ME390,490,490,490,490,526,554,620,715,760,588,714,764,848,914,686,750,832,544,662,780,905,949,1016,1036
MI142,541,541,541,541,582,619,736,882,930,679,882,934,1014,1053,852,919,1005,601,809,950,1048,1073,1113,1165
MI143,291,291,302,307,349,377,413,478,518,401,474,528,586,634,446,513,576,382,447,545,623,674,717,752
MI145,578,578,578,578,620,643,665,710,748,655,710,752,819,863,686,739,808,640,678,764,857,886,932,950
MI146,505,505,505,505,544,571,623,694,724,598,693,727,794,838,674,717,773,563,655,737,830,865,918,936
MI148,444,444,444,444,494,528,592,674,704,561,674,707,764,814,655,697,752,518,632,717,807,841,892,909
MI149,407,407,407,407,488,534,567,615,639,551,611,682,741,816,600,634,712,529,588,683,756,821,834,885
MI152,491,491,491,491,536,563,604,656,675,584,656,676,774,831,644,670,715,557,629,682,818,883,949,977
MI153,492,492,492,492,549,584,627,680,696,606,680,697,734,786,670,692,721,577,654,703,779,814,868,885
MI154,527,527,527,527,567,598,678,783,822,640,782,825,890,918,758,813,883,586,729,838,914,933,963,982
MI155,643,643,643,643,729,783,866,987,1049,826,986,1055,1172,1270,947,1035,1148,771,917,1076,1256,1322,1422,1450
MI156,407,407,407,407,466,502,548,609,632,526,609,636,684,759,594,627,675,495,577,642,723,794,816,816
MI157,339,339,339,339,379,403,438,485,523,421,483,534,610,641,472,519,601,398,460,560,637,674,696,774
MI391,465,465,465,465,517,549,595,656,678,573,655,680,730,796,641,673,714,542,624,688,787,831,899,917
MI434,386,386,386,386,455,497,550,622,654,524,622,657,715,761,602,647,704,489,583,667,755,786,833,897
MN158,535,535,535,535,589,621,657,694,696,639,694,696,702,776,692,695,699,615,679,696,741,790,809,859
MN159,702,702,702,702,781,834,937,1072,1124,887,1071,1129,1220,1268,1038,1112,1208,819,1001,1147,1261,1293,1345,1372
MN376,378,378,378,378,409,434,502,578,591,469,578,593,699,743,569,588,628,424,544,597,714,754,776,855
MN436,435,435,435,435,511,560,636,737,775,599,736,779,848,897,712,766,836,548,684,791,890,922,972,991
MO160,521,521,521,521,580,620,690,781,816,656,781,819,885,943,759,808,871,609,733,831,935,974,1033,1053
MO161,488,488,488,488,554,594,672,774,813,635,774,816,877,896,750,804,873,592,721,829,893,906,925,945
MO162,357,357,357,357,398,424,469,527,546,448,526,548,606,634,514,542,600,417,498,561,627,674,714,808
MO163,350,350,350,350,398,426,458,502,531,443,501,541,596,634,490,521,592,421,478,560,623,675,781,852
MO164,370,370,370,370,390,404,437,489,531,442,486,538,615,676,469,519,599,399,457,552,668,687,717,859
MO165,338,338,338,338,373,401,456,524,566,458,524,575,656,709,517,532,617,398,494,572,700,747,784,870
MO343,390,390,390,390,434,463,514,583,612,489,583,615,667,697,564,606,659,455,546,625,693,713,779,860
MO344,360,360,360,360,401,430,492,564,582,462,564,584,649,722,553,578,625,421,531,590,711,762,792,882
MS168,496,496,496,496,571,611,634,663,692,623,663,695,751,801,657,686,739,608,649,705,794,827,878,895
MS169,361,361,361,361,414,441,452,542,592,461,510,574,623,689,463,545,617,439,459,580,676,716,772,861
MS170,518,518,518,518,563,592,637,698,722,616,698,724,776,836,682,717,761,585,666,733,827,867,929,947
MS171,332,332,332,332,391,426,464,527,565,446,526,569,636,678,502,556,626,420,488,581,672,718,805,854
MS172,397,397,397,397,452,484,520,581,620,503,581,624,695,750,556,611,682,478,543,637,742,778,834,889
MS410,534,534,534,534,563,581,610,653,678,596,653,680,725,760,637,672,717,577,627,688,755,778,813,862
MS437,498,498,498,498,549,577,599,632,650,588,632,651,686,723,621,646,677,573,613,657,718,753,781,890
MS438,292,292,303,308,351,379,418,488,526,404,484,537,627,658,454,522,604,384,453,563,654,688,747,855
MT175,323,323,323,323,370,409,448,513,574,429,497,542,633,705,486,528,610,403,472,569,695,718,744,874
MT347,370,370,370,370,399,438,484,553,581,482,549,610,683,735,530,572,653,431,513,612,709,755,825,883
MT379,367,367,367,367,384,423,486,563,588,464,563,591,691,752,547,582,630,414,524,599,715,769,788,861
MT441,448,448,448,448,499,530,579,644,673,555,644,676,731,792,626,667,719,523,609,686,772,804,853,901
NC176,731,731,731,731,737,746,790,844,860,769,844,861,905,985,834,856,885,739,818,867,974,1027,1109,1131
NC177,467,467,467,467,473,482,522,580,610,503,580,613,666,731,561,603,658,476,547,623,720,773,807,880
NC178,435,435,435,435,469,496,565,637,642,532,637,643,665,723,634,641,650,485,609,644,715,754,814,881
NC179,599,599,599,599,662,704,765,844,874,736,844,877,939,995,825,867,939,695,803,886,987,1026,1087,1108
NC180,698,698,698,698,771,816,875,961,1004,847,961,1008,1073,1081,934,994,1071,807,912,1022,1080,1085,1093,1114
NC181,635,635,635,635,648,663,722,792,811,694,792,813,853,899,780,807,841,654,759,819,893,924,972,991
NC182,583,583,583,583,603,614,626,643,650,620,643,651,663,737,638,649,662,612,634,653,722,765,791,863
NC183,470,470,470,470,512,538,574,612,615,557,612,615,668,742,610,614,638,532,597,620,730,768,782,872
NC184,551,551,551,551,587,611,648,702,728,630,702,731,781,828,685,722,770,605,672,739,821,852,900,918
NC185,675,675,675,675,726,765,855,972,1015,811,971,1019,1095,1141,944,1005,1083,751,911,1033,1135,1166,1214,1238
NC186,561,561,561,561,633,676,727,800,834,703,800,837,890,898,778,826,888,668,759,848,897,902,923,944
NC187,553,553,553,553,594,619,649,696,723,635,696,726,783,851,679,717,766,614,668,735,841,887,957,976
NC372,408,408,408,408,469,507,563,635,660,536,635,663,747,821,619,654,700,498,598,671,769,830,860,916
ND188,330,330,330,330,357,386,442,512,549,442,509,568,670,739,497,542,621,390,477,582,702,753,787,861
ND189,373,373,373,373,385,408,484,590,638,474,589,643,744,797,559,627,740,396,531,659,761,829,847,865
ND190,347,347,347,347,405,450,526,618,646,489,618,649,741,818,600,640,696,439,573,658,787,859,895,907
ND191,266,266,290,295,341,370,407,481,522,412,481,525,619,694,442,513,585,375,442,539,661,745,785,812
NE192,478,478,478,478,563,610,645,700,731,628,700,734,793,845,680,724,780,604,667,744,838,872,926,944
NE193,423,423,423,423,471,505,572,650,667,540,650,669,723,793,639,663,695,495,614,675,743,781,798,873
NH194,664,664,664,664,739,783,834,928,996,810,927,1003,1130,1234,885,981,1104,775,866,1025,1219,1289,1396,1424
NH195,691,691,691,691,728,755,811,890,929,784,890,932,1016,1126,866,920,989,746,846,945,1110,1184,1296,1322
NJ196,809,809,809,809,848,875,926,995,1024,902,995,1026,1102,1231,977,1017,1069,867,958,1036,1213,1300,1433,1461
NJ198,800,800,800,800,839,865,911,967,984,889,967,985,1040,1158,956,980,1010,858,939,991,1142,1221,1343,1369
NJ200,737,737,737,737,835,907,1072,1261,1299,992,1260,1303,1391,1515,1236,1290,1360,882,1175,1315,1498,1581,1708,1742
NJ201,795,795,795,795,908,979,1083,1217,1264,1033,1217,1269,1342,1354,1187,1254,1339,963,1149,1284,1353,1361,1374,1401
NJ202,907,907,907,907,1081,1173,1224,1279,1286,1199,1279,1287,1300,1306,1274,1285,1298,1165,1256,1290,1305,1309,1315,1342
NJ203,681,681,681,681,740,782,868,975,1009,827,975,1013,1085,1168,953,1002,1064,769,922,1024,1156,1212,1297,1323
NJ204,653,653,653,653,755,811,859,935,982,836,935,986,1069,1124,906,971,1055,804,889,1001,1116,1152,1209,1233
NM205,320,320,320,320,368,400,458,542,581,429,542,585,659,719,517,572,653,394,495,598,708,767,811,933
NM206,502,502,502,502,598,654,714,797,832,685,796,835,903,962,774,824,888,645,752,847,954,993,1054,1075
NM207,288,288,297,302,351,381,449,499,553,415,477,534,613,657,450,517,601,386,451,558,651,674,696,873
NM209,467,467,467,467,520,556,627,700,703,593,700,704,716,755,697,702,709,545,671,705,739,774,834,876
NM210,609,609,609,609,721,779,800,844,882,790,844,885,964,1073,820,873,941,776,813,898,1057,1130,1242,1266
NV199,764,764,764,764,836,897,1067,1264,1306,985,1264,1310,1405,1534,1237,1297,1373,871,1174,1324,1515,1601,1733,1767
NV211,530,530,530,530,602,644,693,743,745,670,743,746,784,835,741,745,749,637,723,746,820,880,931,942
NV212,582,582,582,582,631,669,759,857,871,715,857,872,913,990,848,868,893,655,815,877,974,1023,1099,1121
NV213,556,556,556,556,613,651,725,804,813,689,804,814,878,955,798,811,827,640,771,817,914,964,1028,1048
NY215,615,615,615,615,668,701,745,797,809,724,797,810,855,918,789,806,828,694,773,814,878,945,962,987
NY216,541,541,541,541,604,640,682,734,752,662,734,754,816,857,723,748,780,634,708,760,848,895,953,992
NY217,621,621,621,621,686,727,794,900,962,762,899,967,1064,1086,861,948,1059,717,837,988,1083,1097,1141,1152
NY218,1118,1118,1118,1118,1212,1283,1459,1656,1689,1375,1656,1692,1742,1748,1635,1681,1741,1257,1570,1703,1747,1751,1757,1792
NY219,970,970,970,970,1112,1205,1365,1551,1592,1288,1551,1595,1685,1803,1525,1582,1656,1181,1466,1609,1786,1865,1985,2024
NY221,545,545,545,545,606,646,720,802,816,684,802,817,859,945,793,813,838,635,766,822,932,989,1077,1098
NY222,354,354,354,354,403,420,477,581,633,468,534,618,725,765,513,582,680,429,500,649,760,797,844,877
NY223,467,467,467,467,526,565,629,705,725,598,705,727,770,824,692,720,757,555,669,734,817,853,908,926
NY225,385,385,385,385,427,463,500,584,603,482,559,598,659,710,537,587,651,457,524,610,685,738,777,821
NY226,439,439,439,439,498,533,574,640,682,554,640,685,762,826,614,672,747,527,599,699,812,853,912,930
NY349,1050,1050,1050,1050,1258,1377,1499,1656,1711,1441,1655,1716,1817,1894,1621,1698,1798,1359,1576,1734,1883,1934,2013,2053
NY444,396,396,396,396,441,470,513,571,597,492,571,599,683,758,555,591,637,463,539,608,705,753,781,862
NY445,559,559,559,559,641,690,753,838,875,723,837,879,950,1012,814,867,934,681,791,891,1003,1045,1114,1208
OH227,461,461,461,461,552,600,623,676,725,612,676,729,813,856,645,714,802,596,637,746,850,879,923,941
OH228,572,572,572,572,649,694,747,818,847,721,817,850,913,994,799,840,893,686,780,859,983,1037,1120,1142
OH229,480,480,480,480,533,567,623,691,711,596,691,712,801,856,679,706,778,558,658,719,851,943,1002,1013
OH230,457,457,457,457,519,554,585,639,674,570,638,678,755,830,616,666,733,549,605,690,819,872,953,972
OH231,409,409,409,409,489,531,549,594,636,541,580,626,721,764,567,611,682,528,561,636,750,818,902,929
OH232,484,484,484,484,557,598,639,680,682,619,681,683,702,759,679,682,695,592,664,683,751,814,918,961
OH233,425,425,425,425,479,510,542,580,607,527,580,627,689,762,574,587,682,505,562,613,771,836,892,914
OH382,319,319,319,319,358,383,420,486,522,420,482,533,577,634,454,519,575,388,454,558,623,674,763,795
OH446,340,340,340,340,363,383,414,460,482,413,460,484,566,641,448,477,534,383,436,493,623,674,696,752
OK235,335,335,335,335,361,398,447,488,521,470,502,556,580,655,461,517,568,394,456,559,692,692,715,874
OK236,353,353,353,353,402,430,462,509,532,447,509,534,603,634,494,526,597,425,482,560,623,674,699,820
OK237,329,329,329,329,382,415,465,518,524,449,518,528,569,634,514,522,562,407,496,541,623,674,696,754
OK239,431,431,431,431,478,505,528,569,597,517,569,600,653,705,551,591,642,501,543,609,695,732,779,886
OK240,427,427,427,427,512,558,587,633,659,573,632,661,714,772,616,653,700,553,605,670,764,803,862,901
OR091,422,422,422,422,472,501,529,578,610,515,577,613,699,756,557,603,661,496,547,624,720,773,811,871
OR241,411,411,411,411,489,532,567,620,647,550,619,650,702,769,602,641,691,526,589,659,742,781,825,862
OR242,364,364,364,364,401,437,478,577,635,480,538,605,701,752,504,571,657,420,491,604,745,779,830,864
OR243,588,588,588,588,597,610,667,739,762,640,739,764,835,910,724,757,799,601,703,772,883,933,1011,1031
OR244,423,423,423,423,467,498,565,642,656,544,642,658,750,825,632,653,708,488,608,668,765,814,895,922
OR245,412,412,412,412,515,573,619,694,739,597,693,743,817,862,665,729,811,566,648,759,839,880,932,971
OR246,462,462,462,462,505,529,555,604,666,566,615,688,750,825,580,652,731,525,577,699,768,824,901,932
OR373,358,358,358,358,370,403,452,527,550,449,527,552,629,704,513,545,585,387,491,559,638,693,761,855
PA247,542,542,542,542,603,643,707,772,775,676,772,775,780,781,770,774,780,633,747,776,781,781,818,886
PA248,619,619,619,619,676,715,796,907,955,757,906,960,1037,1057,876,944,1032,703,847,976,1054,1068,1089,1110
PA249,691,691,691,691,791,851,920,1002,1023,887,1002,1025,1061,1086,989,1018,1055,840,964,1032,1080,1096,1115,1144
PA250,570,570,570,570,637,676,723,772,776,700,772,777,809,860,769,775,796,669,752,778,871,935,1025,1071
PA251,459,459,459,459,497,522,568,640,681,547,640,712,786,853,614,671,745,515,597,698,847,861,875,955
PA252,514,514,514,514,585,627,678,745,771,653,744,773,828,900,728,765,812,619,710,782,887,942,991,1010
PA253,461,461,461,461,508,542,612,699,724,578,698,727,769,787,682,718,765,531,656,735,784,816,852,865
PA254,489,489,489,489,556,595,640,689,697,618,689,697,719,790,684,695,709,588,668,700,755,832,865,958
PA255,471,471,471,471,528,568,633,709,733,602,709,736,850,933,697,723,772,558,673,735,890,955,984,1011
PA383,321,321,321,321,359,389,439,515,576,458,524,604,643,676,468,554,633,394,463,581,667,734,748,851
RI256,740,740,740,740,853,917,972,1037,1051,945,1037,1053,1171,1227,1027,1048,1157,908,1007,1066,1219,1256,1323,1349
RI257,634,634,634,634,693,729,772,839,876,751,838,879,947,1020,815,867,934,722,799,891,983,1047,1065,1120
SC258,556,556,556,556,619,651,654,673,698,652,672,701,773,851,656,692,739,650,655,709,768,835,862,899
SC259,558,558,558,558,617,647,657,689,723,652,689,727,795,866,667,716,778,645,664,738,856,903,975,994
SC260,601,601,601,601,662,698,735,790,819,717,790,822,872,903,772,813,865,692,759,832,898,919,950,969
SC261,477,477,477,477,516,543,598,658,666,571,658,667,721,769,653,664,679,534,633,670,765,839,882,940
SC262,617,617,617,617,687,730,785,859,889,758,859,892,937,940,840,882,937,721,820,902,939,941,943,962
SC263,412,412,412,412,468,501,539,577,578,521,577,578,650,724,576,578,617,495,562,578,707,753,807,874
SC375,431,431,431,431,445,459,507,572,601,484,572,604,660,737,554,595,647,452,537,614,710,758,785,873
SD264,439,439,439,439,498,533,574,632,660,554,632,663,724,799,614,654,705,527,599,672,792,825,866,886
SD265,426,426,426,426,440,469,541,632,661,506,632,667,780,860,614,655,728,458,587,677,819,862,888,919
TN266,449,449,449,449,514,550,580,635,675,566,635,679,751,805,610,666,738,545,599,692,797,833,888,905
TN267,454,454,454,454,507,539,588,656,690,564,656,693,743,764,635,682,743,532,618,704,743,780,801,881
TN268,590,590,590,590,638,666,695,727,732,681,727,732,748,801,724,731,739,661,713,734,780,843,891,934
TN269,536,536,536,536,577,607,692,809,850,648,809,854,930,992,783,841,915,598,749,868,983,1025,1088,1109
TN353,341,341,341,341,403,441,492,564,596,468,563,599,654,699,543,589,647,433,524,610,693,736,793,860
TN354,328,328,328,328,373,400,430,495,537,416,491,547,642,718,460,532,619,395,456,574,707,756,782,869
TN449,388,388,388,388,466,511,560,608,609,536,608,609,670,717,607,609,616,504,590,610,697,751,788,866
TX270,394,394,394,394,434,465,545,638,659,507,638,661,699,775,625,654,691,453,596,667,765,783,796,879
TX271,386,386,386,386,457,502,570,644,653,537,643,654,673,695,637,651,669,492,612,657,691,718,744,882
TX272,589,589,589,589,687,748,831,924,938,791,924,940,976,1031,914,935,962,735,883,945,1023,1059,1116,1138
TX273,446,446,446,446,514,552,585,636,665,569,635,668,735,813,617,658,711,547,605,677,761,841,890,901
TX274,473,473,473,473,551,598,654,731,763,627,731,766,824,858,710,756,815,589,689,777,853,876,912,959
TX275,518,518,518,518,588,629,677,742,769,654,741,772,840,916,724,763,813,622,707,781,871,949,969,1007
TX276,406,406,406,406,449,478,541,623,656,511,623,660,721,769,602,649,709,469,579,671,762,794,844,876
TX277,559,559,559,559,663,727,819,931,965,775,931,968,1034,1100,910,957,1018,713,876,979,1091,1135,1203,1227
TX278,404,404,404,404,459,492,529,583,624,511,582,611,667,743,566,603,651,486,553,620,731,787,807,869
TX279,448,448,448,448,497,532,608,691,702,572,690,703,727,760,683,699,720,521,655,707,750,778,804,882
TX280,559,559,559,559,659,721,807,913,945,766,912,948,1004,1038,892,938,996,708,861,959,1033,1056,1091,1112
TX281,463,463,463,463,504,531,575,646,687,554,645,691,774,858,619,678,753,524,603,705,846,903,989,1008
TX282,599,599,599,599,687,736,778,845,885,758,844,889,974,1072,819,876,949,730,804,902,1058,1124,1225,1249
TX283,401,401,401,401,448,481,551,632,650,517,632,652,713,762,620,646,690,470,594,658,755,775,801,828
TX284,340,340,340,340,403,442,498,568,594,471,568,596,640,667,552,588,634,434,532,605,663,696,782,850
TX285,452,452,452,452,562,626,697,784,809,663,784,811,854,880,768,803,848,615,742,819,876,893,920,938
TX286,429,429,429,429,487,521,561,609,624,546,609,633,718,775,600,621,647,515,586,630,743,780,783,884
TX288,401,401,401,401,437,467,542,640,677,517,639,681,744,793,616,669,736,462,589,693,802,812,827,894
TX356,504,504,504,504,600,657,731,807,811,695,807,811,827,867,804,810,817,646,777,812,862,888,930,986
TX387,441,441,441,441,507,547,603,676,706,576,676,709,766,817,657,699,754,539,637,719,810,843,895,927
UT291,428,428,428,428,478,510,588,685,715,550,684,718,772,817,665,708,764,498,637,728,799,821,854,885
UT292,546,546,546,546,608,649,722,807,827,687,807,828,912,969,794,822,858,638,767,835,961,994,1033,1078
UT357,426,426,426,426,486,523,576,641,665,563,641,700,777,845,629,656,760,515,610,710,813,842,889,944
VA295,548,548,548,548,607,655,724,815,852,691,815,855,919,958,793,843,910,644,768,867,952,984,1054,1075
VA296,744,744,744,744,793,825,874,925,930,850,925,931,955,1021,922,929,938,817,904,932,1011,1056,1124,1146
VA297,559,559,559,559,580,596,636,705,750,617,704,754,834,883,676,740,822,590,662,770,876,909,959,978
VA298,626,626,626,626,645,658,683,733,773,671,732,790,853,917,707,764,837,654,698,790,908,951,1017,1037
VA300,529,529,529,529,537,546,580,624,654,564,624,643,699,771,613,638,669,541,601,649,745,798,812,889
VA301,506,506,506,506,558,592,649,713,724,621,712,725,748,808,705,721,742,583,684,729,776,832,842,885
VA302,761,761,761,761,802,838,945,1079,1122,893,1078,1126,1199,1234,1051,1112,1190,822,1012,1140,1229,1253,1290,1315
VA303,388,388,388,388,413,432,468,561,618,463,533,594,678,742,503,550,631,426,490,589,731,765,783,864
VA304,369,369,369,369,419,448,482,542,599,522,591,655,714,787,528,618,693,443,505,637,782,827,850,882
VA362,380,380,380,380,439,479,534,595,607,508,595,607,701,744,588,604,648,471,568,611,740,788,834,872
VA368,554,554,554,554,585,607,652,710,731,630,710,733,774,830,697,727,765,600,680,740,806,861,880,936
VT305,619,619,619,619,689,733,798,898,956,767,898,961,1054,1086,862,942,1046,723,838,980,1081,1102,1135,1157
WA306,532,532,532,532,602,643,692,761,794,669,761,798,856,892,740,787,847,636,723,809,887,911,948,967
WA307,619,619,619,619,699,748,822,915,944,787,914,947,1002,1053,896,937,990,737,869,956,1046,1080,1132,1154
WA308,404,404,404,404,449,481,554,641,663,519,641,665,723,793,627,658,698,470,600,672,759,797,854,871
WA309,705,705,705,705,799,858,951,1054,1068,906,1054,1070,1111,1186,1044,1065,1092,844,1010,1075,1175,1226,1303,1329
WA310,454,454,454,454,504,535,582,632,640,559,632,644,741,779,628,637,715,528,611,646,774,833,877,882
WA311,601,601,601,601,654,686,733,788,799,711,788,800,834,898,780,797,818,679,763,804,889,932,998,1018
WA312,528,528,528,528,599,640,689,753,779,665,752,781,841,916,736,773,820,633,719,790,901,950,1026,1046
WA313,411,411,411,411,468,504,564,655,705,572,655,710,790,824,623,694,785,495,601,727,815,835,856,969
WA315,385,385,385,385,437,467,503,583,605,506,567,608,703,778,537,600,648,462,525,615,747,805,874,915
WI316,562,562,562,562,626,665,714,769,779,690,769,780,860,936,762,776,817,657,744,783,920,996,1112,1134
WI317,548,548,548,548,624,667,705,752,768,687,752,769,832,843,742,764,793,661,728,775,842,907,955,955
WI318,332,332,332,332,380,416,455,532,592,436,524,556,643,712,506,546,621,410,487,582,702,756,794,873
WI319,399,399,399,399,420,454,510,569,606,485,569,617,700,754,565,574,666,445,545,614,749,799,873,896
WI358,335,335,335,337,433,495,554,627,654,526,627,657,749,818,613,647,705,486,591,668,800,834,864,941
WI359,332,332,332,332,388,420,462,532,571,455,532,572,665,738,512,557,624,416,494,582,711,765,804,885
WI453,353,353,353,353,383,417,471,542,597,452,542,602,707,771,525,583,691,409,505,622,762,804,870,887
WV320,416,416,416,416,470,498,542,600,604,515,600,611,661,699,597,603,647,496,577,606,694,740,817,862
WV322,416,416,416,416,463,491,526,577,618,509,576,623,717,772,560,604,712,486,548,643,737,784,799,861
WV323,423,423,423,423,452,476,540,606,610,509,606,610,707,780,603,609,660,466,580,612,753,808,840,885
WV360,320,320,320,320,373,406,437,490,539,423,486,540,630,683,469,525,607,401,457,566,678,723,782,859
WV454,452,452,452,452,502,531,563,614,635,548,614,638,686,757,600,630,674,526,585,646,728,763,818,871
WV455,324,324,324,324,372,406,431,495,534,419,493,545,637,709,479,530,614,402,465,571,699,753,790,869
WV456,344,344,344,344,403,437,477,535,564,458,535,567,623,672,516,558,611,431,502,577,665,698,748,877
WY324,371,371,371,371,381,404,472,557,608,464,557,588,649,685,539,579,630,394,514,597,679,730,837,876
ZZ510,310,310,310,310,342,363,393,433,448,378,433,449,479,510,424,445,472,358,412,454,506,527,558,569
ZZ520,324,324,324,324,359,380,412,454,470,397,454,472,503,535,444,467,495,375,432,477,531,552,585,597
ZZ530,338,338,338,338,375,398,432,476,492,415,476,494,527,560,465,489,519,393,453,499,556,578,612,624
ZZ540,358,358,358,358,396,418,451,497,515,434,497,516,551,586,486,511,542,414,473,522,581,604,639,751
ZZ550,369,369,369,369,409,433,470,518,537,452,518,539,575,611,507,533,566,429,493,545,606,629,666,781
ZZ560,381,381,381,381,424,451,489,540,559,471,540,561,599,636,528,555,590,445,513,567,630,655,693,812
ZZ570,394,394,394,394,440,468,508,561,581,489,561,583,623,661,548,577,613,462,533,590,655,681,720,842
ZZ580,408,408,408,408,456,486,528,582,603,507,582,605,647,686,569,599,637,480,554,612,680,707,747,842
ZZ590,422,422,422,422,472,503,547,604,626,526,604,628,670,711,590,621,660,497,574,635,705,732,774,873
ZZ600,436,436,436,436,489,521,566,625,648,544,625,650,694,736,611,643,684,514,594,657,730,758,801,903
ZZ610,450,450,450,450,505,539,585,646,670,563,646,672,718,761,632,665,707,532,614,680,755,784,828,934
ZZ620,464,464,464,464,521,556,604,668,692,581,667,695,742,786,652,687,731,549,634,703,780,809,855,965
ZZ630,478,478,478,478,537,574,624,689,714,600,689,717,766,811,673,709,755,566,655,725,805,835,882,995
ZZ640,492,492,492,492,554,591,643,710,737,618,710,739,790,836,694,731,778,584,675,748,830,861,908,1026
ZZ650,506,506,506,506,570,609,662,732,759,636,731,761,814,861,715,753,802,601,695,770,855,887,935,1026
ZZ660,520,520,520,520,586,626,681,753,781,655,753,784,838,887,736,775,825,618,715,793,880,912,962,1056
ZZ670,533,533,533,533,602,644,700,774,803,673,774,806,861,912,756,797,849,636,735,816,905,938,989,1087
ZZ680,547,547,547,547,619,662,719,796,825,692,795,828,885,937,777,819,872,653,756,838,929,964,1016,1117
ZZ690,561,561,561,561,635,679,739,817,848,710,817,851,909,962,798,841,896,671,776,861,954,989,1043,1148
ZZ700,575,575,575,575,651,697,758,838,870,729,838,873,933,987,819,863,920,688,796,883,979,1015,1070,1178
ZZ710,589,589,589,589,667,714,777,860,892,747,859,895,957,1012,840,885,943,705,816,906,1004,1041,1097,1178
ZZ720,603,603,603,603,684,732,796,881,914,765,881,917,981,1037,860,907,967,723,836,928,1029,1067,1124,1209
ZZ730,617,617,617,617,700,750,815,902,936,784,902,940,1005,1062,881,929,990,740,857,951,1054,1092,1151,1239
ZZ740,631,631,631,631,716,767,835,924,959,802,923,962,1029,1087,902,951,1014,757,877,974,1079,1118,1178,1270
ZZ750,645,645,645,645,732,785,854,945,981,821,945,984,1052,1112,923,973,1037,775,897,996,1104,1144,1205,1300
ZZ760,659,659,659,659,749,802,873,966,1003,839,966,1006,1076,1137,944,995,1061,792,917,1019,1129,1170,1232,1331
ZZ770,673,673,673,673,765,820,892,988,1025,857,987,1029,1100,1162,964,1017,1084,809,937,1041,1154,1195,1259,1331
ZZ780,687,687,687,687,781,838,911,1009,1047,876,1009,1051,1124,1188,985,1039,1108,827,958,1064,1179,1221,1286,1361
ZZ790,701,701,701,701,797,855,931,1030,1070,894,1030,1073,1148,1213,1006,1061,1132,844,978,1086,1203,1247,1313,1392
ZZ800,715,715,715,715,814,873,950,1052,1092,913,1051,1096,1172,1238,1027,1083,1155,861,998,1109,1228,1272,1340,1367
ZZ810,729,729,729,729,830,890,969,1073,1114,931,1073,1118,1196,1263,1047,1105,1179,879,1018,1132,1253,1298,1367,1422
ZZ820,743,743,743,743,846,908,988,1094,1136,950,1094,1140,1219,1288,1068,1127,1202,896,1038,1154,1278,1324,1394,1483
ZZ830,757,757,757,757,862,926,1007,1116,1158,968,1115,1162,1243,1313,1089,1149,1226,914,1059,1177,1303,1350,1421,1483
ZZ840,771,771,771,771,879,943,1027,1137,1181,986,1137,1185,1267,1338,1110,1171,1249,931,1079,1199,1328,1375,1448,1514
ZZ850,785,785,785,785,895,961,1046,1159,1203,1005,1158,1207,1291,1363,1131,1193,1273,948,1099,1222,1353,1401,1475,1504
ZZ860,799,799,799,799,911,978,1065,1180,1225,1023,1179,1229,1315,1388,1151,1215,1297,966,1119,1244,1378,1427,1502,1575
ZZ870,813,813,813,813,927,996,1084,1201,1247,1042,1201,1252,1339,1413,1172,1237,1320,983,1139,1267,1403,1452,1529,1605
ZZ880,827,827,827,827,944,1014,1103,1223,1269,1060,1222,1274,1363,1438,1193,1259,1344,1000,1160,1290,1428,1478,1555,1587
ZZ890,841,841,841,841,960,1031,1123,1244,1292,1079,1243,1296,1387,1463,1214,1281,1367,1018,1180,1312,1453,1504,1635,1910
