AK400,1191.00,1191.00,1191.00,1191.00,1434.00,1434.00,1551.00,1677.00,1794.00,1437.00,1650.00,1761.00,1950.00,2106.00,1587.00,1734.00,1911.00,1434.00,1548.00,1794.00,2085.00,2184.00,2343.00,2391.00,2391.00,2391.00,2391.00
AK401,1350.00,1350.00,1350.00,1350.00,1530.00,1536.00,1665.00,1845.00,1920.00,1602.00,1845.00,1929.00,2067.00,2172.00,1797.00,1905.00,2040.00,1530.00,1749.00,1953.00,2157.00,2226.00,2334.00,2382.00,2382.00,2382.00,2382.00
AK402,1365.00,1365.00,1365.00,1365.00,1593.00,1593.00,1641.00,1878.00,1974.00,1593.00,1875.00,1983.00,2139.00,2205.00,1818.00,1953.00,2124.00,1593.00,1743.00,2013.00,2196.00,2238.00,2304.00,2349.00,2349.00,2349.00,2349.00
AK403,1206.00,1206.00,1206.00,1206.00,1419.00,1428.00,1518.00,1662.00,1752.00,1476.00,1659.00,1761.00,1920.00,2034.00,1605.00,1731.00,1890.00,1419.00,1575.00,1788.00,2019.00,2094.00,2211.00,2256.00,2256.00,2256.00,2256.00
AK404,1110.00,1110.00,1110.00,1110.00,1377.00,1377.00,1491.00,1614.00,1779.00,1380.00,1545.00,1695.00,1875.00,2025.00,1515.00,1671.00,1836.00,1377.00,1428.00,1707.00,2004.00,2220.00,2259.00,2304.00,2304.00,2304.00,2304.00
AK405,1125.00,1125.00,1125.00,1125.00,1365.00,1365.00,1428.00,1563.00,1662.00,1368.00,1560.00,1671.00,1842.00,1926.00,1500.00,1641.00,1821.00,1365.00,1431.00,1704.00,1914.00,1971.00,2058.00,2100.00,2100.00,2100.00,2100.00
AL001,618.00,618.00,618.00,618.00,705.00,900.00,912.00,927.00,1020.00,900.00,918.00,1032.00,1203.00,1221.00,915.00,996.00,1197.00,747.00,894.00,1068.00,1218.00,1230.00,1251.00,1275.00,1275.00,1275.00,1275.00
AL002,687.00,687.00,687.00,687.00,789.00,942.00,1020.00,1107.00,1200.00,942.00,1092.00,1164.00,1281.00,1389.00,1053.00,1149.00,1254.00,807.00,1005.00,1182.00,1374.00,1443.00,1551.00,1584.00,1584.00,1584.00,1584.00
AL003,801.00,801.00,801.00,801.00,915.00,984.00,1065.00,1161.00,1185.00,1026.00,1161.00,1188.00,1239.00,1290.00,1146.00,1182.00,1227.00,972.00,1116.00,1197.00,1284.00,1317.00,1371.00,1398.00,1398.00,1398.00,1398.00
AL004,774.00,774.00,774.00,774.00,885.00,948.00,987.00,1059.00,1107.00,969.00,1059.00,1110.00,1191.00,1233.00,1029.00,1095.00,1179.00,942.00,1014.00,1125.00,1248.00,1449.00,1464.00,1476.00,1476.00,1476.00,1476.00
AL005,843.00,843.00,843.00,843.00,945.00,1002.00,1053.00,1128.00,1209.00,1029.00,1128.00,1182.00,1245.00,1374.00,1107.00,1161.00,1227.00,993.00,1089.00,1176.00,1356.00,1440.00,1575.00,1605.00,1605.00,1605.00,1605.00
AL006,681.00,681.00,681.00,681.00,783.00,915.00,939.00,1023.00,1098.00,915.00,1020.00,1107.00,1227.00,1257.00,975.00,1083.00,1218.00,840.00,951.00,1131.00,1254.00,1281.00,1305.00,1332.00,1332.00,1332.00,1332.00
AL007,819.00,819.00,819.00,819.00,900.00,1044.00,1068.00,1194.00,1269.00,1044.00,1191.00,1278.00,1398.00,1431.00,1146.00,1254.00,1389.00,939.00,1110.00,1302.00,1428.00,1614.00,1629.00,1647.00,1647.00,1647.00,1647.00
AL008,717.00,717.00,717.00,717.00,804.00,867.00,933.00,1038.00,1083.00,897.00,1038.00,1089.00,1176.00,1254.00,1008.00,1074.00,1155.00,846.00,981.00,1104.00,1245.00,1311.00,1374.00,1404.00,1404.00,1404.00,1404.00
AR010,699.00,699.00,699.00,699.00,804.00,903.00,951.00,1047.00,1107.00,903.00,1044.00,1113.00,1218.00,1284.00,1008.00,1092.00,1203.00,858.00,981.00,1131.00,1275.00,1386.00,1401.00,1413.00,1413.00,1413.00,1413.00
AR011,642.00,642.00,642.00,642.00,741.00,801.00,858.00,933.00,957.00,831.00,933.00,960.00,999.00,1023.00,918.00,951.00,993.00,792.00,897.00,966.00,1020.00,1035.00,1059.00,1080.00,1080.00,1080.00,1080.00
AR012,588.00,588.00,588.00,588.00,678.00,777.00,792.00,876.00,936.00,777.00,873.00,942.00,1038.00,1062.00,834.00,924.00,1035.00,729.00,816.00,963.00,1059.00,1089.00,1101.00,1116.00,1116.00,1116.00,1116.00
AR411,612.00,612.00,612.00,612.00,681.00,786.00,816.00,912.00,963.00,786.00,909.00,969.00,1056.00,1098.00,879.00,951.00,1047.00,714.00,849.00,987.00,1122.00,1305.00,1317.00,1332.00,1332.00,1332.00,1332.00
AR419,636.00,636.00,636.00,636.00,711.00,783.00,855.00,969.00,996.00,813.00,966.00,999.00,1059.00,1122.00,948.00,990.00,1041.00,750.00,915.00,1008.00,1113.00,1152.00,1218.00,1242.00,1242.00,1242.00,1242.00
AZ013,909.00,909.00,909.00,909.00,1008.00,1083.00,1203.00,1356.00,1392.00,1143.00,1356.00,1395.00,1449.00,1470.00,1335.00,1383.00,1443.00,1056.00,1287.00,1404.00,1467.00,1479.00,1500.00,1530.00,1530.00,1530.00,1530.00
AZ014,714.00,714.00,714.00,714.00,780.00,882.00,984.00,1095.00,1179.00,882.00,1029.00,1167.00,1209.00,1344.00,1005.00,1146.00,1185.00,813.00,939.00,1161.00,1326.00,1413.00,1554.00,1584.00,1584.00,1584.00,1584.00
AZ015,768.00,768.00,768.00,768.00,858.00,972.00,1029.00,1161.00,1212.00,984.00,1158.00,1218.00,1299.00,1317.00,1128.00,1200.00,1296.00,921.00,1092.00,1236.00,1314.00,1326.00,1344.00,1371.00,1371.00,1371.00,1371.00
AZ016,762.00,762.00,762.00,762.00,870.00,963.00,1008.00,1122.00,1185.00,972.00,1119.00,1191.00,1293.00,1329.00,1083.00,1170.00,1284.00,924.00,1056.00,1212.00,1326.00,1350.00,1386.00,1416.00,1416.00,1416.00,1416.00
CA018,1347.00,1347.00,1347.00,1347.00,1554.00,1725.00,1824.00,1989.00,2109.00,1737.00,1986.00,2121.00,2331.00,2466.00,1914.00,2082.00,2298.00,1656.00,1869.00,2160.00,2445.00,2532.00,2667.00,2721.00,2721.00,2721.00,2721.00
CA019,1980.00,1980.00,1980.00,1980.00,2196.00,2319.00,2439.00,2604.00,2667.00,2382.00,2601.00,2673.00,2787.00,2868.00,2562.00,2652.00,2766.00,2301.00,2517.00,2691.00,2859.00,2910.00,2997.00,3057.00,3057.00,3057.00,3057.00
CA021,651.00,651.00,651.00,651.00,729.00,885.00,903.00,1002.00,1071.00,885.00,1002.00,1077.00,1185.00,1209.00,960.00,1056.00,1179.00,774.00,927.00,1098.00,1206.00,1227.00,1251.00,1275.00,1275.00,1275.00,1275.00
CA022,900.00,900.00,900.00,900.00,981.00,1035.00,1131.00,1257.00,1305.00,1086.00,1257.00,1308.00,1386.00,1419.00,1227.00,1293.00,1380.00,1020.00,1191.00,1323.00,1416.00,1437.00,1470.00,1497.00,1497.00,1497.00,1497.00
CA023,765.00,765.00,765.00,765.00,858.00,939.00,1026.00,1137.00,1170.00,987.00,1137.00,1173.00,1248.00,1359.00,1116.00,1161.00,1218.00,927.00,1083.00,1182.00,1344.00,1416.00,1530.00,1563.00,1563.00,1563.00,1563.00
CA024,1263.00,1263.00,1263.00,1263.00,1473.00,1590.00,1683.00,1830.00,1920.00,1638.00,1830.00,1926.00,2079.00,2169.00,1776.00,1899.00,2058.00,1578.00,1740.00,1956.00,2157.00,2217.00,2310.00,2355.00,2355.00,2355.00,2355.00
CA025,1455.00,1455.00,1455.00,1455.00,1548.00,1644.00,1755.00,1878.00,2013.00,1650.00,1854.00,1998.00,2229.00,2379.00,1779.00,1959.00,2190.00,1593.00,1743.00,2040.00,2358.00,2454.00,2607.00,2658.00,2658.00,2658.00,2658.00
CA026,1005.00,1005.00,1005.00,1005.00,1146.00,1245.00,1347.00,1485.00,1536.00,1299.00,1482.00,1542.00,1632.00,1689.00,1452.00,1524.00,1620.00,1230.00,1413.00,1560.00,1680.00,1716.00,1773.00,1806.00,1806.00,1806.00,1806.00
CA027,1509.00,1509.00,1509.00,1509.00,1692.00,1800.00,1926.00,2064.00,2076.00,1866.00,2064.00,2079.00,2103.00,2133.00,2058.00,2076.00,2097.00,1782.00,2010.00,2082.00,2130.00,2148.00,2178.00,2223.00,2223.00,2223.00,2223.00
CA028,762.00,762.00,762.00,762.00,858.00,954.00,1020.00,1125.00,1182.00,987.00,1125.00,1188.00,1287.00,1344.00,1089.00,1170.00,1272.00,942.00,1065.00,1206.00,1335.00,1371.00,1431.00,1458.00,1458.00,1458.00,1458.00
CA031,945.00,945.00,945.00,945.00,1059.00,1200.00,1224.00,1356.00,1452.00,1200.00,1353.00,1461.00,1608.00,1641.00,1296.00,1428.00,1599.00,1116.00,1266.00,1491.00,1635.00,1656.00,1689.00,1725.00,1725.00,1725.00,1725.00
CA032,720.00,720.00,720.00,720.00,825.00,915.00,966.00,1071.00,1128.00,933.00,1071.00,1134.00,1236.00,1305.00,1035.00,1116.00,1218.00,888.00,1011.00,1152.00,1296.00,1338.00,1410.00,1437.00,1437.00,1437.00,1437.00
CA033,927.00,927.00,927.00,927.00,1077.00,1164.00,1239.00,1344.00,1437.00,1203.00,1341.00,1386.00,1482.00,1626.00,1317.00,1374.00,1467.00,1152.00,1290.00,1401.00,1605.00,1704.00,1848.00,1884.00,1884.00,1884.00,1884.00
CA034,1149.00,1149.00,1149.00,1149.00,1302.00,1398.00,1536.00,1713.00,1767.00,1470.00,1713.00,1773.00,1869.00,1938.00,1680.00,1755.00,1854.00,1377.00,1626.00,1791.00,1929.00,1974.00,2046.00,2085.00,2085.00,2085.00,2085.00
CA035,891.00,891.00,891.00,891.00,978.00,1044.00,1125.00,1254.00,1308.00,1083.00,1251.00,1311.00,1404.00,1467.00,1221.00,1296.00,1389.00,1020.00,1185.00,1329.00,1458.00,1497.00,1560.00,1593.00,1593.00,1593.00,1593.00
CA036,1332.00,1332.00,1332.00,1332.00,1476.00,1554.00,1602.00,1689.00,1746.00,1578.00,1689.00,1752.00,1851.00,1923.00,1653.00,1734.00,1833.00,1545.00,1635.00,1770.00,1914.00,1959.00,2034.00,2076.00,2076.00,2076.00,2076.00
CA037,1458.00,1458.00,1458.00,1458.00,1662.00,1797.00,1917.00,2121.00,2229.00,1851.00,2118.00,2238.00,2427.00,2547.00,2052.00,2205.00,2397.00,1761.00,2004.00,2274.00,2532.00,2607.00,2733.00,2787.00,2787.00,2787.00,2787.00
CA038,1419.00,1419.00,1419.00,1419.00,1653.00,1800.00,1899.00,2025.00,2067.00,1851.00,2025.00,2073.00,2151.00,2226.00,1998.00,2058.00,2133.00,1785.00,1962.00,2085.00,2217.00,2262.00,2337.00,2385.00,2385.00,2385.00,2385.00
CA039,1314.00,1314.00,1314.00,1314.00,1464.00,1758.00,1845.00,2028.00,2151.00,1761.00,2025.00,2163.00,2373.00,2487.00,1950.00,2124.00,2343.00,1557.00,1884.00,2202.00,2472.00,2544.00,2664.00,2715.00,2715.00,2715.00,2715.00
CA040,777.00,777.00,777.00,777.00,867.00,921.00,987.00,1068.00,1164.00,945.00,1059.00,1125.00,1239.00,1341.00,1020.00,1107.00,1215.00,912.00,1002.00,1146.00,1326.00,1392.00,1497.00,1527.00,1527.00,1527.00,1527.00
CA041,1116.00,1116.00,1116.00,1116.00,1254.00,1332.00,1497.00,1692.00,1725.00,1416.00,1692.00,1728.00,1785.00,1827.00,1671.00,1716.00,1773.00,1302.00,1608.00,1737.00,1821.00,1848.00,1890.00,1929.00,1929.00,1929.00,1929.00
CA042,768.00,768.00,768.00,768.00,870.00,1134.00,1158.00,1197.00,1320.00,1134.00,1194.00,1332.00,1521.00,1551.00,1161.00,1293.00,1512.00,927.00,1128.00,1371.00,1545.00,1566.00,1599.00,1629.00,1629.00,1629.00,1629.00
CA044,1452.00,1452.00,1452.00,1452.00,1650.00,1785.00,1947.00,2154.00,2217.00,1869.00,2151.00,2223.00,2337.00,2427.00,2112.00,2202.00,2313.00,1758.00,2052.00,2241.00,2415.00,2475.00,2568.00,2619.00,2619.00,2619.00,2619.00
CA392,1038.00,1038.00,1038.00,1038.00,1158.00,1398.00,1452.00,1578.00,1689.00,1398.00,1575.00,1698.00,1881.00,1956.00,1506.00,1662.00,1863.00,1260.00,1464.00,1734.00,1947.00,1995.00,2073.00,2115.00,2115.00,2115.00,2115.00
CA393,1104.00,1104.00,1104.00,1104.00,1329.00,1440.00,1455.00,1500.00,1545.00,1449.00,1497.00,1548.00,1623.00,1644.00,1470.00,1533.00,1617.00,1440.00,1464.00,1563.00,1641.00,1656.00,1677.00,1710.00,1710.00,1710.00,1710.00
CA420,747.00,747.00,747.00,747.00,858.00,924.00,1002.00,1104.00,1143.00,963.00,1104.00,1149.00,1230.00,1320.00,1080.00,1134.00,1206.00,912.00,1050.00,1161.00,1308.00,1365.00,1458.00,1488.00,1488.00,1488.00,1488.00
CA421,840.00,840.00,840.00,840.00,945.00,1059.00,1149.00,1248.00,1350.00,1059.00,1209.00,1314.00,1440.00,1563.00,1170.00,1296.00,1410.00,996.00,1134.00,1320.00,1545.00,1623.00,1749.00,1785.00,1785.00,1785.00,1785.00
CA457,990.00,990.00,990.00,990.00,1059.00,1212.00,1275.00,1377.00,1470.00,1215.00,1374.00,1479.00,1638.00,1722.00,1317.00,1449.00,1617.00,1092.00,1278.00,1509.00,1710.00,1764.00,1851.00,1890.00,1890.00,1890.00,1890.00
CO045,963.00,963.00,963.00,963.00,1095.00,1191.00,1293.00,1485.00,1524.00,1218.00,1482.00,1527.00,1620.00,1755.00,1458.00,1515.00,1587.00,1110.00,1398.00,1539.00,1734.00,1821.00,1959.00,1998.00,1998.00,1998.00,1998.00
CO046,825.00,825.00,825.00,825.00,924.00,987.00,1068.00,1173.00,1206.00,1029.00,1173.00,1209.00,1281.00,1371.00,1152.00,1200.00,1257.00,975.00,1122.00,1221.00,1359.00,1416.00,1509.00,1539.00,1539.00,1539.00,1539.00
CO047,756.00,756.00,756.00,756.00,834.00,942.00,993.00,1059.00,1137.00,945.00,1059.00,1143.00,1272.00,1338.00,1011.00,1119.00,1257.00,873.00,987.00,1167.00,1329.00,1371.00,1440.00,1470.00,1470.00,1470.00,1470.00
CO422,1002.00,1002.00,1002.00,1002.00,1119.00,1314.00,1368.00,1518.00,1608.00,1314.00,1515.00,1617.00,1770.00,1842.00,1461.00,1590.00,1752.00,1176.00,1413.00,1647.00,1830.00,1878.00,1950.00,1989.00,1989.00,1989.00,1989.00
CT049,1041.00,1041.00,1041.00,1041.00,1188.00,1278.00,1389.00,1524.00,1551.00,1335.00,1524.00,1554.00,1626.00,1746.00,1506.00,1545.00,1599.00,1260.00,1464.00,1566.00,1728.00,1803.00,1926.00,1965.00,1965.00,1965.00,1965.00
CT050,1176.00,1176.00,1176.00,1176.00,1320.00,1452.00,1581.00,1794.00,1848.00,1497.00,1794.00,1854.00,1971.00,2118.00,1758.00,1836.00,1935.00,1377.00,1695.00,1872.00,2097.00,2307.00,2340.00,2385.00,2385.00,2385.00,2385.00
CT051,1635.00,1635.00,1635.00,1635.00,1803.00,1902.00,2007.00,2148.00,2265.00,1956.00,2148.00,2208.00,2349.00,2574.00,2112.00,2190.00,2313.00,1887.00,2073.00,2226.00,2544.00,2688.00,2922.00,2979.00,2979.00,2979.00,2979.00
DC053,1356.00,1356.00,1356.00,1356.00,1551.00,1698.00,1803.00,2007.00,2106.00,1737.00,2001.00,2115.00,2280.00,2343.00,1941.00,2082.00,2265.00,1647.00,1890.00,2148.00,2334.00,2373.00,2436.00,2487.00,2487.00,2487.00,2487.00
DE054,978.00,978.00,978.00,978.00,1074.00,1152.00,1224.00,1362.00,1428.00,1182.00,1359.00,1437.00,1545.00,1584.00,1320.00,1413.00,1536.00,1119.00,1284.00,1458.00,1578.00,1605.00,1644.00,1677.00,1677.00,1677.00,1677.00
DE055,1035.00,1035.00,1035.00,1035.00,1176.00,1257.00,1317.00,1419.00,1482.00,1287.00,1416.00,1488.00,1593.00,1653.00,1377.00,1467.00,1581.00,1248.00,1356.00,1506.00,1644.00,1680.00,1740.00,1773.00,1773.00,1773.00,1773.00
FL056,912.00,912.00,912.00,912.00,1080.00,1182.00,1218.00,1281.00,1317.00,1200.00,1278.00,1320.00,1383.00,1425.00,1257.00,1308.00,1371.00,1176.00,1245.00,1329.00,1419.00,1461.00,1491.00,1521.00,1521.00,1521.00,1521.00
FL057,885.00,885.00,885.00,885.00,1005.00,1098.00,1185.00,1296.00,1329.00,1143.00,1296.00,1332.00,1401.00,1503.00,1278.00,1320.00,1377.00,1083.00,1245.00,1341.00,1491.00,1554.00,1659.00,1692.00,1692.00,1692.00,1692.00
FL058,867.00,867.00,867.00,867.00,993.00,1083.00,1161.00,1287.00,1347.00,1119.00,1284.00,1353.00,1452.00,1476.00,1248.00,1335.00,1443.00,1059.00,1215.00,1374.00,1473.00,1503.00,1518.00,1548.00,1548.00,1548.00,1548.00
FL059,819.00,819.00,819.00,819.00,924.00,1194.00,1212.00,1266.00,1392.00,1194.00,1260.00,1404.00,1596.00,1620.00,1215.00,1362.00,1590.00,972.00,1188.00,1443.00,1617.00,1632.00,1656.00,1689.00,1689.00,1689.00,1689.00
FL061,1311.00,1311.00,1311.00,1311.00,1476.00,1569.00,1659.00,1785.00,1839.00,1617.00,1785.00,1842.00,1953.00,2079.00,1752.00,1827.00,1920.00,1557.00,1719.00,1860.00,2061.00,2145.00,2277.00,2322.00,2322.00,2322.00,2322.00
FL062,1011.00,1011.00,1011.00,1011.00,1134.00,1215.00,1338.00,1479.00,1509.00,1278.00,1479.00,1512.00,1563.00,1593.00,1461.00,1503.00,1554.00,1194.00,1416.00,1521.00,1590.00,1611.00,1644.00,1677.00,1677.00,1677.00,1677.00
FL063,885.00,885.00,885.00,885.00,1020.00,1092.00,1143.00,1227.00,1275.00,1119.00,1224.00,1281.00,1368.00,1425.00,1194.00,1266.00,1356.00,1083.00,1176.00,1296.00,1419.00,1455.00,1512.00,1542.00,1542.00,1542.00,1542.00
FL064,816.00,816.00,816.00,816.00,969.00,1047.00,1080.00,1146.00,1200.00,1065.00,1146.00,1206.00,1293.00,1326.00,1113.00,1188.00,1284.00,1044.00,1101.00,1224.00,1323.00,1344.00,1377.00,1407.00,1407.00,1407.00,1407.00
FL065,912.00,912.00,912.00,912.00,1005.00,1059.00,1104.00,1188.00,1242.00,1083.00,1185.00,1248.00,1341.00,1392.00,1152.00,1230.00,1329.00,1053.00,1134.00,1266.00,1383.00,1503.00,1518.00,1533.00,1533.00,1533.00,1533.00
FL066,1122.00,1122.00,1122.00,1122.00,1248.00,1428.00,1506.00,1710.00,1785.00,1431.00,1707.00,1794.00,1920.00,1977.00,1662.00,1770.00,1905.00,1329.00,1605.00,1818.00,1968.00,2007.00,2067.00,2106.00,2106.00,2106.00,2106.00
FL067,1125.00,1125.00,1125.00,1125.00,1272.00,1437.00,1491.00,1680.00,1770.00,1437.00,1677.00,1779.00,1932.00,2001.00,1623.00,1749.00,1914.00,1347.00,1575.00,1809.00,1992.00,2037.00,2109.00,2151.00,2151.00,2151.00,2151.00
FL068,801.00,801.00,801.00,801.00,942.00,1023.00,1074.00,1158.00,1215.00,1050.00,1158.00,1221.00,1308.00,1323.00,1122.00,1203.00,1305.00,1017.00,1104.00,1239.00,1323.00,1377.00,1392.00,1404.00,1404.00,1404.00,1404.00
FL069,1452.00,1452.00,1452.00,1452.00,1662.00,2022.00,2031.00,2190.00,2385.00,2022.00,2184.00,2403.00,2697.00,2712.00,2064.00,2340.00,2694.00,1806.00,2019.00,2466.00,2709.00,2721.00,2736.00,2790.00,2790.00,2790.00,2790.00
FL070,843.00,843.00,843.00,843.00,951.00,1077.00,1170.00,1284.00,1362.00,1080.00,1281.00,1347.00,1467.00,1590.00,1245.00,1329.00,1437.00,1008.00,1203.00,1368.00,1572.00,1650.00,1776.00,1812.00,1812.00,1812.00,1812.00
FL397,744.00,744.00,744.00,744.00,858.00,939.00,996.00,1101.00,1158.00,963.00,1101.00,1164.00,1263.00,1314.00,1065.00,1146.00,1251.00,915.00,1041.00,1182.00,1308.00,1440.00,1455.00,1470.00,1470.00,1470.00,1470.00
FL423,885.00,885.00,885.00,885.00,957.00,1104.00,1134.00,1227.00,1320.00,1104.00,1224.00,1329.00,1479.00,1521.00,1167.00,1299.00,1470.00,990.00,1137.00,1362.00,1515.00,1542.00,1581.00,1614.00,1614.00,1614.00,1614.00
FL424,1023.00,1023.00,1023.00,1023.00,1134.00,1242.00,1374.00,1518.00,1539.00,1311.00,1518.00,1539.00,1602.00,1740.00,1506.00,1533.00,1566.00,1224.00,1458.00,1545.00,1722.00,1809.00,1953.00,1992.00,1992.00,1992.00,1992.00
GA071,864.00,864.00,864.00,864.00,978.00,1047.00,1119.00,1224.00,1275.00,1086.00,1224.00,1278.00,1371.00,1437.00,1194.00,1263.00,1353.00,1035.00,1167.00,1296.00,1428.00,1470.00,1542.00,1572.00,1572.00,1572.00,1572.00
GA072,741.00,741.00,741.00,741.00,816.00,861.00,921.00,996.00,1050.00,891.00,993.00,1020.00,1074.00,1173.00,981.00,1011.00,1086.00,852.00,960.00,1026.00,1200.00,1350.00,1365.00,1377.00,1377.00,1377.00,1377.00
GA073,738.00,738.00,738.00,738.00,843.00,945.00,987.00,1107.00,1167.00,948.00,1104.00,1173.00,1263.00,1275.00,1068.00,1152.00,1260.00,894.00,1038.00,1191.00,1275.00,1434.00,1446.00,1461.00,1461.00,1461.00,1461.00
GA074,801.00,801.00,801.00,801.00,870.00,1011.00,1056.00,1107.00,1200.00,1014.00,1101.00,1209.00,1365.00,1425.00,1068.00,1179.00,1350.00,903.00,1020.00,1239.00,1416.00,1455.00,1518.00,1548.00,1548.00,1548.00,1548.00
GA075,894.00,894.00,894.00,894.00,957.00,1029.00,1050.00,1155.00,1239.00,1029.00,1155.00,1248.00,1371.00,1380.00,1104.00,1221.00,1371.00,987.00,1083.00,1275.00,1377.00,1383.00,1389.00,1419.00,1419.00,1419.00,1419.00
GA076,879.00,879.00,879.00,879.00,936.00,969.00,1008.00,1059.00,1161.00,990.00,1056.00,1131.00,1170.00,1287.00,1047.00,1110.00,1179.00,963.00,1032.00,1125.00,1266.00,1359.00,1506.00,1536.00,1536.00,1536.00,1536.00
GA077,990.00,990.00,990.00,990.00,1065.00,1116.00,1182.00,1302.00,1374.00,1149.00,1299.00,1380.00,1512.00,1599.00,1254.00,1356.00,1488.00,1101.00,1227.00,1404.00,1587.00,1641.00,1731.00,1767.00,1767.00,1767.00,1767.00
GA078,771.00,771.00,771.00,771.00,837.00,876.00,918.00,993.00,1041.00,897.00,990.00,1044.00,1134.00,1200.00,960.00,1029.00,1116.00,870.00,945.00,1062.00,1191.00,1239.00,1302.00,1329.00,1329.00,1329.00,1329.00
GA079,729.00,729.00,729.00,729.00,798.00,879.00,951.00,1086.00,1119.00,900.00,1086.00,1122.00,1185.00,1233.00,1065.00,1113.00,1173.00,825.00,1023.00,1134.00,1227.00,1257.00,1305.00,1332.00,1332.00,1332.00,1332.00
GA080,918.00,918.00,918.00,918.00,990.00,1080.00,1098.00,1191.00,1287.00,1080.00,1188.00,1296.00,1446.00,1470.00,1128.00,1266.00,1440.00,1026.00,1110.00,1329.00,1467.00,1482.00,1506.00,1536.00,1536.00,1536.00,1536.00
GA081,690.00,690.00,690.00,690.00,801.00,870.00,921.00,1008.00,1062.00,897.00,1008.00,1068.00,1161.00,1212.00,975.00,1050.00,1149.00,861.00,954.00,1086.00,1203.00,1293.00,1305.00,1317.00,1317.00,1317.00,1317.00
HI407,1317.00,1317.00,1317.00,1317.00,1548.00,1674.00,1752.00,1872.00,1938.00,1713.00,1869.00,1944.00,2049.00,2082.00,1830.00,1923.00,2040.00,1662.00,1800.00,1965.00,2076.00,2100.00,2133.00,2175.00,2175.00,2175.00,2175.00
HI408,1572.00,1572.00,1572.00,1572.00,1794.00,1917.00,2004.00,2163.00,2274.00,1965.00,2160.00,2283.00,2472.00,2580.00,2094.00,2250.00,2445.00,1905.00,2061.00,2319.00,2565.00,2634.00,2745.00,2799.00,2799.00,2799.00,2799.00
HI409,1062.00,1062.00,1062.00,1062.00,1227.00,1362.00,1419.00,1545.00,1650.00,1389.00,1542.00,1659.00,1824.00,1857.00,1476.00,1626.00,1815.00,1350.00,1455.00,1692.00,1851.00,1875.00,1908.00,1947.00,1947.00,1947.00,1947.00
HI414,1302.00,1302.00,1302.00,1302.00,1455.00,1605.00,1746.00,1926.00,1977.00,1677.00,1923.00,1983.00,2064.00,2082.00,1893.00,1965.00,2061.00,1581.00,1839.00,2001.00,2079.00,2313.00,2337.00,2361.00,2361.00,2361.00,2361.00
IA082,795.00,795.00,795.00,795.00,888.00,1026.00,1065.00,1155.00,1239.00,1026.00,1152.00,1245.00,1380.00,1434.00,1104.00,1221.00,1368.00,933.00,1074.00,1272.00,1425.00,1461.00,1515.00,1545.00,1545.00,1545.00,1545.00
IA083,675.00,675.00,675.00,675.00,762.00,933.00,942.00,1020.00,1107.00,933.00,1017.00,1116.00,1248.00,1260.00,963.00,1086.00,1245.00,807.00,936.00,1143.00,1260.00,1338.00,1350.00,1365.00,1365.00,1365.00,1365.00
IA330,660.00,660.00,660.00,660.00,714.00,795.00,840.00,945.00,990.00,795.00,942.00,993.00,1074.00,1137.00,915.00,978.00,1059.00,741.00,885.00,1008.00,1128.00,1167.00,1227.00,1254.00,1254.00,1254.00,1254.00
IA331,699.00,699.00,699.00,699.00,792.00,933.00,993.00,1065.00,1158.00,933.00,1062.00,1140.00,1263.00,1344.00,1020.00,1116.00,1242.00,843.00,990.00,1161.00,1332.00,1464.00,1479.00,1497.00,1497.00,1497.00,1497.00
IA332,609.00,609.00,609.00,609.00,729.00,819.00,876.00,939.00,1020.00,819.00,903.00,981.00,1110.00,1188.00,888.00,969.00,1089.00,795.00,825.00,996.00,1176.00,1227.00,1308.00,1332.00,1332.00,1332.00,1332.00
IA389,654.00,654.00,654.00,654.00,735.00,786.00,843.00,924.00,957.00,816.00,924.00,960.00,1014.00,1047.00,903.00,948.00,1005.00,777.00,882.00,969.00,1041.00,1062.00,1098.00,1119.00,1119.00,1119.00,1119.00
IA425,741.00,741.00,741.00,741.00,816.00,975.00,1008.00,1113.00,1185.00,975.00,1110.00,1191.00,1311.00,1359.00,1068.00,1170.00,1299.00,855.00,1032.00,1215.00,1353.00,1560.00,1575.00,1590.00,1590.00,1590.00,1590.00
ID084,756.00,756.00,756.00,756.00,798.00,828.00,888.00,978.00,1017.00,861.00,975.00,1020.00,1086.00,1119.00,951.00,1008.00,1080.00,819.00,930.00,1032.00,1116.00,1137.00,1170.00,1194.00,1194.00,1194.00,1194.00
ID085,645.00,645.00,645.00,645.00,714.00,780.00,864.00,957.00,963.00,825.00,957.00,966.00,996.00,1071.00,951.00,963.00,975.00,768.00,921.00,966.00,1059.00,1107.00,1185.00,1209.00,1209.00,1209.00,1209.00
ID086,675.00,675.00,675.00,675.00,741.00,810.00,894.00,984.00,1065.00,831.00,984.00,1044.00,1107.00,1221.00,960.00,1026.00,1080.00,774.00,927.00,1038.00,1203.00,1275.00,1389.00,1419.00,1419.00,1419.00,1419.00
ID333,606.00,606.00,606.00,606.00,684.00,978.00,1014.00,1056.00,1122.00,978.00,1032.00,1122.00,1317.00,1365.00,1023.00,1083.00,1305.00,717.00,972.00,1164.00,1359.00,1389.00,1440.00,1470.00,1470.00,1470.00,1470.00
IL088,870.00,870.00,870.00,870.00,975.00,1038.00,1113.00,1227.00,1287.00,1077.00,1224.00,1293.00,1386.00,1413.00,1188.00,1272.00,1380.00,1026.00,1161.00,1311.00,1410.00,1425.00,1452.00,1482.00,1482.00,1482.00,1482.00
IL089,687.00,687.00,687.00,687.00,780.00,948.00,981.00,1020.00,1104.00,948.00,999.00,1113.00,1275.00,1320.00,990.00,1080.00,1263.00,825.00,942.00,1146.00,1314.00,1344.00,1395.00,1422.00,1422.00,1422.00,1422.00
IL090,756.00,756.00,756.00,756.00,852.00,972.00,1008.00,1143.00,1203.00,972.00,1140.00,1209.00,1299.00,1308.00,1104.00,1188.00,1296.00,900.00,1068.00,1227.00,1308.00,1314.00,1323.00,1350.00,1350.00,1350.00,1350.00
IL092,864.00,864.00,864.00,864.00,966.00,1134.00,1167.00,1329.00,1398.00,1134.00,1326.00,1404.00,1521.00,1566.00,1281.00,1383.00,1509.00,1023.00,1239.00,1428.00,1560.00,1602.00,1638.00,1671.00,1671.00,1671.00,1671.00
IL093,792.00,792.00,792.00,792.00,912.00,1026.00,1086.00,1179.00,1251.00,1026.00,1176.00,1257.00,1389.00,1470.00,1131.00,1236.00,1368.00,978.00,1104.00,1281.00,1458.00,1512.00,1596.00,1626.00,1626.00,1626.00,1626.00
IL325,1209.00,1209.00,1209.00,1209.00,1419.00,1536.00,1611.00,1746.00,1833.00,1575.00,1743.00,1842.00,1977.00,1992.00,1689.00,1815.00,1974.00,1524.00,1662.00,1872.00,1989.00,1998.00,2013.00,2052.00,2052.00,2052.00,2052.00
IL335,789.00,789.00,789.00,789.00,849.00,894.00,927.00,1017.00,1083.00,909.00,1014.00,1089.00,1191.00,1203.00,972.00,1068.00,1191.00,879.00,957.00,1113.00,1200.00,1206.00,1215.00,1239.00,1239.00,1239.00,1239.00
IL366,816.00,816.00,816.00,816.00,957.00,1224.00,1263.00,1347.00,1458.00,1224.00,1344.00,1467.00,1644.00,1695.00,1275.00,1431.00,1629.00,987.00,1218.00,1503.00,1689.00,1722.00,1776.00,1812.00,1812.00,1812.00,1812.00
IL427,705.00,705.00,705.00,705.00,792.00,894.00,948.00,1083.00,1125.00,897.00,1083.00,1128.00,1194.00,1206.00,1056.00,1116.00,1191.00,825.00,1017.00,1143.00,1206.00,1212.00,1224.00,1251.00,1251.00,1251.00,1251.00
IN094,810.00,810.00,810.00,810.00,933.00,1002.00,1065.00,1149.00,1182.00,1035.00,1149.00,1185.00,1242.00,1281.00,1131.00,1173.00,1230.00,993.00,1107.00,1194.00,1275.00,1338.00,1350.00,1371.00,1371.00,1371.00,1371.00
IN096,813.00,813.00,813.00,813.00,915.00,975.00,1032.00,1104.00,1125.00,1005.00,1101.00,1128.00,1170.00,1194.00,1089.00,1122.00,1161.00,966.00,1068.00,1134.00,1191.00,1209.00,1236.00,1260.00,1260.00,1260.00,1260.00
IN097,651.00,651.00,651.00,651.00,735.00,822.00,867.00,978.00,1023.00,828.00,975.00,1026.00,1107.00,1149.00,948.00,1014.00,1095.00,774.00,918.00,1041.00,1143.00,1266.00,1278.00,1290.00,1290.00,1290.00,1290.00
IN099,726.00,726.00,726.00,726.00,810.00,927.00,975.00,1110.00,1161.00,927.00,1110.00,1164.00,1242.00,1269.00,1080.00,1149.00,1236.00,858.00,1041.00,1179.00,1266.00,1281.00,1308.00,1335.00,1335.00,1335.00,1335.00
IN337,669.00,669.00,669.00,669.00,750.00,828.00,891.00,1008.00,1044.00,849.00,1008.00,1050.00,1107.00,1125.00,984.00,1038.00,1104.00,789.00,951.00,1062.00,1122.00,1176.00,1188.00,1200.00,1200.00,1200.00,1200.00
IN338,639.00,639.00,639.00,639.00,735.00,813.00,855.00,948.00,1002.00,828.00,945.00,1005.00,1095.00,1131.00,915.00,990.00,1086.00,789.00,894.00,1023.00,1125.00,1149.00,1188.00,1212.00,1212.00,1212.00,1212.00
IN399,702.00,702.00,702.00,702.00,762.00,864.00,939.00,1029.00,1104.00,864.00,1029.00,1080.00,1176.00,1275.00,999.00,1065.00,1149.00,789.00,963.00,1095.00,1263.00,1326.00,1431.00,1461.00,1461.00,1461.00,1461.00
KS100,768.00,768.00,768.00,768.00,861.00,1056.00,1062.00,1173.00,1263.00,1056.00,1170.00,1272.00,1410.00,1419.00,1113.00,1242.00,1410.00,930.00,1083.00,1302.00,1416.00,1422.00,1431.00,1458.00,1458.00,1458.00,1458.00
KS101,669.00,669.00,669.00,669.00,768.00,906.00,975.00,1059.00,1140.00,906.00,1059.00,1122.00,1230.00,1323.00,1023.00,1104.00,1206.00,783.00,978.00,1140.00,1311.00,1371.00,1470.00,1497.00,1497.00,1497.00,1497.00
KS102,663.00,663.00,663.00,663.00,747.00,918.00,981.00,1047.00,1143.00,921.00,1023.00,1110.00,1245.00,1326.00,993.00,1083.00,1224.00,789.00,942.00,1134.00,1317.00,1422.00,1452.00,1482.00,1482.00,1482.00,1482.00
KS104,735.00,735.00,735.00,735.00,843.00,903.00,963.00,1056.00,1116.00,933.00,1053.00,1116.00,1221.00,1305.00,1017.00,1098.00,1200.00,894.00,996.00,1134.00,1293.00,1347.00,1431.00,1461.00,1461.00,1461.00,1461.00
KS105,684.00,684.00,684.00,684.00,771.00,939.00,963.00,1071.00,1140.00,939.00,1068.00,1146.00,1257.00,1293.00,1026.00,1125.00,1251.00,795.00,987.00,1170.00,1287.00,1308.00,1344.00,1371.00,1371.00,1371.00,1371.00
KS334,588.00,588.00,588.00,588.00,666.00,744.00,789.00,879.00,921.00,759.00,876.00,927.00,1005.00,1059.00,849.00,912.00,993.00,720.00,828.00,942.00,1053.00,1086.00,1143.00,1164.00,1164.00,1164.00,1164.00
KY106,732.00,732.00,732.00,732.00,804.00,858.00,942.00,1035.00,1113.00,858.00,981.00,1095.00,1170.00,1287.00,963.00,1080.00,1143.00,840.00,879.00,1092.00,1269.00,1344.00,1461.00,1491.00,1491.00,1491.00,1491.00
KY107,699.00,699.00,699.00,699.00,786.00,888.00,939.00,1074.00,1116.00,891.00,1074.00,1122.00,1194.00,1236.00,1047.00,1107.00,1182.00,819.00,1008.00,1134.00,1230.00,1257.00,1299.00,1326.00,1326.00,1326.00,1326.00
KY109,840.00,840.00,840.00,840.00,951.00,1017.00,1104.00,1218.00,1332.00,1062.00,1215.00,1287.00,1356.00,1497.00,1191.00,1266.00,1362.00,1005.00,1158.00,1281.00,1479.00,1578.00,1713.00,1749.00,1749.00,1749.00,1749.00
KY110,612.00,612.00,612.00,612.00,699.00,954.00,981.00,1008.00,1104.00,954.00,996.00,1113.00,1278.00,1314.00,987.00,1080.00,1269.00,726.00,948.00,1149.00,1311.00,1332.00,1371.00,1398.00,1398.00,1398.00,1398.00
KY112,588.00,588.00,588.00,588.00,678.00,738.00,789.00,867.00,921.00,765.00,867.00,912.00,993.00,1065.00,840.00,900.00,975.00,729.00,822.00,927.00,1056.00,1131.00,1176.00,1200.00,1200.00,1200.00,1200.00
KY339,606.00,606.00,606.00,606.00,690.00,738.00,795.00,867.00,942.00,768.00,867.00,906.00,954.00,1056.00,852.00,891.00,963.00,729.00,831.00,903.00,1041.00,1122.00,1209.00,1233.00,1233.00,1233.00,1233.00
KY429,699.00,699.00,699.00,699.00,759.00,798.00,840.00,906.00,984.00,819.00,903.00,939.00,1008.00,1119.00,885.00,930.00,1026.00,789.00,867.00,951.00,1161.00,1341.00,1353.00,1368.00,1368.00,1368.00,1368.00
KY430,615.00,615.00,615.00,615.00,666.00,804.00,849.00,900.00,960.00,804.00,870.00,957.00,1086.00,1149.00,858.00,933.00,1071.00,690.00,801.00,981.00,1140.00,1179.00,1239.00,1266.00,1266.00,1266.00,1266.00
LA113,732.00,732.00,732.00,732.00,867.00,966.00,984.00,1182.00,1224.00,966.00,1182.00,1227.00,1290.00,1302.00,1155.00,1215.00,1287.00,879.00,1095.00,1239.00,1302.00,1365.00,1380.00,1392.00,1392.00,1392.00,1392.00
LA114,966.00,966.00,966.00,966.00,1074.00,1137.00,1206.00,1299.00,1332.00,1173.00,1299.00,1335.00,1404.00,1482.00,1278.00,1326.00,1383.00,1125.00,1254.00,1347.00,1473.00,1662.00,1677.00,1695.00,1695.00,1695.00,1695.00
LA115,639.00,639.00,639.00,639.00,762.00,828.00,852.00,912.00,975.00,840.00,912.00,975.00,1074.00,1146.00,879.00,957.00,1056.00,825.00,870.00,990.00,1134.00,1179.00,1254.00,1278.00,1278.00,1278.00,1278.00
LA116,903.00,903.00,903.00,903.00,1056.00,1206.00,1218.00,1323.00,1431.00,1206.00,1317.00,1443.00,1611.00,1629.00,1251.00,1407.00,1605.00,1131.00,1230.00,1479.00,1629.00,1641.00,1659.00,1692.00,1692.00,1692.00,1692.00
LA117,795.00,795.00,795.00,795.00,885.00,1065.00,1101.00,1152.00,1254.00,1065.00,1146.00,1263.00,1431.00,1479.00,1107.00,1230.00,1419.00,927.00,1059.00,1299.00,1473.00,1578.00,1593.00,1608.00,1608.00,1608.00,1608.00
LA118,792.00,792.00,792.00,792.00,888.00,1053.00,1077.00,1218.00,1290.00,1053.00,1218.00,1299.00,1413.00,1443.00,1173.00,1275.00,1404.00,936.00,1134.00,1320.00,1440.00,1458.00,1491.00,1521.00,1521.00,1521.00,1521.00
LA326,837.00,837.00,837.00,837.00,936.00,1113.00,1173.00,1296.00,1368.00,1116.00,1293.00,1377.00,1503.00,1584.00,1248.00,1353.00,1485.00,981.00,1203.00,1398.00,1572.00,1623.00,1707.00,1740.00,1740.00,1740.00,1740.00
LA370,864.00,864.00,864.00,864.00,966.00,1023.00,1083.00,1167.00,1206.00,1053.00,1164.00,1209.00,1284.00,1362.00,1140.00,1197.00,1266.00,1014.00,1119.00,1221.00,1350.00,1401.00,1479.00,1509.00,1509.00,1509.00,1509.00
LA371,690.00,690.00,690.00,690.00,759.00,906.00,912.00,975.00,1065.00,906.00,972.00,1074.00,1209.00,1218.00,918.00,1044.00,1206.00,792.00,900.00,1104.00,1215.00,1221.00,1230.00,1254.00,1254.00,1254.00,1254.00
MA119,1761.00,1761.00,1761.00,1761.00,2064.00,2259.00,2358.00,2571.00,2742.00,2304.00,2565.00,2757.00,3045.00,3177.00,2460.00,2703.00,3012.00,2232.00,2421.00,2814.00,3159.00,3243.00,3378.00,3444.00,3444.00,3444.00,3444.00
MA120,1575.00,1575.00,1575.00,1575.00,1755.00,1917.00,2112.00,2346.00,2409.00,2019.00,2346.00,2415.00,2517.00,2562.00,2307.00,2394.00,2508.00,1890.00,2235.00,2436.00,2556.00,2649.00,2676.00,2703.00,2703.00,2703.00,2703.00
MA121,1167.00,1167.00,1167.00,1167.00,1320.00,1422.00,1479.00,1620.00,1728.00,1443.00,1617.00,1737.00,1905.00,1938.00,1551.00,1704.00,1896.00,1395.00,1524.00,1773.00,1932.00,1953.00,1986.00,2025.00,2025.00,2025.00,2025.00
MA122,1068.00,1068.00,1068.00,1068.00,1218.00,1311.00,1431.00,1593.00,1653.00,1374.00,1590.00,1659.00,1779.00,1896.00,1554.00,1641.00,1749.00,1293.00,1509.00,1680.00,1887.00,2124.00,2145.00,2166.00,2166.00,2166.00,2166.00
MA123,1080.00,1080.00,1080.00,1080.00,1212.00,1392.00,1467.00,1641.00,1722.00,1392.00,1638.00,1731.00,1878.00,1980.00,1587.00,1704.00,1854.00,1296.00,1536.00,1758.00,1965.00,2031.00,2133.00,2175.00,2175.00,2175.00,2175.00
MA124,1128.00,1128.00,1128.00,1128.00,1266.00,1599.00,1602.00,1740.00,1890.00,1599.00,1734.00,1905.00,2133.00,2139.00,1641.00,1857.00,2130.00,1335.00,1590.00,1953.00,2139.00,2142.00,2151.00,2193.00,2193.00,2193.00,2193.00
MA125,1311.00,1311.00,1311.00,1311.00,1473.00,1641.00,1758.00,1974.00,2058.00,1680.00,1971.00,2064.00,2211.00,2298.00,1920.00,2037.00,2190.00,1575.00,1860.00,2091.00,2286.00,2340.00,2427.00,2478.00,2478.00,2478.00,2478.00
MA126,1032.00,1032.00,1032.00,1032.00,1170.00,1254.00,1353.00,1494.00,1557.00,1305.00,1494.00,1563.00,1686.00,1803.00,1455.00,1542.00,1656.00,1239.00,1419.00,1584.00,1788.00,1863.00,1983.00,2025.00,2025.00,2025.00,2025.00
MA151,1479.00,1479.00,1479.00,1479.00,1680.00,1809.00,1983.00,2211.00,2283.00,1902.00,2208.00,2289.00,2406.00,2454.00,2163.00,2265.00,2397.00,1782.00,2097.00,2313.00,2448.00,2475.00,2523.00,2574.00,2574.00,2574.00,2574.00
MA377,1461.00,1461.00,1461.00,1461.00,1647.00,1767.00,1965.00,2226.00,2277.00,1857.00,2226.00,2280.00,2388.00,2529.00,2196.00,2265.00,2355.00,1704.00,2112.00,2298.00,2508.00,2598.00,2742.00,2796.00,2796.00,2796.00,2796.00
MD127,993.00,993.00,993.00,993.00,1140.00,1299.00,1338.00,1485.00,1581.00,1299.00,1482.00,1590.00,1746.00,1797.00,1422.00,1560.00,1731.00,1212.00,1386.00,1620.00,1791.00,1824.00,1878.00,1917.00,1917.00,1917.00,1917.00
MD128,1242.00,1242.00,1242.00,1242.00,1380.00,1545.00,1638.00,1854.00,1935.00,1557.00,1851.00,1941.00,2085.00,2190.00,1803.00,1917.00,2058.00,1449.00,1743.00,1968.00,2175.00,2241.00,2349.00,2397.00,2397.00,2397.00,2397.00
MD129,1314.00,1314.00,1314.00,1314.00,1464.00,1581.00,1764.00,1971.00,2007.00,1677.00,1971.00,2010.00,2097.00,2244.00,1950.00,1998.00,2061.00,1554.00,1884.00,2019.00,2223.00,2316.00,2466.00,2517.00,2517.00,2517.00,2517.00
MD130,1065.00,1065.00,1065.00,1065.00,1230.00,1344.00,1431.00,1581.00,1662.00,1377.00,1581.00,1671.00,1821.00,1941.00,1530.00,1644.00,1791.00,1311.00,1494.00,1698.00,1923.00,2016.00,2121.00,2163.00,2163.00,2163.00,2163.00
MD133,1197.00,1197.00,1197.00,1197.00,1377.00,1575.00,1644.00,1890.00,1971.00,1575.00,1887.00,1977.00,2121.00,2217.00,1836.00,1953.00,2100.00,1398.00,1755.00,2004.00,2202.00,2262.00,2358.00,2406.00,2406.00,2406.00,2406.00
MD134,1194.00,1194.00,1194.00,1194.00,1380.00,1488.00,1596.00,1758.00,1839.00,1545.00,1755.00,1845.00,1989.00,2070.00,1704.00,1821.00,1968.00,1473.00,1665.00,1872.00,2058.00,2112.00,2196.00,2241.00,2241.00,2241.00,2241.00
MD135,1035.00,1035.00,1035.00,1035.00,1173.00,1263.00,1389.00,1545.00,1593.00,1329.00,1545.00,1599.00,1689.00,1773.00,1515.00,1584.00,1668.00,1242.00,1470.00,1614.00,1761.00,1815.00,1899.00,1938.00,1938.00,1938.00,1938.00
MD340,618.00,618.00,618.00,618.00,687.00,795.00,828.00,936.00,984.00,795.00,933.00,987.00,1068.00,1104.00,903.00,972.00,1062.00,744.00,876.00,1005.00,1098.00,1119.00,1155.00,1176.00,1176.00,1176.00,1176.00
MD432,1041.00,1041.00,1041.00,1041.00,1188.00,1266.00,1296.00,1380.00,1461.00,1281.00,1377.00,1470.00,1596.00,1617.00,1326.00,1443.00,1593.00,1260.00,1317.00,1497.00,1614.00,1629.00,1650.00,1683.00,1683.00,1683.00,1683.00
MD458,1026.00,1026.00,1026.00,1026.00,1173.00,1338.00,1386.00,1542.00,1635.00,1338.00,1539.00,1644.00,1797.00,1863.00,1482.00,1614.00,1782.00,1251.00,1443.00,1674.00,1854.00,1896.00,1962.00,2001.00,2001.00,2001.00,2001.00
ME136,702.00,702.00,702.00,702.00,789.00,966.00,1008.00,1098.00,1170.00,966.00,1095.00,1176.00,1299.00,1356.00,1050.00,1155.00,1287.00,822.00,1011.00,1200.00,1350.00,1386.00,1443.00,1473.00,1473.00,1473.00,1473.00
ME137,618.00,618.00,618.00,618.00,678.00,741.00,795.00,897.00,933.00,759.00,897.00,936.00,999.00,1038.00,876.00,924.00,990.00,708.00,846.00,948.00,1032.00,1056.00,1095.00,1119.00,1119.00,1119.00,1119.00
ME139,993.00,993.00,993.00,993.00,1101.00,1167.00,1260.00,1398.00,1533.00,1215.00,1380.00,1494.00,1545.00,1716.00,1353.00,1467.00,1557.00,1155.00,1317.00,1485.00,1692.00,1806.00,1989.00,2031.00,2031.00,2031.00,2031.00
ME141,822.00,822.00,822.00,822.00,921.00,1002.00,1104.00,1248.00,1284.00,1047.00,1248.00,1287.00,1344.00,1365.00,1227.00,1275.00,1338.00,966.00,1182.00,1296.00,1362.00,1377.00,1398.00,1428.00,1428.00,1428.00,1428.00
ME390,792.00,792.00,792.00,792.00,912.00,1011.00,1059.00,1143.00,1203.00,1035.00,1143.00,1206.00,1305.00,1353.00,1107.00,1188.00,1293.00,1002.00,1089.00,1227.00,1347.00,1377.00,1428.00,1458.00,1458.00,1458.00,1458.00
MI142,873.00,873.00,873.00,873.00,981.00,1140.00,1242.00,1353.00,1494.00,1143.00,1350.00,1422.00,1554.00,1689.00,1308.00,1404.00,1536.00,1020.00,1260.00,1443.00,1680.00,1863.00,1896.00,1935.00,1935.00,1935.00,1935.00
MI143,630.00,630.00,630.00,630.00,702.00,834.00,891.00,960.00,1035.00,834.00,960.00,1023.00,1128.00,1206.00,924.00,1005.00,1110.00,753.00,894.00,1044.00,1194.00,1263.00,1323.00,1350.00,1350.00,1350.00,1350.00
MI145,579.00,579.00,579.00,579.00,678.00,801.00,819.00,867.00,945.00,801.00,864.00,954.00,1074.00,1098.00,822.00,927.00,1068.00,726.00,801.00,978.00,1095.00,1110.00,1131.00,1155.00,1155.00,1155.00,1155.00
MI146,720.00,720.00,720.00,720.00,810.00,954.00,978.00,1119.00,1176.00,954.00,1116.00,1182.00,1278.00,1311.00,1080.00,1164.00,1269.00,837.00,1041.00,1203.00,1308.00,1329.00,1365.00,1392.00,1392.00,1392.00,1392.00
MI148,651.00,651.00,651.00,651.00,732.00,864.00,879.00,1011.00,1068.00,864.00,1011.00,1071.00,1158.00,1179.00,978.00,1053.00,1152.00,747.00,939.00,1089.00,1176.00,1188.00,1209.00,1233.00,1233.00,1233.00,1233.00
MI149,696.00,696.00,696.00,696.00,792.00,888.00,930.00,1035.00,1092.00,900.00,1032.00,1098.00,1185.00,1203.00,999.00,1080.00,1182.00,855.00,975.00,1116.00,1203.00,1212.00,1230.00,1257.00,1257.00,1257.00,1257.00
MI152,717.00,717.00,717.00,717.00,843.00,921.00,1008.00,1143.00,1197.00,921.00,1143.00,1179.00,1254.00,1371.00,1122.00,1167.00,1227.00,849.00,1065.00,1188.00,1356.00,1428.00,1548.00,1581.00,1581.00,1581.00,1581.00
MI153,807.00,807.00,807.00,807.00,906.00,972.00,1083.00,1203.00,1212.00,1029.00,1203.00,1212.00,1245.00,1317.00,1197.00,1209.00,1227.00,954.00,1155.00,1215.00,1308.00,1356.00,1428.00,1458.00,1458.00,1458.00,1458.00
MI154,711.00,711.00,711.00,711.00,798.00,966.00,966.00,1104.00,1173.00,966.00,1101.00,1182.00,1287.00,1290.00,1056.00,1158.00,1287.00,840.00,1020.00,1203.00,1290.00,1290.00,1293.00,1320.00,1320.00,1320.00,1320.00
MI155,894.00,894.00,894.00,894.00,1020.00,1137.00,1218.00,1389.00,1440.00,1140.00,1389.00,1443.00,1542.00,1653.00,1359.00,1428.00,1515.00,1032.00,1302.00,1458.00,1638.00,1785.00,1818.00,1854.00,1854.00,1854.00,1854.00
MI156,639.00,639.00,639.00,639.00,714.00,843.00,885.00,975.00,1032.00,846.00,972.00,1038.00,1140.00,1197.00,936.00,1020.00,1125.00,765.00,909.00,1056.00,1188.00,1224.00,1284.00,1308.00,1308.00,1308.00,1308.00
MI157,546.00,546.00,546.00,546.00,624.00,705.00,735.00,852.00,885.00,705.00,852.00,888.00,948.00,987.00,831.00,879.00,939.00,630.00,795.00,900.00,981.00,1008.00,1050.00,1071.00,1071.00,1071.00,1071.00
MI434,660.00,660.00,660.00,660.00,735.00,873.00,912.00,1017.00,1074.00,873.00,1014.00,1080.00,1176.00,1227.00,981.00,1062.00,1164.00,759.00,942.00,1098.00,1221.00,1350.00,1365.00,1377.00,1377.00,1377.00,1377.00
MN158,783.00,783.00,783.00,783.00,888.00,1032.00,1050.00,1224.00,1281.00,1032.00,1221.00,1287.00,1380.00,1401.00,1185.00,1269.00,1374.00,903.00,1137.00,1305.00,1398.00,1410.00,1431.00,1461.00,1461.00,1461.00,1461.00
MN159,942.00,942.00,942.00,942.00,1071.00,1239.00,1269.00,1473.00,1542.00,1239.00,1470.00,1548.00,1662.00,1704.00,1428.00,1527.00,1650.00,1089.00,1368.00,1569.00,1698.00,1725.00,1770.00,1803.00,1803.00,1803.00,1803.00
MN376,657.00,657.00,657.00,657.00,756.00,888.00,942.00,1044.00,1098.00,888.00,1041.00,1101.00,1200.00,1275.00,1008.00,1086.00,1182.00,771.00,963.00,1119.00,1266.00,1314.00,1392.00,1419.00,1419.00,1419.00,1419.00
MN436,693.00,693.00,693.00,693.00,771.00,888.00,933.00,1059.00,1107.00,888.00,1059.00,1113.00,1197.00,1260.00,1029.00,1098.00,1182.00,783.00,987.00,1128.00,1251.00,1293.00,1356.00,1383.00,1383.00,1383.00,1383.00
MO160,765.00,765.00,765.00,765.00,861.00,921.00,1005.00,1119.00,1158.00,966.00,1119.00,1161.00,1230.00,1269.00,1095.00,1149.00,1221.00,906.00,1062.00,1176.00,1263.00,1338.00,1353.00,1365.00,1365.00,1365.00,1365.00
MO161,870.00,870.00,870.00,870.00,993.00,1137.00,1149.00,1290.00,1377.00,1137.00,1287.00,1386.00,1518.00,1527.00,1233.00,1356.00,1515.00,1053.00,1203.00,1413.00,1527.00,1533.00,1545.00,1575.00,1575.00,1575.00,1575.00
MO162,591.00,591.00,591.00,591.00,687.00,858.00,918.00,984.00,1050.00,858.00,957.00,1038.00,1164.00,1245.00,930.00,1014.00,1143.00,705.00,870.00,1062.00,1233.00,1284.00,1368.00,1395.00,1395.00,1395.00,1395.00
MO163,717.00,717.00,717.00,717.00,792.00,840.00,924.00,1032.00,1062.00,885.00,1029.00,1065.00,1116.00,1125.00,1011.00,1056.00,1113.00,828.00,978.00,1077.00,1122.00,1128.00,1137.00,1158.00,1158.00,1158.00,1158.00
MO164,705.00,705.00,705.00,705.00,816.00,882.00,945.00,1011.00,1020.00,915.00,1011.00,1023.00,1047.00,1086.00,1005.00,1020.00,1035.00,873.00,984.00,1026.00,1080.00,1143.00,1155.00,1167.00,1167.00,1167.00,1167.00
MO165,693.00,693.00,693.00,693.00,741.00,798.00,828.00,918.00,975.00,804.00,918.00,981.00,1068.00,1095.00,882.00,963.00,1062.00,768.00,864.00,999.00,1089.00,1107.00,1134.00,1155.00,1155.00,1155.00,1155.00
MO343,648.00,648.00,648.00,648.00,765.00,909.00,933.00,1056.00,1116.00,909.00,1056.00,1122.00,1221.00,1254.00,1017.00,1104.00,1212.00,780.00,966.00,1143.00,1248.00,1269.00,1305.00,1329.00,1329.00,1329.00,1329.00
MO344,597.00,597.00,597.00,597.00,678.00,849.00,876.00,948.00,1020.00,852.00,945.00,1026.00,1143.00,1179.00,903.00,1005.00,1134.00,696.00,864.00,1050.00,1173.00,1197.00,1233.00,1257.00,1257.00,1257.00,1257.00
MS168,918.00,918.00,918.00,918.00,1008.00,1068.00,1158.00,1287.00,1338.00,1116.00,1284.00,1344.00,1422.00,1431.00,1254.00,1326.00,1419.00,1053.00,1218.00,1359.00,1431.00,1464.00,1479.00,1494.00,1494.00,1494.00,1494.00
MS169,753.00,753.00,753.00,753.00,840.00,882.00,921.00,984.00,1065.00,888.00,948.00,1038.00,1173.00,1248.00,936.00,1014.00,1155.00,882.00,897.00,1062.00,1239.00,1287.00,1365.00,1392.00,1392.00,1392.00,1392.00
MS170,888.00,888.00,888.00,888.00,999.00,1062.00,1116.00,1188.00,1209.00,1092.00,1188.00,1212.00,1269.00,1368.00,1173.00,1206.00,1245.00,1053.00,1152.00,1218.00,1356.00,1419.00,1521.00,1551.00,1551.00,1551.00,1551.00
MS171,771.00,771.00,771.00,771.00,840.00,993.00,1002.00,1113.00,1194.00,993.00,1110.00,1203.00,1326.00,1338.00,1059.00,1176.00,1326.00,876.00,1029.00,1230.00,1335.00,1371.00,1383.00,1398.00,1398.00,1398.00,1398.00
MS172,807.00,807.00,807.00,807.00,891.00,948.00,1035.00,1140.00,1164.00,993.00,1140.00,1167.00,1206.00,1224.00,1125.00,1161.00,1203.00,936.00,1095.00,1176.00,1221.00,1233.00,1251.00,1275.00,1275.00,1275.00,1275.00
MS410,951.00,951.00,951.00,951.00,1017.00,1056.00,1098.00,1191.00,1272.00,1077.00,1188.00,1278.00,1404.00,1434.00,1140.00,1254.00,1395.00,1047.00,1125.00,1305.00,1428.00,1449.00,1479.00,1509.00,1509.00,1509.00,1509.00
MS437,693.00,693.00,693.00,693.00,786.00,837.00,879.00,951.00,990.00,858.00,948.00,993.00,1059.00,1086.00,924.00,981.00,1050.00,831.00,909.00,1005.00,1083.00,1101.00,1131.00,1155.00,1155.00,1155.00,1155.00
MS438,633.00,633.00,633.00,633.00,705.00,864.00,885.00,957.00,1032.00,864.00,954.00,1041.00,1158.00,1188.00,909.00,1017.00,1152.00,744.00,882.00,1065.00,1185.00,1209.00,1233.00,1257.00,1257.00,1257.00,1257.00
MT175,621.00,621.00,621.00,621.00,708.00,828.00,891.00,975.00,1029.00,828.00,972.00,1029.00,1125.00,1206.00,942.00,1014.00,1104.00,720.00,903.00,1044.00,1194.00,1248.00,1335.00,1362.00,1362.00,1362.00,1362.00
MT347,639.00,639.00,639.00,639.00,711.00,987.00,993.00,1020.00,1134.00,987.00,1014.00,1146.00,1317.00,1326.00,996.00,1107.00,1317.00,744.00,981.00,1182.00,1326.00,1332.00,1341.00,1368.00,1368.00,1368.00,1368.00
MT379,720.00,720.00,720.00,720.00,816.00,933.00,990.00,1089.00,1149.00,936.00,1089.00,1155.00,1263.00,1338.00,1050.00,1137.00,1245.00,873.00,1020.00,1176.00,1326.00,1374.00,1449.00,1479.00,1479.00,1479.00,1479.00
MT441,735.00,735.00,735.00,735.00,804.00,867.00,963.00,1065.00,1173.00,894.00,1044.00,1131.00,1191.00,1314.00,1017.00,1113.00,1200.00,837.00,987.00,1125.00,1296.00,1398.00,1509.00,1539.00,1539.00,1539.00,1539.00
NC176,966.00,966.00,966.00,966.00,1038.00,1170.00,1221.00,1308.00,1404.00,1170.00,1305.00,1416.00,1578.00,1644.00,1245.00,1383.00,1560.00,1074.00,1215.00,1446.00,1635.00,1680.00,1749.00,1785.00,1785.00,1785.00,1785.00
NC177,822.00,822.00,822.00,822.00,933.00,1056.00,1122.00,1227.00,1296.00,1065.00,1224.00,1305.00,1431.00,1518.00,1182.00,1281.00,1410.00,1014.00,1152.00,1326.00,1506.00,1560.00,1650.00,1683.00,1683.00,1683.00,1683.00
NC178,849.00,849.00,849.00,849.00,954.00,1011.00,1047.00,1134.00,1215.00,1032.00,1134.00,1224.00,1356.00,1410.00,1083.00,1197.00,1341.00,1008.00,1071.00,1248.00,1404.00,1437.00,1494.00,1524.00,1524.00,1524.00,1524.00
NC179,867.00,867.00,867.00,867.00,984.00,1137.00,1143.00,1281.00,1371.00,1137.00,1278.00,1380.00,1518.00,1527.00,1221.00,1350.00,1518.00,1041.00,1191.00,1410.00,1527.00,1533.00,1542.00,1572.00,1572.00,1572.00,1572.00
NC180,903.00,903.00,903.00,903.00,1026.00,1101.00,1188.00,1302.00,1341.00,1146.00,1299.00,1347.00,1419.00,1464.00,1275.00,1332.00,1407.00,1086.00,1242.00,1359.00,1485.00,1725.00,1743.00,1761.00,1761.00,1761.00,1761.00
NC181,1083.00,1083.00,1083.00,1083.00,1146.00,1233.00,1302.00,1455.00,1530.00,1251.00,1455.00,1536.00,1665.00,1746.00,1410.00,1512.00,1644.00,1179.00,1371.00,1560.00,1734.00,1788.00,1872.00,1908.00,1908.00,1908.00,1908.00
NC182,831.00,831.00,831.00,831.00,948.00,1014.00,1071.00,1158.00,1209.00,1044.00,1158.00,1215.00,1314.00,1398.00,1125.00,1197.00,1290.00,1008.00,1104.00,1230.00,1386.00,1443.00,1530.00,1563.00,1563.00,1563.00,1563.00
NC183,747.00,747.00,747.00,747.00,867.00,975.00,1044.00,1122.00,1200.00,975.00,1104.00,1188.00,1323.00,1416.00,1062.00,1164.00,1299.00,936.00,1038.00,1212.00,1404.00,1464.00,1560.00,1593.00,1593.00,1593.00,1593.00
NC184,717.00,717.00,717.00,717.00,810.00,867.00,933.00,1026.00,1062.00,900.00,1023.00,1065.00,1134.00,1173.00,999.00,1053.00,1122.00,855.00,975.00,1080.00,1167.00,1239.00,1251.00,1263.00,1263.00,1263.00,1263.00
NC185,864.00,864.00,864.00,864.00,963.00,1020.00,1068.00,1167.00,1242.00,1047.00,1164.00,1248.00,1371.00,1413.00,1116.00,1224.00,1359.00,1014.00,1098.00,1272.00,1431.00,1665.00,1683.00,1698.00,1698.00,1698.00,1698.00
NC186,966.00,966.00,966.00,966.00,1089.00,1161.00,1236.00,1332.00,1365.00,1200.00,1332.00,1368.00,1431.00,1503.00,1311.00,1356.00,1416.00,1149.00,1284.00,1377.00,1494.00,1536.00,1608.00,1641.00,1641.00,1641.00,1641.00
NC187,879.00,879.00,879.00,879.00,993.00,1083.00,1149.00,1278.00,1344.00,1107.00,1275.00,1350.00,1461.00,1533.00,1236.00,1329.00,1446.00,1050.00,1203.00,1371.00,1524.00,1596.00,1638.00,1671.00,1671.00,1671.00,1671.00
NC372,720.00,720.00,720.00,720.00,798.00,897.00,1002.00,1113.00,1218.00,900.00,1047.00,1185.00,1233.00,1368.00,1023.00,1164.00,1242.00,837.00,981.00,1179.00,1350.00,1437.00,1578.00,1611.00,1611.00,1611.00,1611.00
ND188,723.00,723.00,723.00,723.00,831.00,1035.00,1095.00,1161.00,1248.00,1038.00,1158.00,1254.00,1401.00,1479.00,1107.00,1227.00,1380.00,852.00,1059.00,1281.00,1467.00,1518.00,1599.00,1629.00,1629.00,1629.00,1629.00
ND189,678.00,678.00,678.00,678.00,768.00,1029.00,1050.00,1092.00,1200.00,1029.00,1089.00,1212.00,1380.00,1404.00,1053.00,1176.00,1371.00,795.00,1023.00,1245.00,1401.00,1419.00,1446.00,1476.00,1476.00,1476.00,1476.00
ND190,678.00,678.00,678.00,678.00,756.00,936.00,984.00,1047.00,1125.00,936.00,1044.00,1131.00,1263.00,1329.00,999.00,1107.00,1245.00,810.00,966.00,1158.00,1320.00,1362.00,1428.00,1458.00,1458.00,1458.00,1458.00
ND191,666.00,666.00,666.00,666.00,753.00,1032.00,1047.00,1062.00,1179.00,1032.00,1053.00,1191.00,1380.00,1401.00,1050.00,1149.00,1374.00,795.00,1026.00,1230.00,1398.00,1410.00,1431.00,1461.00,1461.00,1461.00,1461.00
NE192,729.00,729.00,729.00,729.00,822.00,975.00,1014.00,1122.00,1191.00,975.00,1119.00,1197.00,1314.00,1368.00,1077.00,1176.00,1299.00,867.00,1041.00,1221.00,1359.00,1392.00,1449.00,1476.00,1476.00,1476.00,1476.00
NE193,777.00,777.00,777.00,777.00,870.00,933.00,1038.00,1161.00,1188.00,990.00,1161.00,1191.00,1236.00,1266.00,1146.00,1182.00,1227.00,918.00,1107.00,1197.00,1260.00,1281.00,1311.00,1338.00,1338.00,1338.00,1338.00
NH194,993.00,993.00,993.00,993.00,1119.00,1422.00,1497.00,1581.00,1698.00,1422.00,1569.00,1710.00,1920.00,2022.00,1515.00,1668.00,1893.00,1158.00,1434.00,1749.00,2010.00,2076.00,2181.00,2226.00,2226.00,2226.00,2226.00
NH195,1113.00,1113.00,1113.00,1113.00,1245.00,1395.00,1494.00,1692.00,1755.00,1419.00,1689.00,1761.00,1875.00,1947.00,1650.00,1743.00,1857.00,1314.00,1593.00,1782.00,1938.00,1983.00,2058.00,2100.00,2100.00,2100.00,2100.00
NJ196,1062.00,1062.00,1062.00,1062.00,1191.00,1536.00,1545.00,1569.00,1752.00,1536.00,1563.00,1770.00,2049.00,2064.00,1548.00,1710.00,2046.00,1257.00,1527.00,1830.00,2061.00,2070.00,2085.00,2127.00,2127.00,2127.00,2127.00
NJ198,1059.00,1059.00,1059.00,1059.00,1209.00,1377.00,1383.00,1512.00,1638.00,1377.00,1506.00,1650.00,1836.00,1848.00,1431.00,1608.00,1836.00,1284.00,1404.00,1689.00,1845.00,1851.00,1860.00,1899.00,1899.00,1899.00,1899.00
NJ200,1335.00,1335.00,1335.00,1335.00,1497.00,1782.00,1824.00,2073.00,2190.00,1782.00,2070.00,2202.00,2388.00,2445.00,1998.00,2163.00,2373.00,1563.00,1923.00,2238.00,2436.00,2622.00,2646.00,2673.00,2673.00,2673.00,2673.00
NJ201,1248.00,1248.00,1248.00,1248.00,1431.00,1611.00,1671.00,1839.00,1959.00,1626.00,1836.00,1971.00,2166.00,2241.00,1764.00,1932.00,2148.00,1566.00,1728.00,2010.00,2232.00,2325.00,2358.00,2403.00,2403.00,2403.00,2403.00
NJ202,1482.00,1482.00,1482.00,1482.00,1635.00,2079.00,2082.00,2283.00,2472.00,2079.00,2277.00,2490.00,2772.00,2778.00,2160.00,2430.00,2772.00,1791.00,2097.00,2550.00,2778.00,2781.00,2787.00,2841.00,2841.00,2841.00,2841.00
NJ203,1104.00,1104.00,1104.00,1104.00,1305.00,1593.00,1665.00,1815.00,1935.00,1596.00,1812.00,1947.00,2148.00,2241.00,1740.00,1908.00,2124.00,1335.00,1647.00,1986.00,2229.00,2289.00,2388.00,2436.00,2436.00,2436.00,2436.00
NJ204,1167.00,1167.00,1167.00,1167.00,1302.00,1605.00,1653.00,1788.00,1923.00,1605.00,1785.00,1938.00,2157.00,2223.00,1701.00,1893.00,2139.00,1413.00,1653.00,1980.00,2214.00,2256.00,2325.00,2370.00,2370.00,2370.00,2370.00
NM205,687.00,687.00,687.00,687.00,777.00,909.00,993.00,1083.00,1182.00,912.00,1068.00,1143.00,1242.00,1353.00,1035.00,1125.00,1212.00,795.00,993.00,1149.00,1338.00,1407.00,1524.00,1554.00,1554.00,1554.00,1554.00
NM206,831.00,831.00,831.00,831.00,936.00,987.00,1116.00,1257.00,1272.00,1053.00,1257.00,1275.00,1311.00,1368.00,1248.00,1269.00,1299.00,969.00,1200.00,1281.00,1359.00,1395.00,1452.00,1479.00,1479.00,1479.00,1479.00
NM207,678.00,678.00,678.00,678.00,780.00,987.00,999.00,1095.00,1182.00,987.00,1092.00,1188.00,1320.00,1335.00,1041.00,1161.00,1314.00,804.00,996.00,1215.00,1332.00,1344.00,1362.00,1389.00,1389.00,1389.00,1389.00
NM209,672.00,672.00,672.00,672.00,747.00,825.00,903.00,1017.00,1047.00,858.00,1014.00,1050.00,1116.00,1191.00,996.00,1041.00,1098.00,795.00,963.00,1062.00,1179.00,1227.00,1302.00,1329.00,1329.00,1329.00,1329.00
NM210,903.00,903.00,903.00,903.00,957.00,1110.00,1161.00,1302.00,1371.00,1110.00,1299.00,1377.00,1497.00,1566.00,1257.00,1356.00,1479.00,984.00,1209.00,1398.00,1554.00,1680.00,1698.00,1713.00,1713.00,1713.00,1713.00
NV199,834.00,834.00,834.00,834.00,972.00,1275.00,1284.00,1296.00,1431.00,1275.00,1290.00,1449.00,1704.00,1716.00,1287.00,1395.00,1701.00,1041.00,1269.00,1503.00,1716.00,1722.00,1737.00,1770.00,1770.00,1770.00,1770.00
NV211,687.00,687.00,687.00,687.00,777.00,831.00,873.00,948.00,1011.00,852.00,945.00,999.00,1092.00,1179.00,918.00,984.00,1068.00,822.00,900.00,1014.00,1167.00,1221.00,1311.00,1338.00,1338.00,1338.00,1338.00
NV212,993.00,993.00,993.00,993.00,1098.00,1155.00,1200.00,1275.00,1323.00,1179.00,1272.00,1326.00,1425.00,1536.00,1242.00,1311.00,1398.00,1149.00,1227.00,1341.00,1521.00,1590.00,1704.00,1737.00,1737.00,1737.00,1737.00
NV213,810.00,810.00,810.00,810.00,924.00,1032.00,1083.00,1209.00,1275.00,1044.00,1209.00,1281.00,1392.00,1458.00,1170.00,1260.00,1377.00,990.00,1137.00,1302.00,1449.00,1491.00,1560.00,1590.00,1590.00,1590.00,1590.00
NY215,1104.00,1104.00,1104.00,1104.00,1236.00,1317.00,1482.00,1665.00,1689.00,1401.00,1665.00,1692.00,1749.00,1842.00,1650.00,1683.00,1728.00,1290.00,1587.00,1698.00,1830.00,1890.00,1986.00,2025.00,2025.00,2025.00,2025.00
NY216,822.00,822.00,822.00,822.00,945.00,999.00,1095.00,1275.00,1296.00,1017.00,1272.00,1299.00,1353.00,1443.00,1260.00,1290.00,1329.00,951.00,1200.00,1305.00,1431.00,1491.00,1584.00,1617.00,1617.00,1617.00,1617.00
NY217,1410.00,1410.00,1410.00,1410.00,1596.00,1764.00,1893.00,2172.00,2241.00,1785.00,2169.00,2250.00,2370.00,2439.00,2127.00,2226.00,2352.00,1632.00,2043.00,2271.00,2430.00,2472.00,2544.00,2595.00,2595.00,2595.00,2595.00
NY218,1704.00,1704.00,1704.00,1704.00,1941.00,2106.00,2286.00,2505.00,2568.00,2199.00,2505.00,2574.00,2709.00,2892.00,2466.00,2553.00,2664.00,2079.00,2400.00,2592.00,2868.00,2985.00,3174.00,3237.00,3237.00,3237.00,3237.00
NY219,2241.00,2241.00,2241.00,2241.00,2496.00,2628.00,2691.00,2808.00,2898.00,2661.00,2805.00,2907.00,3045.00,3072.00,2751.00,2877.00,3036.00,2619.00,2730.00,2934.00,3069.00,3087.00,3117.00,3180.00,3180.00,3180.00,3180.00
NY221,903.00,903.00,903.00,903.00,1008.00,1083.00,1212.00,1356.00,1377.00,1152.00,1356.00,1380.00,1416.00,1446.00,1344.00,1371.00,1410.00,1065.00,1296.00,1386.00,1440.00,1458.00,1488.00,1518.00,1518.00,1518.00,1518.00
NY222,747.00,747.00,747.00,747.00,819.00,921.00,1002.00,1107.00,1140.00,963.00,1107.00,1143.00,1209.00,1278.00,1086.00,1134.00,1194.00,909.00,1056.00,1155.00,1269.00,1311.00,1383.00,1410.00,1410.00,1410.00,1410.00
NY223,747.00,747.00,747.00,747.00,834.00,975.00,1029.00,1104.00,1179.00,975.00,1101.00,1185.00,1317.00,1392.00,1053.00,1161.00,1299.00,876.00,1023.00,1212.00,1383.00,1428.00,1506.00,1536.00,1536.00,1536.00,1536.00
NY225,960.00,960.00,960.00,960.00,1107.00,1188.00,1251.00,1344.00,1395.00,1221.00,1344.00,1401.00,1491.00,1563.00,1314.00,1383.00,1473.00,1179.00,1290.00,1416.00,1554.00,1599.00,1674.00,1707.00,1707.00,1707.00,1707.00
NY226,837.00,837.00,837.00,837.00,936.00,1218.00,1266.00,1323.00,1440.00,1218.00,1320.00,1449.00,1638.00,1707.00,1278.00,1413.00,1623.00,984.00,1212.00,1488.00,1698.00,1740.00,1809.00,1845.00,1845.00,1845.00,1845.00
NY349,1440.00,1440.00,1440.00,1440.00,1647.00,1968.00,2100.00,2238.00,2406.00,1971.00,2157.00,2349.00,2667.00,2841.00,2127.00,2304.00,2625.00,1812.00,1986.00,2409.00,2817.00,2928.00,3105.00,3168.00,3168.00,3168.00,3168.00
NY413,1359.00,1359.00,1359.00,1359.00,1527.00,1857.00,1875.00,2124.00,2259.00,1857.00,2118.00,2271.00,2481.00,2508.00,2034.00,2229.00,2475.00,1590.00,1959.00,2316.00,2505.00,2523.00,2550.00,2601.00,2601.00,2601.00,2601.00
NY444,684.00,684.00,684.00,684.00,774.00,894.00,912.00,978.00,1062.00,894.00,975.00,1068.00,1197.00,1221.00,924.00,1041.00,1191.00,819.00,906.00,1095.00,1218.00,1233.00,1257.00,1281.00,1281.00,1281.00,1281.00
NY445,1032.00,1032.00,1032.00,1032.00,1182.00,1404.00,1428.00,1560.00,1680.00,1404.00,1557.00,1692.00,1881.00,1914.00,1482.00,1653.00,1872.00,1266.00,1446.00,1731.00,1908.00,1932.00,1965.00,2004.00,2004.00,2004.00,2004.00
OH227,753.00,753.00,753.00,753.00,852.00,909.00,957.00,1032.00,1068.00,933.00,1029.00,1071.00,1131.00,1152.00,1008.00,1059.00,1125.00,900.00,990.00,1083.00,1149.00,1197.00,1206.00,1218.00,1218.00,1218.00,1218.00
OH228,930.00,930.00,930.00,930.00,1077.00,1161.00,1239.00,1335.00,1356.00,1203.00,1335.00,1356.00,1401.00,1452.00,1320.00,1350.00,1386.00,1149.00,1293.00,1362.00,1446.00,1479.00,1533.00,1563.00,1563.00,1563.00,1563.00
OH229,804.00,804.00,804.00,804.00,912.00,972.00,1029.00,1107.00,1137.00,1002.00,1104.00,1140.00,1212.00,1302.00,1086.00,1131.00,1188.00,966.00,1065.00,1152.00,1290.00,1347.00,1437.00,1467.00,1467.00,1467.00,1467.00
OH230,759.00,759.00,759.00,759.00,870.00,930.00,987.00,1077.00,1131.00,960.00,1074.00,1134.00,1227.00,1278.00,1041.00,1119.00,1215.00,924.00,1020.00,1152.00,1272.00,1437.00,1452.00,1464.00,1464.00,1464.00,1464.00
OH231,738.00,738.00,738.00,738.00,822.00,927.00,1005.00,1092.00,1179.00,930.00,1041.00,1146.00,1263.00,1368.00,1023.00,1131.00,1236.00,861.00,960.00,1143.00,1353.00,1419.00,1527.00,1557.00,1557.00,1557.00,1557.00
OH232,732.00,732.00,732.00,732.00,819.00,888.00,984.00,1107.00,1137.00,933.00,1107.00,1140.00,1191.00,1230.00,1089.00,1131.00,1182.00,861.00,1050.00,1149.00,1224.00,1290.00,1302.00,1314.00,1314.00,1314.00,1314.00
OH233,609.00,609.00,609.00,609.00,696.00,750.00,816.00,897.00,918.00,786.00,897.00,921.00,960.00,996.00,885.00,912.00,951.00,741.00,861.00,927.00,990.00,1014.00,1050.00,1071.00,1071.00,1071.00,1071.00
OH382,576.00,576.00,576.00,576.00,666.00,720.00,756.00,831.00,882.00,738.00,831.00,885.00,969.00,1011.00,801.00,870.00,960.00,708.00,786.00,903.00,1005.00,1029.00,1071.00,1092.00,1092.00,1092.00,1092.00
OH446,633.00,633.00,633.00,633.00,726.00,783.00,843.00,927.00,963.00,813.00,927.00,966.00,1017.00,1026.00,906.00,954.00,1017.00,774.00,882.00,975.00,1026.00,1029.00,1038.00,1059.00,1059.00,1059.00,1059.00
OK235,600.00,600.00,600.00,600.00,687.00,852.00,864.00,957.00,1026.00,852.00,957.00,1032.00,1140.00,1158.00,915.00,1011.00,1134.00,705.00,876.00,1056.00,1155.00,1167.00,1185.00,1209.00,1209.00,1209.00,1209.00
OK236,654.00,654.00,654.00,654.00,747.00,801.00,858.00,939.00,975.00,831.00,936.00,978.00,1047.00,1107.00,915.00,966.00,1032.00,792.00,894.00,990.00,1098.00,1209.00,1221.00,1233.00,1233.00,1233.00,1233.00
OK237,645.00,645.00,645.00,645.00,726.00,834.00,885.00,996.00,1041.00,834.00,993.00,1044.00,1128.00,1200.00,966.00,1029.00,1110.00,756.00,930.00,1059.00,1188.00,1233.00,1305.00,1332.00,1332.00,1332.00,1332.00
OK239,657.00,657.00,657.00,657.00,753.00,879.00,903.00,969.00,1047.00,879.00,966.00,1056.00,1179.00,1212.00,918.00,1029.00,1173.00,801.00,900.00,1080.00,1206.00,1227.00,1257.00,1284.00,1284.00,1284.00,1284.00
OK240,645.00,645.00,645.00,645.00,744.00,840.00,924.00,1011.00,1113.00,843.00,960.00,1071.00,1149.00,1257.00,942.00,1053.00,1143.00,804.00,894.00,1065.00,1242.00,1347.00,1425.00,1455.00,1455.00,1455.00,1455.00
OR241,744.00,744.00,744.00,744.00,858.00,972.00,1050.00,1131.00,1206.00,975.00,1083.00,1185.00,1323.00,1425.00,1065.00,1170.00,1296.00,915.00,1008.00,1200.00,1410.00,1476.00,1581.00,1611.00,1611.00,1611.00,1611.00
OR242,633.00,633.00,633.00,633.00,699.00,864.00,924.00,990.00,1071.00,867.00,969.00,1047.00,1173.00,1254.00,939.00,1026.00,1152.00,765.00,897.00,1071.00,1242.00,1293.00,1374.00,1404.00,1404.00,1404.00,1404.00
OR243,897.00,897.00,897.00,897.00,996.00,1149.00,1194.00,1344.00,1419.00,1152.00,1344.00,1425.00,1548.00,1608.00,1299.00,1401.00,1533.00,1047.00,1254.00,1449.00,1599.00,1638.00,1698.00,1731.00,1731.00,1731.00,1731.00
OR244,696.00,696.00,696.00,696.00,792.00,879.00,951.00,1029.00,1116.00,882.00,1008.00,1080.00,1197.00,1290.00,969.00,1062.00,1173.00,840.00,948.00,1098.00,1278.00,1338.00,1437.00,1464.00,1464.00,1464.00,1464.00
OR245,735.00,735.00,735.00,735.00,855.00,1005.00,1047.00,1098.00,1191.00,1005.00,1095.00,1200.00,1353.00,1407.00,1056.00,1170.00,1338.00,918.00,1017.00,1230.00,1401.00,1437.00,1494.00,1524.00,1524.00,1524.00,1524.00
OR246,741.00,741.00,741.00,741.00,828.00,918.00,993.00,1113.00,1155.00,948.00,1110.00,1158.00,1242.00,1317.00,1086.00,1146.00,1221.00,888.00,1053.00,1173.00,1305.00,1461.00,1476.00,1491.00,1491.00,1491.00,1491.00
OR373,627.00,627.00,627.00,627.00,711.00,831.00,876.00,942.00,1008.00,834.00,942.00,1014.00,1122.00,1182.00,900.00,993.00,1110.00,771.00,879.00,1035.00,1173.00,1209.00,1269.00,1293.00,1293.00,1293.00,1293.00
PA247,897.00,897.00,897.00,897.00,1029.00,1104.00,1167.00,1263.00,1311.00,1137.00,1263.00,1314.00,1398.00,1443.00,1233.00,1299.00,1386.00,1095.00,1209.00,1329.00,1437.00,1488.00,1518.00,1548.00,1548.00,1548.00,1548.00
PA248,1164.00,1164.00,1164.00,1164.00,1308.00,1509.00,1578.00,1764.00,1860.00,1509.00,1761.00,1869.00,2034.00,2130.00,1701.00,1836.00,2010.00,1404.00,1650.00,1899.00,2115.00,2175.00,2274.00,2319.00,2319.00,2319.00,2319.00
PA249,1233.00,1233.00,1233.00,1233.00,1413.00,1560.00,1641.00,1827.00,1926.00,1584.00,1824.00,1935.00,2085.00,2109.00,1764.00,1902.00,2079.00,1503.00,1719.00,1965.00,2106.00,2121.00,2148.00,2190.00,2190.00,2190.00,2190.00
PA250,1002.00,1002.00,1002.00,1002.00,1146.00,1245.00,1344.00,1464.00,1491.00,1296.00,1461.00,1494.00,1554.00,1620.00,1443.00,1485.00,1539.00,1230.00,1407.00,1506.00,1611.00,1656.00,1722.00,1755.00,1755.00,1755.00,1755.00
PA251,741.00,741.00,741.00,741.00,831.00,1038.00,1068.00,1149.00,1239.00,1038.00,1146.00,1248.00,1392.00,1434.00,1092.00,1221.00,1383.00,888.00,1056.00,1278.00,1428.00,1455.00,1497.00,1527.00,1527.00,1527.00,1527.00
PA252,819.00,819.00,819.00,819.00,927.00,999.00,1047.00,1152.00,1221.00,1017.00,1149.00,1227.00,1344.00,1404.00,1107.00,1206.00,1329.00,978.00,1083.00,1248.00,1395.00,1434.00,1494.00,1524.00,1524.00,1524.00,1524.00
PA253,738.00,738.00,738.00,738.00,831.00,882.00,936.00,1014.00,1047.00,912.00,1011.00,1050.00,1110.00,1140.00,990.00,1041.00,1104.00,876.00,969.00,1062.00,1137.00,1155.00,1185.00,1209.00,1209.00,1209.00,1209.00
PA254,717.00,717.00,717.00,717.00,780.00,852.00,882.00,984.00,1044.00,852.00,984.00,1050.00,1143.00,1167.00,948.00,1029.00,1137.00,810.00,924.00,1068.00,1164.00,1179.00,1203.00,1227.00,1227.00,1227.00,1227.00
PA255,954.00,954.00,954.00,954.00,1095.00,1206.00,1251.00,1380.00,1467.00,1212.00,1377.00,1476.00,1623.00,1686.00,1323.00,1449.00,1608.00,1161.00,1296.00,1506.00,1677.00,1731.00,1779.00,1815.00,1815.00,1815.00,1815.00
PA383,630.00,630.00,630.00,630.00,705.00,834.00,867.00,963.00,1020.00,837.00,963.00,1026.00,1125.00,1167.00,927.00,1008.00,1113.00,753.00,897.00,1047.00,1161.00,1188.00,1233.00,1257.00,1257.00,1257.00,1257.00
RI256,1134.00,1134.00,1134.00,1134.00,1287.00,1599.00,1668.00,1797.00,1926.00,1599.00,1794.00,1941.00,2154.00,2247.00,1716.00,1899.00,2130.00,1320.00,1644.00,1980.00,2235.00,2343.00,2391.00,2439.00,2439.00,2439.00,2439.00
RI257,1113.00,1113.00,1113.00,1113.00,1269.00,1386.00,1491.00,1632.00,1683.00,1440.00,1629.00,1686.00,1779.00,1848.00,1599.00,1671.00,1761.00,1371.00,1560.00,1704.00,1839.00,2037.00,2058.00,2076.00,2076.00,2076.00,2076.00
SC258,957.00,957.00,957.00,957.00,1050.00,1104.00,1140.00,1233.00,1314.00,1122.00,1230.00,1323.00,1464.00,1524.00,1179.00,1296.00,1446.00,1098.00,1164.00,1350.00,1518.00,1557.00,1620.00,1653.00,1653.00,1653.00,1653.00
SC259,966.00,966.00,966.00,966.00,1056.00,1137.00,1200.00,1335.00,1404.00,1158.00,1332.00,1410.00,1530.00,1587.00,1290.00,1389.00,1515.00,1101.00,1257.00,1434.00,1578.00,1617.00,1677.00,1710.00,1710.00,1710.00,1710.00
SC260,900.00,900.00,900.00,900.00,990.00,1050.00,1167.00,1302.00,1329.00,1110.00,1302.00,1332.00,1398.00,1485.00,1284.00,1323.00,1377.00,1032.00,1242.00,1344.00,1473.00,1656.00,1674.00,1689.00,1689.00,1689.00,1689.00
SC261,771.00,771.00,771.00,771.00,861.00,915.00,981.00,1074.00,1158.00,948.00,1071.00,1131.00,1233.00,1332.00,1038.00,1113.00,1209.00,906.00,1017.00,1149.00,1317.00,1413.00,1479.00,1509.00,1509.00,1509.00,1509.00
SC262,861.00,861.00,861.00,861.00,963.00,1026.00,1104.00,1212.00,1257.00,1065.00,1209.00,1260.00,1353.00,1452.00,1182.00,1245.00,1329.00,1014.00,1152.00,1275.00,1437.00,1500.00,1602.00,1635.00,1635.00,1635.00,1635.00
SC263,774.00,774.00,774.00,774.00,840.00,882.00,951.00,1050.00,1098.00,918.00,1050.00,1101.00,1182.00,1227.00,1020.00,1086.00,1170.00,870.00,996.00,1116.00,1221.00,1395.00,1407.00,1422.00,1422.00,1422.00,1422.00
SC375,699.00,699.00,699.00,699.00,777.00,852.00,900.00,1008.00,1059.00,867.00,1005.00,1062.00,1152.00,1212.00,975.00,1047.00,1137.00,816.00,948.00,1077.00,1206.00,1245.00,1308.00,1335.00,1335.00,1335.00,1335.00
SD264,705.00,705.00,705.00,705.00,798.00,990.00,996.00,1092.00,1182.00,990.00,1092.00,1188.00,1320.00,1329.00,1038.00,1161.00,1320.00,846.00,1005.00,1218.00,1326.00,1332.00,1338.00,1365.00,1365.00,1365.00,1365.00
SD265,717.00,717.00,717.00,717.00,804.00,879.00,960.00,1089.00,1122.00,912.00,1089.00,1125.00,1182.00,1224.00,1071.00,1113.00,1170.00,840.00,1032.00,1134.00,1218.00,1263.00,1287.00,1314.00,1314.00,1314.00,1314.00
TN266,744.00,744.00,744.00,744.00,852.00,915.00,984.00,1074.00,1098.00,951.00,1071.00,1098.00,1143.00,1185.00,1059.00,1092.00,1134.00,903.00,1032.00,1107.00,1179.00,1308.00,1320.00,1332.00,1332.00,1332.00,1332.00
TN267,798.00,798.00,798.00,798.00,885.00,954.00,993.00,1095.00,1164.00,966.00,1092.00,1170.00,1281.00,1320.00,1053.00,1149.00,1269.00,927.00,1032.00,1191.00,1314.00,1449.00,1464.00,1479.00,1479.00,1479.00,1479.00
TN268,873.00,873.00,873.00,873.00,975.00,1122.00,1164.00,1311.00,1383.00,1125.00,1308.00,1389.00,1512.00,1566.00,1263.00,1365.00,1497.00,1026.00,1224.00,1413.00,1560.00,1596.00,1653.00,1686.00,1686.00,1686.00,1686.00
TN269,999.00,999.00,999.00,999.00,1146.00,1227.00,1272.00,1326.00,1338.00,1251.00,1326.00,1338.00,1368.00,1416.00,1320.00,1335.00,1356.00,1221.00,1302.00,1341.00,1410.00,1488.00,1503.00,1518.00,1518.00,1518.00,1518.00
TN353,624.00,624.00,624.00,624.00,732.00,870.00,888.00,927.00,1017.00,870.00,924.00,1026.00,1164.00,1188.00,891.00,996.00,1158.00,783.00,864.00,1056.00,1185.00,1200.00,1224.00,1248.00,1248.00,1248.00,1248.00
TN354,645.00,645.00,645.00,645.00,678.00,819.00,840.00,942.00,999.00,819.00,939.00,1005.00,1098.00,1128.00,906.00,987.00,1092.00,696.00,870.00,1023.00,1125.00,1146.00,1176.00,1200.00,1200.00,1200.00,1200.00
TN449,693.00,693.00,693.00,693.00,792.00,846.00,882.00,936.00,960.00,867.00,936.00,963.00,1005.00,1041.00,921.00,954.00,996.00,840.00,906.00,969.00,1035.00,1125.00,1134.00,1146.00,1146.00,1146.00,1146.00
TX270,771.00,771.00,771.00,771.00,882.00,945.00,1011.00,1098.00,1134.00,978.00,1098.00,1137.00,1212.00,1296.00,1074.00,1125.00,1191.00,936.00,1050.00,1149.00,1284.00,1341.00,1428.00,1458.00,1458.00,1458.00,1458.00
TX271,675.00,675.00,675.00,675.00,750.00,894.00,927.00,1026.00,1092.00,897.00,1026.00,1098.00,1203.00,1248.00,984.00,1077.00,1194.00,810.00,954.00,1119.00,1242.00,1287.00,1317.00,1341.00,1341.00,1341.00,1341.00
TX272,858.00,858.00,858.00,858.00,963.00,1056.00,1152.00,1287.00,1332.00,1101.00,1284.00,1338.00,1416.00,1461.00,1257.00,1323.00,1407.00,1032.00,1218.00,1353.00,1455.00,1482.00,1530.00,1560.00,1560.00,1560.00,1560.00
TX273,888.00,888.00,888.00,888.00,1011.00,1209.00,1248.00,1335.00,1443.00,1209.00,1332.00,1452.00,1626.00,1677.00,1266.00,1419.00,1611.00,1104.00,1239.00,1488.00,1671.00,1704.00,1758.00,1794.00,1794.00,1794.00,1794.00
TX274,765.00,765.00,765.00,765.00,804.00,978.00,1011.00,1098.00,1179.00,981.00,1095.00,1185.00,1317.00,1359.00,1047.00,1161.00,1305.00,825.00,1008.00,1212.00,1353.00,1560.00,1575.00,1593.00,1593.00,1593.00,1593.00
TX275,852.00,852.00,852.00,852.00,957.00,1212.00,1236.00,1326.00,1437.00,1212.00,1320.00,1449.00,1626.00,1656.00,1251.00,1413.00,1617.00,1020.00,1212.00,1485.00,1650.00,1671.00,1704.00,1737.00,1737.00,1737.00,1737.00
TX276,843.00,843.00,843.00,843.00,954.00,1188.00,1203.00,1302.00,1410.00,1188.00,1296.00,1422.00,1587.00,1608.00,1230.00,1386.00,1584.00,1017.00,1194.00,1455.00,1605.00,1617.00,1638.00,1671.00,1671.00,1671.00,1671.00
TX277,990.00,990.00,990.00,990.00,1134.00,1230.00,1326.00,1458.00,1515.00,1281.00,1458.00,1518.00,1611.00,1656.00,1425.00,1500.00,1599.00,1215.00,1389.00,1536.00,1650.00,1677.00,1722.00,1758.00,1758.00,1758.00,1758.00
TX278,666.00,666.00,666.00,666.00,774.00,996.00,1002.00,1089.00,1182.00,996.00,1086.00,1191.00,1329.00,1341.00,1029.00,1161.00,1326.00,798.00,990.00,1218.00,1338.00,1452.00,1464.00,1479.00,1479.00,1479.00,1479.00
TX279,726.00,726.00,726.00,726.00,825.00,882.00,927.00,1011.00,1071.00,906.00,1008.00,1077.00,1173.00,1215.00,972.00,1056.00,1164.00,876.00,957.00,1095.00,1209.00,1236.00,1278.00,1302.00,1302.00,1302.00,1302.00
TX281,729.00,729.00,729.00,729.00,825.00,975.00,1017.00,1140.00,1200.00,975.00,1137.00,1206.00,1311.00,1368.00,1101.00,1188.00,1299.00,843.00,1056.00,1227.00,1362.00,1467.00,1482.00,1497.00,1497.00,1497.00,1497.00
TX282,1041.00,1041.00,1041.00,1041.00,1167.00,1443.00,1464.00,1629.00,1743.00,1443.00,1626.00,1755.00,1929.00,1962.00,1557.00,1716.00,1923.00,1221.00,1500.00,1791.00,1956.00,1977.00,2007.00,2049.00,2049.00,2049.00,2049.00
TX283,741.00,741.00,741.00,741.00,834.00,918.00,993.00,1095.00,1140.00,957.00,1095.00,1143.00,1218.00,1260.00,1068.00,1128.00,1206.00,906.00,1041.00,1158.00,1254.00,1284.00,1326.00,1353.00,1353.00,1353.00,1353.00
TX284,720.00,720.00,720.00,720.00,804.00,882.00,966.00,1077.00,1113.00,924.00,1074.00,1116.00,1191.00,1272.00,1053.00,1104.00,1170.00,867.00,1023.00,1128.00,1260.00,1314.00,1398.00,1428.00,1428.00,1428.00,1428.00
TX285,885.00,885.00,885.00,885.00,1017.00,1098.00,1185.00,1290.00,1314.00,1143.00,1290.00,1314.00,1368.00,1443.00,1275.00,1308.00,1347.00,1083.00,1242.00,1323.00,1431.00,1479.00,1557.00,1590.00,1590.00,1590.00,1590.00
TX286,750.00,750.00,750.00,750.00,849.00,906.00,960.00,1035.00,1086.00,933.00,1035.00,1071.00,1143.00,1251.00,1014.00,1059.00,1116.00,897.00,996.00,1080.00,1236.00,1305.00,1416.00,1446.00,1446.00,1446.00,1446.00
TX288,723.00,723.00,723.00,723.00,810.00,1005.00,1074.00,1149.00,1254.00,1005.00,1131.00,1221.00,1362.00,1455.00,1089.00,1194.00,1338.00,849.00,1041.00,1245.00,1443.00,1545.00,1599.00,1632.00,1632.00,1632.00,1632.00
TX356,852.00,852.00,852.00,852.00,960.00,1050.00,1143.00,1263.00,1308.00,1098.00,1263.00,1314.00,1401.00,1488.00,1236.00,1299.00,1377.00,1035.00,1203.00,1326.00,1476.00,1533.00,1623.00,1656.00,1656.00,1656.00,1656.00
TX387,795.00,795.00,795.00,795.00,918.00,1059.00,1077.00,1188.00,1275.00,1059.00,1185.00,1284.00,1419.00,1443.00,1131.00,1257.00,1413.00,987.00,1107.00,1311.00,1440.00,1620.00,1635.00,1653.00,1653.00,1653.00,1653.00
TX415,729.00,729.00,729.00,729.00,843.00,954.00,987.00,1089.00,1158.00,954.00,1086.00,1167.00,1284.00,1329.00,1041.00,1143.00,1272.00,903.00,1017.00,1188.00,1323.00,1488.00,1503.00,1518.00,1518.00,1518.00,1518.00
UT291,777.00,777.00,777.00,777.00,867.00,915.00,942.00,1005.00,1062.00,930.00,1005.00,1068.00,1161.00,1203.00,969.00,1050.00,1152.00,912.00,960.00,1086.00,1197.00,1224.00,1266.00,1290.00,1290.00,1290.00,1290.00
UT292,774.00,774.00,774.00,774.00,873.00,981.00,1038.00,1170.00,1224.00,990.00,1170.00,1227.00,1320.00,1374.00,1137.00,1212.00,1305.00,924.00,1101.00,1245.00,1365.00,1401.00,1455.00,1485.00,1485.00,1485.00,1485.00
UT357,753.00,753.00,753.00,753.00,831.00,885.00,969.00,1074.00,1101.00,927.00,1071.00,1104.00,1170.00,1272.00,1056.00,1095.00,1146.00,870.00,1023.00,1113.00,1260.00,1323.00,1428.00,1458.00,1458.00,1458.00,1458.00
VA295,1029.00,1029.00,1029.00,1029.00,1113.00,1164.00,1236.00,1338.00,1392.00,1200.00,1338.00,1392.00,1497.00,1611.00,1308.00,1377.00,1467.00,1155.00,1281.00,1410.00,1596.00,1671.00,1788.00,1824.00,1824.00,1824.00,1824.00
VA296,1152.00,1152.00,1152.00,1152.00,1284.00,1356.00,1401.00,1494.00,1569.00,1380.00,1491.00,1575.00,1710.00,1794.00,1446.00,1551.00,1686.00,1350.00,1431.00,1599.00,1782.00,1839.00,1929.00,1968.00,1968.00,1968.00,1968.00
VA297,1053.00,1053.00,1053.00,1053.00,1116.00,1209.00,1314.00,1431.00,1539.00,1215.00,1419.00,1506.00,1647.00,1788.00,1374.00,1485.00,1611.00,1146.00,1335.00,1524.00,1770.00,1860.00,2007.00,2049.00,2049.00,2049.00,2049.00
VA298,1110.00,1110.00,1110.00,1110.00,1212.00,1314.00,1365.00,1512.00,1605.00,1323.00,1509.00,1614.00,1758.00,1791.00,1452.00,1584.00,1752.00,1263.00,1422.00,1644.00,1788.00,1809.00,1842.00,1881.00,1881.00,1881.00,1881.00
VA300,873.00,873.00,873.00,873.00,1050.00,1146.00,1164.00,1185.00,1188.00,1155.00,1185.00,1191.00,1212.00,1269.00,1182.00,1188.00,1197.00,1143.00,1176.00,1191.00,1263.00,1299.00,1359.00,1386.00,1386.00,1386.00,1386.00
VA301,1017.00,1017.00,1017.00,1017.00,1107.00,1164.00,1248.00,1365.00,1410.00,1209.00,1365.00,1413.00,1491.00,1536.00,1338.00,1398.00,1479.00,1149.00,1305.00,1428.00,1530.00,1557.00,1605.00,1638.00,1638.00,1638.00,1638.00
VA302,1128.00,1128.00,1128.00,1128.00,1278.00,1554.00,1578.00,1779.00,1890.00,1554.00,1773.00,1902.00,2079.00,2112.00,1704.00,1866.00,2070.00,1308.00,1638.00,1938.00,2106.00,2127.00,2160.00,2205.00,2205.00,2205.00,2205.00
VA303,747.00,747.00,747.00,747.00,891.00,951.00,1005.00,1203.00,1227.00,951.00,1200.00,1230.00,1284.00,1353.00,1185.00,1221.00,1266.00,897.00,1122.00,1239.00,1344.00,1413.00,1458.00,1488.00,1488.00,1488.00,1488.00
VA362,720.00,720.00,720.00,720.00,777.00,864.00,909.00,1020.00,1071.00,864.00,1020.00,1077.00,1167.00,1227.00,987.00,1059.00,1152.00,804.00,957.00,1092.00,1221.00,1311.00,1323.00,1347.00,1347.00,1347.00,1347.00
VA368,1029.00,1029.00,1029.00,1029.00,1089.00,1284.00,1311.00,1404.00,1524.00,1284.00,1401.00,1533.00,1719.00,1755.00,1326.00,1497.00,1710.00,1119.00,1293.00,1572.00,1749.00,1773.00,1809.00,1845.00,1845.00,1845.00,1845.00
VT305,1149.00,1149.00,1149.00,1149.00,1323.00,1410.00,1545.00,1785.00,1821.00,1443.00,1785.00,1824.00,1896.00,1968.00,1764.00,1815.00,1878.00,1332.00,1683.00,1836.00,1959.00,2004.00,2079.00,2121.00,2121.00,2121.00,2121.00
WA306,861.00,861.00,861.00,861.00,969.00,1035.00,1131.00,1257.00,1299.00,1086.00,1257.00,1302.00,1386.00,1467.00,1230.00,1290.00,1365.00,1020.00,1194.00,1317.00,1455.00,1509.00,1593.00,1626.00,1626.00,1626.00,1626.00
WA307,942.00,942.00,942.00,942.00,1080.00,1161.00,1239.00,1368.00,1437.00,1203.00,1365.00,1443.00,1569.00,1653.00,1320.00,1422.00,1548.00,1149.00,1293.00,1467.00,1644.00,1695.00,1782.00,1818.00,1818.00,1818.00,1818.00
WA308,753.00,753.00,753.00,753.00,834.00,969.00,1014.00,1140.00,1197.00,969.00,1140.00,1203.00,1305.00,1368.00,1104.00,1185.00,1290.00,909.00,1071.00,1224.00,1359.00,1398.00,1461.00,1488.00,1488.00,1488.00,1488.00
WA309,1047.00,1047.00,1047.00,1047.00,1176.00,1410.00,1464.00,1629.00,1728.00,1413.00,1626.00,1737.00,1899.00,1968.00,1566.00,1704.00,1881.00,1227.00,1509.00,1767.00,1959.00,2004.00,2076.00,2118.00,2118.00,2118.00,2118.00
WA310,714.00,714.00,714.00,714.00,795.00,870.00,957.00,1077.00,1110.00,909.00,1077.00,1113.00,1173.00,1236.00,1059.00,1101.00,1158.00,843.00,1023.00,1122.00,1227.00,1266.00,1326.00,1353.00,1353.00,1353.00,1353.00
WA311,960.00,960.00,960.00,960.00,1074.00,1227.00,1308.00,1443.00,1518.00,1230.00,1440.00,1524.00,1662.00,1770.00,1395.00,1500.00,1635.00,1128.00,1350.00,1548.00,1755.00,1824.00,1935.00,1974.00,1974.00,1974.00,1974.00
WA312,792.00,792.00,792.00,792.00,915.00,1023.00,1098.00,1182.00,1251.00,1029.00,1176.00,1257.00,1389.00,1491.00,1131.00,1233.00,1362.00,981.00,1107.00,1278.00,1476.00,1542.00,1647.00,1680.00,1680.00,1680.00,1680.00
WA313,804.00,804.00,804.00,804.00,924.00,981.00,1080.00,1245.00,1269.00,1011.00,1245.00,1272.00,1320.00,1371.00,1230.00,1263.00,1308.00,930.00,1176.00,1281.00,1365.00,1395.00,1446.00,1476.00,1476.00,1476.00,1476.00
WA315,654.00,654.00,654.00,654.00,735.00,801.00,876.00,975.00,1011.00,840.00,975.00,1014.00,1077.00,1134.00,954.00,1002.00,1062.00,789.00,927.00,1023.00,1125.00,1161.00,1218.00,1242.00,1242.00,1242.00,1242.00
WI316,918.00,918.00,918.00,918.00,1065.00,1152.00,1230.00,1350.00,1410.00,1191.00,1347.00,1416.00,1524.00,1590.00,1311.00,1398.00,1506.00,1140.00,1281.00,1437.00,1581.00,1623.00,1692.00,1728.00,1728.00,1728.00,1728.00
WI317,954.00,954.00,954.00,954.00,1095.00,1197.00,1278.00,1389.00,1428.00,1239.00,1386.00,1431.00,1509.00,1584.00,1362.00,1419.00,1491.00,1185.00,1332.00,1443.00,1575.00,1623.00,1701.00,1737.00,1737.00,1737.00,1737.00
WI318,687.00,687.00,687.00,687.00,774.00,933.00,957.00,1074.00,1140.00,933.00,1074.00,1146.00,1251.00,1281.00,1032.00,1125.00,1245.00,801.00,993.00,1170.00,1278.00,1296.00,1326.00,1353.00,1353.00,1353.00,1353.00
WI319,615.00,615.00,615.00,615.00,690.00,813.00,843.00,939.00,996.00,813.00,936.00,1002.00,1095.00,1134.00,903.00,984.00,1083.00,738.00,876.00,1020.00,1128.00,1167.00,1194.00,1218.00,1218.00,1218.00,1218.00
WI358,624.00,624.00,624.00,624.00,717.00,879.00,900.00,951.00,1035.00,879.00,948.00,1044.00,1179.00,1206.00,903.00,1017.00,1170.00,771.00,876.00,1071.00,1200.00,1347.00,1359.00,1374.00,1374.00,1374.00,1374.00
WI359,639.00,639.00,639.00,639.00,735.00,849.00,873.00,945.00,1017.00,849.00,942.00,1023.00,1140.00,1170.00,897.00,999.00,1131.00,783.00,879.00,1047.00,1167.00,1185.00,1218.00,1242.00,1242.00,1242.00,1242.00
WI412,654.00,654.00,654.00,654.00,696.00,792.00,837.00,954.00,993.00,792.00,951.00,996.00,1071.00,1131.00,927.00,984.00,1056.00,705.00,888.00,1008.00,1122.00,1161.00,1221.00,1245.00,1245.00,1245.00,1245.00
WI453,675.00,675.00,675.00,675.00,768.00,903.00,909.00,1059.00,1113.00,903.00,1056.00,1119.00,1206.00,1215.00,1023.00,1101.00,1203.00,783.00,981.00,1137.00,1215.00,1221.00,1233.00,1257.00,1257.00,1257.00,1257.00
WV320,768.00,768.00,768.00,768.00,882.00,1053.00,1059.00,1221.00,1293.00,1053.00,1218.00,1299.00,1407.00,1416.00,1176.00,1275.00,1404.00,900.00,1122.00,1323.00,1416.00,1443.00,1458.00,1473.00,1473.00,1473.00,1473.00
WV322,684.00,684.00,684.00,684.00,813.00,912.00,939.00,1002.00,1086.00,912.00,999.00,1092.00,1224.00,1260.00,948.00,1065.00,1215.00,876.00,936.00,1119.00,1254.00,1278.00,1317.00,1341.00,1341.00,1341.00,1341.00
WV323,627.00,627.00,627.00,627.00,735.00,801.00,840.00,921.00,978.00,816.00,921.00,984.00,1080.00,1128.00,885.00,966.00,1068.00,786.00,867.00,1002.00,1122.00,1149.00,1197.00,1221.00,1221.00,1221.00,1221.00
WV360,609.00,609.00,609.00,609.00,693.00,744.00,804.00,891.00,930.00,777.00,888.00,933.00,1008.00,1074.00,864.00,921.00,993.00,735.00,843.00,948.00,1065.00,1104.00,1170.00,1194.00,1194.00,1194.00,1194.00
WV454,846.00,846.00,846.00,846.00,954.00,1023.00,1110.00,1230.00,1275.00,1068.00,1230.00,1281.00,1362.00,1428.00,1200.00,1266.00,1347.00,1008.00,1167.00,1293.00,1419.00,1458.00,1524.00,1557.00,1557.00,1557.00,1557.00
WV455,651.00,651.00,651.00,651.00,738.00,897.00,921.00,987.00,1068.00,897.00,984.00,1077.00,1203.00,1236.00,936.00,1050.00,1197.00,798.00,912.00,1101.00,1233.00,1260.00,1287.00,1314.00,1314.00,1314.00,1314.00
WV456,606.00,606.00,606.00,606.00,687.00,744.00,813.00,900.00,933.00,780.00,900.00,936.00,990.00,1023.00,882.00,924.00,981.00,735.00,855.00,945.00,1017.00,1038.00,1071.00,1092.00,1092.00,1092.00,1092.00
WY324,642.00,642.00,642.00,642.00,720.00,996.00,1032.00,1074.00,1149.00,999.00,1050.00,1158.00,1341.00,1389.00,1041.00,1122.00,1329.00,750.00,990.00,1197.00,1383.00,1416.00,1464.00,1494.00,1494.00,1494.00,1494.00
ZZ510,582.00,582.00,582.00,582.00,663.00,741.00,774.00,867.00,915.00,744.00,867.00,918.00,999.00,1041.00,840.00,903.00,987.00,702.00,816.00,933.00,1035.00,1062.00,1107.00,1131.00,1131.00,1131.00,1131.00
ZZ520,594.00,594.00,594.00,594.00,675.00,756.00,789.00,885.00,933.00,759.00,885.00,936.00,1017.00,1062.00,855.00,921.00,1005.00,717.00,831.00,951.00,1056.00,1083.00,1128.00,1152.00,1152.00,1152.00,1152.00
ZZ530,606.00,606.00,606.00,606.00,687.00,768.00,804.00,903.00,951.00,774.00,900.00,954.00,1038.00,1083.00,870.00,939.00,1026.00,729.00,846.00,969.00,1074.00,1104.00,1149.00,1173.00,1173.00,1173.00,1173.00
ZZ540,615.00,615.00,615.00,615.00,702.00,783.00,819.00,918.00,966.00,786.00,918.00,972.00,1056.00,1101.00,888.00,957.00,1044.00,744.00,861.00,987.00,1095.00,1125.00,1170.00,1194.00,1194.00,1194.00,1194.00
ZZ550,627.00,627.00,627.00,627.00,714.00,798.00,834.00,936.00,984.00,801.00,933.00,990.00,1074.00,1122.00,903.00,972.00,1062.00,756.00,879.00,1005.00,1116.00,1146.00,1194.00,1215.00,1215.00,1215.00,1215.00
ZZ560,639.00,639.00,639.00,639.00,726.00,813.00,849.00,951.00,1002.00,816.00,951.00,1008.00,1095.00,1140.00,918.00,990.00,1083.00,771.00,894.00,1023.00,1134.00,1164.00,1215.00,1239.00,1239.00,1239.00,1239.00
ZZ570,651.00,651.00,651.00,651.00,738.00,825.00,864.00,969.00,1020.00,831.00,966.00,1026.00,1113.00,1161.00,936.00,1008.00,1101.00,783.00,909.00,1041.00,1155.00,1185.00,1236.00,1260.00,1260.00,1260.00,1260.00
ZZ580,660.00,660.00,660.00,660.00,753.00,840.00,879.00,984.00,1038.00,846.00,984.00,1041.00,1131.00,1182.00,951.00,1026.00,1119.00,798.00,924.00,1059.00,1173.00,1206.00,1257.00,1281.00,1281.00,1281.00,1281.00
ZZ590,672.00,672.00,672.00,672.00,765.00,855.00,894.00,1002.00,1056.00,858.00,999.00,1059.00,1152.00,1200.00,966.00,1044.00,1140.00,810.00,939.00,1077.00,1194.00,1227.00,1278.00,1302.00,1302.00,1302.00,1302.00
ZZ600,684.00,684.00,684.00,684.00,777.00,867.00,909.00,1017.00,1071.00,873.00,1017.00,1077.00,1170.00,1221.00,984.00,1059.00,1158.00,825.00,957.00,1095.00,1215.00,1245.00,1299.00,1323.00,1323.00,1323.00,1323.00
ZZ610,696.00,696.00,696.00,696.00,789.00,882.00,924.00,1035.00,1089.00,888.00,1032.00,1095.00,1191.00,1242.00,999.00,1077.00,1176.00,837.00,972.00,1113.00,1233.00,1266.00,1320.00,1347.00,1347.00,1347.00,1347.00
ZZ620,705.00,705.00,705.00,705.00,804.00,897.00,939.00,1050.00,1107.00,903.00,1050.00,1113.00,1209.00,1260.00,1014.00,1095.00,1197.00,852.00,987.00,1131.00,1254.00,1287.00,1341.00,1368.00,1368.00,1368.00,1368.00
ZZ630,717.00,717.00,717.00,717.00,816.00,912.00,954.00,1068.00,1125.00,915.00,1065.00,1131.00,1227.00,1281.00,1032.00,1113.00,1215.00,864.00,1002.00,1149.00,1275.00,1308.00,1362.00,1389.00,1389.00,1389.00,1389.00
ZZ640,729.00,729.00,729.00,729.00,828.00,924.00,969.00,1083.00,1143.00,930.00,1083.00,1149.00,1248.00,1302.00,1047.00,1128.00,1233.00,879.00,1017.00,1167.00,1293.00,1329.00,1383.00,1410.00,1410.00,1410.00,1410.00
ZZ650,741.00,741.00,741.00,741.00,843.00,939.00,984.00,1101.00,1161.00,945.00,1098.00,1167.00,1266.00,1320.00,1062.00,1146.00,1254.00,891.00,1035.00,1185.00,1314.00,1347.00,1404.00,1431.00,1431.00,1431.00,1431.00
ZZ660,750.00,750.00,750.00,750.00,855.00,954.00,996.00,1119.00,1176.00,960.00,1116.00,1182.00,1287.00,1341.00,1080.00,1164.00,1272.00,906.00,1050.00,1203.00,1332.00,1368.00,1425.00,1455.00,1455.00,1455.00,1455.00
ZZ670,762.00,762.00,762.00,762.00,867.00,969.00,1011.00,1134.00,1194.00,975.00,1131.00,1200.00,1305.00,1362.00,1095.00,1182.00,1290.00,918.00,1065.00,1221.00,1353.00,1389.00,1446.00,1476.00,1476.00,1476.00,1476.00
ZZ680,774.00,774.00,774.00,774.00,879.00,981.00,1026.00,1152.00,1212.00,987.00,1149.00,1218.00,1323.00,1380.00,1110.00,1200.00,1311.00,933.00,1080.00,1239.00,1374.00,1410.00,1467.00,1497.00,1497.00,1497.00,1497.00
ZZ690,786.00,786.00,786.00,786.00,894.00,996.00,1041.00,1167.00,1230.00,1002.00,1164.00,1236.00,1344.00,1401.00,1128.00,1215.00,1329.00,945.00,1095.00,1257.00,1392.00,1431.00,1488.00,1518.00,1518.00,1518.00,1518.00
ZZ700,795.00,795.00,795.00,795.00,906.00,1011.00,1056.00,1185.00,1248.00,1017.00,1182.00,1254.00,1362.00,1422.00,1143.00,1233.00,1347.00,960.00,1113.00,1275.00,1413.00,1449.00,1509.00,1539.00,1539.00,1539.00,1539.00
ZZ710,807.00,807.00,807.00,807.00,918.00,1026.00,1071.00,1200.00,1266.00,1032.00,1200.00,1272.00,1380.00,1440.00,1158.00,1251.00,1368.00,972.00,1128.00,1293.00,1431.00,1470.00,1530.00,1563.00,1563.00,1563.00,1563.00
ZZ720,819.00,819.00,819.00,819.00,930.00,1038.00,1086.00,1218.00,1284.00,1044.00,1215.00,1290.00,1401.00,1461.00,1176.00,1269.00,1386.00,987.00,1143.00,1311.00,1452.00,1491.00,1551.00,1584.00,1584.00,1584.00,1584.00
ZZ730,831.00,831.00,831.00,831.00,945.00,1053.00,1101.00,1233.00,1299.00,1059.00,1233.00,1305.00,1419.00,1482.00,1191.00,1284.00,1404.00,999.00,1158.00,1329.00,1473.00,1512.00,1575.00,1605.00,1605.00,1605.00,1605.00
ZZ740,840.00,840.00,840.00,840.00,957.00,1068.00,1116.00,1251.00,1317.00,1074.00,1248.00,1323.00,1440.00,1500.00,1206.00,1302.00,1422.00,1014.00,1173.00,1347.00,1491.00,1530.00,1596.00,1626.00,1626.00,1626.00,1626.00
ZZ750,852.00,852.00,852.00,852.00,969.00,1083.00,1131.00,1266.00,1335.00,1089.00,1266.00,1341.00,1458.00,1521.00,1224.00,1320.00,1443.00,1026.00,1191.00,1365.00,1512.00,1551.00,1617.00,1647.00,1647.00,1647.00,1647.00
ZZ760,864.00,864.00,864.00,864.00,981.00,1095.00,1146.00,1284.00,1353.00,1104.00,1281.00,1359.00,1476.00,1539.00,1239.00,1338.00,1461.00,1041.00,1206.00,1380.00,1533.00,1572.00,1638.00,1671.00,1671.00,1671.00,1671.00
ZZ770,876.00,876.00,876.00,876.00,996.00,1110.00,1161.00,1299.00,1371.00,1116.00,1299.00,1377.00,1497.00,1560.00,1254.00,1353.00,1479.00,1056.00,1221.00,1398.00,1551.00,1593.00,1659.00,1692.00,1692.00,1692.00,1692.00
ZZ780,885.00,885.00,885.00,885.00,1008.00,1125.00,1176.00,1317.00,1389.00,1131.00,1314.00,1395.00,1515.00,1581.00,1272.00,1371.00,1500.00,1068.00,1236.00,1416.00,1572.00,1614.00,1680.00,1713.00,1713.00,1713.00,1713.00
ZZ790,897.00,897.00,897.00,897.00,1020.00,1140.00,1191.00,1335.00,1404.00,1146.00,1332.00,1413.00,1536.00,1599.00,1287.00,1389.00,1518.00,1083.00,1254.00,1434.00,1590.00,1632.00,1701.00,1734.00,1734.00,1734.00,1734.00
ZZ800,909.00,909.00,909.00,909.00,1035.00,1152.00,1206.00,1350.00,1422.00,1161.00,1347.00,1431.00,1554.00,1620.00,1305.00,1407.00,1536.00,1095.00,1269.00,1452.00,1611.00,1653.00,1722.00,1755.00,1755.00,1755.00,1755.00
ZZ810,918.00,918.00,918.00,918.00,1047.00,1167.00,1221.00,1368.00,1440.00,1173.00,1365.00,1446.00,1572.00,1641.00,1320.00,1425.00,1557.00,1110.00,1284.00,1470.00,1632.00,1674.00,1743.00,1779.00,1779.00,1779.00,1779.00
ZZ820,930.00,930.00,930.00,930.00,1059.00,1182.00,1236.00,1383.00,1458.00,1188.00,1380.00,1464.00,1593.00,1659.00,1335.00,1440.00,1575.00,1122.00,1299.00,1488.00,1650.00,1695.00,1764.00,1800.00,1800.00,1800.00,1800.00
ZZ830,942.00,942.00,942.00,942.00,1071.00,1197.00,1251.00,1401.00,1476.00,1203.00,1398.00,1482.00,1611.00,1680.00,1353.00,1458.00,1593.00,1137.00,1314.00,1506.00,1671.00,1713.00,1785.00,1821.00,1821.00,1821.00,1821.00
ZZ840,954.00,954.00,954.00,954.00,1086.00,1209.00,1266.00,1416.00,1494.00,1218.00,1413.00,1500.00,1629.00,1701.00,1368.00,1476.00,1614.00,1149.00,1332.00,1524.00,1689.00,1734.00,1806.00,1842.00,1842.00,1842.00,1842.00
ZZ850,963.00,963.00,963.00,963.00,1098.00,1224.00,1281.00,1434.00,1509.00,1230.00,1431.00,1518.00,1650.00,1719.00,1383.00,1494.00,1632.00,1164.00,1347.00,1542.00,1710.00,1755.00,1827.00,1863.00,1863.00,1863.00,1863.00
ZZ860,975.00,975.00,975.00,975.00,1110.00,1239.00,1296.00,1449.00,1527.00,1245.00,1446.00,1536.00,1668.00,1740.00,1401.00,1509.00,1650.00,1176.00,1362.00,1560.00,1731.00,1776.00,1848.00,1887.00,1887.00,1887.00,1887.00
ZZ870,987.00,987.00,987.00,987.00,1122.00,1251.00,1311.00,1467.00,1545.00,1260.00,1464.00,1554.00,1689.00,1761.00,1416.00,1527.00,1671.00,1191.00,1377.00,1578.00,1749.00,1797.00,1869.00,1908.00,1908.00,1908.00,1908.00
ZZ880,999.00,999.00,999.00,999.00,1137.00,1266.00,1326.00,1482.00,1563.00,1275.00,1482.00,1572.00,1707.00,1779.00,1431.00,1545.00,1689.00,1203.00,1392.00,1596.00,1770.00,1815.00,1890.00,1929.00,1929.00,1929.00,1929.00
ZZ890,1008.00,1008.00,1008.00,1008.00,1149.00,1281.00,1338.00,1500.00,1581.00,1290.00,1497.00,1587.00,1725.00,1800.00,1449.00,1563.00,1707.00,1218.00,1410.00,1614.00,1791.00,1836.00,1911.00,1950.00,1950.00,1950.00,1950.00
