AK400,1587.00,1587.00,1587.00,1587.00,1911.00,1911.00,2067.00,2235.00,2394.00,1914.00,2136.00,2343.00,2412.00,2493.00,2100.00,2313.00,2424.00,1911.00,1911.00,2334.00,2523.00,2655.00,2682.00,2706.00,2706.00,2706.00,2706.00
AK401,1797.00,1797.00,1797.00,1797.00,2040.00,2040.00,2145.00,2259.00,2385.00,2043.00,2193.00,2334.00,2403.00,2487.00,2169.00,2313.00,2418.00,2040.00,2040.00,2328.00,2520.00,2655.00,2682.00,2706.00,2706.00,2706.00,2706.00
AK402,1818.00,1818.00,1818.00,1818.00,2124.00,2124.00,2187.00,2259.00,2364.00,2127.00,2217.00,2304.00,2385.00,2484.00,2202.00,2289.00,2400.00,2124.00,2124.00,2298.00,2523.00,2679.00,2706.00,2733.00,2733.00,2733.00,2733.00
AK403,1605.00,1605.00,1605.00,1605.00,1890.00,1890.00,2007.00,2130.00,2265.00,1893.00,2058.00,2211.00,2286.00,2373.00,2031.00,2190.00,2298.00,1890.00,1890.00,2205.00,2409.00,2550.00,2577.00,2601.00,2601.00,2601.00,2601.00
AK404,1479.00,1479.00,1479.00,1479.00,1836.00,1836.00,1989.00,2154.00,2370.00,1839.00,2055.00,2259.00,2412.00,2595.00,2022.00,2229.00,2439.00,1836.00,1836.00,2250.00,2664.00,2958.00,2988.00,3018.00,3018.00,3018.00,3018.00
AK405,1500.00,1500.00,1500.00,1500.00,1821.00,1821.00,1905.00,1998.00,2100.00,1821.00,1944.00,2058.00,2115.00,2181.00,1926.00,2040.00,2124.00,1821.00,1821.00,2052.00,2205.00,2313.00,2334.00,2358.00,2358.00,2358.00,2358.00
AL001,792.00,792.00,792.00,792.00,837.00,1197.00,1218.00,1236.00,1287.00,1200.00,1224.00,1251.00,1299.00,1359.00,1221.00,1245.00,1311.00,876.00,1191.00,1248.00,1383.00,1479.00,1494.00,1509.00,1509.00,1509.00,1509.00
AL002,915.00,915.00,915.00,915.00,1053.00,1254.00,1362.00,1479.00,1599.00,1257.00,1410.00,1551.00,1617.00,1695.00,1386.00,1530.00,1629.00,1074.00,1251.00,1545.00,1722.00,1848.00,1866.00,1884.00,1884.00,1884.00,1884.00
AL003,1059.00,1059.00,1059.00,1059.00,1146.00,1227.00,1278.00,1335.00,1431.00,1227.00,1302.00,1371.00,1452.00,1548.00,1290.00,1359.00,1467.00,1155.00,1224.00,1368.00,1587.00,1743.00,1758.00,1776.00,1776.00,1776.00,1776.00
AL004,987.00,987.00,987.00,987.00,1029.00,1179.00,1221.00,1269.00,1401.00,1179.00,1242.00,1299.00,1437.00,1602.00,1233.00,1290.00,1464.00,1047.00,1176.00,1296.00,1665.00,1932.00,1950.00,1971.00,1971.00,1971.00,1971.00
AL005,1050.00,1050.00,1050.00,1050.00,1107.00,1212.00,1344.00,1485.00,1611.00,1218.00,1401.00,1575.00,1626.00,1689.00,1371.00,1548.00,1635.00,1119.00,1212.00,1566.00,1713.00,1812.00,1830.00,1848.00,1848.00,1848.00,1848.00
AL006,906.00,906.00,906.00,906.00,975.00,1218.00,1251.00,1284.00,1371.00,1221.00,1263.00,1305.00,1395.00,1500.00,1257.00,1299.00,1410.00,1002.00,1215.00,1305.00,1539.00,1707.00,1725.00,1743.00,1743.00,1743.00,1743.00
AL007,1041.00,1041.00,1041.00,1041.00,1146.00,1389.00,1422.00,1458.00,1590.00,1392.00,1437.00,1482.00,1629.00,1803.00,1431.00,1476.00,1656.00,1173.00,1386.00,1479.00,1872.00,2151.00,2175.00,2196.00,2196.00,2196.00,2196.00
AL008,927.00,927.00,927.00,927.00,1008.00,1155.00,1236.00,1320.00,1434.00,1158.00,1269.00,1374.00,1458.00,1554.00,1251.00,1359.00,1473.00,1026.00,1152.00,1371.00,1590.00,1746.00,1764.00,1782.00,1782.00,1782.00,1782.00
AR010,933.00,933.00,933.00,933.00,1008.00,1203.00,1269.00,1338.00,1458.00,1206.00,1296.00,1383.00,1485.00,1605.00,1281.00,1371.00,1503.00,1029.00,1200.00,1380.00,1653.00,1848.00,1866.00,1884.00,1884.00,1884.00,1884.00
AR011,855.00,855.00,855.00,855.00,918.00,993.00,1017.00,1041.00,1083.00,996.00,1026.00,1059.00,1092.00,1131.00,1023.00,1053.00,1098.00,924.00,993.00,1056.00,1143.00,1206.00,1218.00,1230.00,1230.00,1230.00,1230.00
AR012,783.00,783.00,783.00,783.00,834.00,1035.00,1056.00,1080.00,1152.00,1035.00,1065.00,1095.00,1173.00,1266.00,1062.00,1092.00,1188.00,858.00,1029.00,1095.00,1302.00,1452.00,1467.00,1482.00,1482.00,1482.00,1482.00
AR411,798.00,798.00,798.00,798.00,879.00,1047.00,1089.00,1131.00,1254.00,1047.00,1107.00,1161.00,1287.00,1437.00,1098.00,1152.00,1311.00,897.00,1044.00,1158.00,1497.00,1740.00,1758.00,1776.00,1776.00,1776.00,1776.00
AR419,849.00,849.00,849.00,849.00,948.00,1041.00,1104.00,1173.00,1254.00,1044.00,1134.00,1218.00,1266.00,1326.00,1119.00,1206.00,1275.00,960.00,1041.00,1215.00,1347.00,1443.00,1455.00,1470.00,1470.00,1470.00,1470.00
AZ013,1197.00,1197.00,1197.00,1197.00,1335.00,1443.00,1464.00,1485.00,1518.00,1443.00,1473.00,1500.00,1524.00,1551.00,1467.00,1497.00,1527.00,1347.00,1440.00,1500.00,1560.00,1605.00,1623.00,1638.00,1638.00,1638.00,1638.00
AZ014,888.00,888.00,888.00,888.00,963.00,1173.00,1311.00,1458.00,1572.00,1179.00,1371.00,1554.00,1578.00,1605.00,1341.00,1527.00,1581.00,987.00,1170.00,1545.00,1614.00,1659.00,1674.00,1692.00,1692.00,1692.00,1692.00
AZ015,1023.00,1023.00,1023.00,1023.00,1128.00,1296.00,1314.00,1332.00,1407.00,1296.00,1320.00,1344.00,1431.00,1533.00,1317.00,1341.00,1446.00,1146.00,1293.00,1344.00,1572.00,1734.00,1752.00,1770.00,1770.00,1770.00,1770.00
AZ016,1002.00,1002.00,1002.00,1002.00,1083.00,1284.00,1320.00,1362.00,1422.00,1284.00,1338.00,1386.00,1434.00,1488.00,1329.00,1380.00,1443.00,1104.00,1281.00,1386.00,1509.00,1599.00,1614.00,1632.00,1632.00,1632.00,1632.00
CA018,1785.00,1785.00,1785.00,1785.00,1914.00,2298.00,2430.00,2577.00,2727.00,2301.00,2490.00,2667.00,2748.00,2844.00,2460.00,2643.00,2763.00,1956.00,2289.00,2661.00,2880.00,3036.00,3066.00,3096.00,3096.00,3096.00,3096.00
CA019,2433.00,2433.00,2433.00,2433.00,2562.00,2766.00,2850.00,2940.00,3114.00,2766.00,2886.00,2997.00,3159.00,3348.00,2868.00,2982.00,3186.00,2583.00,2760.00,2991.00,3420.00,3729.00,3765.00,3804.00,3804.00,3804.00,3804.00
CA021,867.00,867.00,867.00,867.00,960.00,1179.00,1203.00,1233.00,1311.00,1179.00,1215.00,1251.00,1335.00,1434.00,1209.00,1245.00,1350.00,984.00,1173.00,1248.00,1473.00,1635.00,1653.00,1668.00,1668.00,1668.00,1668.00
CA022,1125.00,1125.00,1125.00,1125.00,1227.00,1380.00,1410.00,1446.00,1518.00,1380.00,1425.00,1470.00,1536.00,1617.00,1419.00,1464.00,1548.00,1245.00,1377.00,1467.00,1647.00,1776.00,1794.00,1812.00,1812.00,1812.00,1812.00
CA023,1023.00,1023.00,1023.00,1023.00,1116.00,1218.00,1332.00,1452.00,1563.00,1221.00,1380.00,1530.00,1572.00,1623.00,1356.00,1509.00,1581.00,1128.00,1218.00,1524.00,1641.00,1722.00,1740.00,1755.00,1755.00,1755.00,1755.00
CA024,1677.00,1677.00,1677.00,1677.00,1776.00,2058.00,2148.00,2247.00,2370.00,2061.00,2187.00,2310.00,2394.00,2493.00,2169.00,2292.00,2409.00,1806.00,2052.00,2304.00,2529.00,2691.00,2718.00,2745.00,2745.00,2745.00,2745.00
CA025,1686.00,1686.00,1686.00,1686.00,1776.00,2190.00,2340.00,2502.00,2685.00,2193.00,2406.00,2607.00,2715.00,2841.00,2373.00,2577.00,2733.00,1821.00,2181.00,2598.00,2889.00,3093.00,3123.00,3153.00,3153.00,3153.00,3153.00
CA026,1341.00,1341.00,1341.00,1341.00,1452.00,1620.00,1674.00,1734.00,1833.00,1620.00,1698.00,1773.00,1857.00,1956.00,1686.00,1761.00,1872.00,1470.00,1617.00,1770.00,1995.00,2154.00,2175.00,2196.00,2196.00,2196.00,2196.00
CA027,1920.00,1920.00,1920.00,1920.00,2058.00,2097.00,2127.00,2160.00,2247.00,2097.00,2139.00,2178.00,2274.00,2385.00,2133.00,2172.00,2292.00,2061.00,2097.00,2178.00,2427.00,2610.00,2634.00,2661.00,2661.00,2661.00,2661.00
CA028,1014.00,1014.00,1014.00,1014.00,1089.00,1272.00,1329.00,1392.00,1458.00,1275.00,1356.00,1431.00,1470.00,1515.00,1341.00,1419.00,1476.00,1110.00,1269.00,1428.00,1533.00,1608.00,1626.00,1641.00,1641.00,1641.00,1641.00
CA031,1206.00,1206.00,1206.00,1206.00,1296.00,1599.00,1632.00,1668.00,1719.00,1599.00,1647.00,1689.00,1731.00,1782.00,1638.00,1683.00,1740.00,1329.00,1593.00,1689.00,1800.00,1881.00,1899.00,1917.00,1917.00,1917.00,1917.00
CA032,963.00,963.00,963.00,963.00,1035.00,1218.00,1287.00,1362.00,1458.00,1221.00,1317.00,1410.00,1476.00,1551.00,1302.00,1398.00,1488.00,1056.00,1215.00,1407.00,1581.00,1707.00,1722.00,1740.00,1740.00,1740.00,1740.00
CA033,1236.00,1236.00,1236.00,1236.00,1317.00,1446.00,1590.00,1746.00,1914.00,1449.00,1656.00,1848.00,1941.00,2049.00,1623.00,1818.00,1956.00,1332.00,1443.00,1839.00,2091.00,2271.00,2292.00,2316.00,2316.00,2316.00,2316.00
CA034,1527.00,1527.00,1527.00,1527.00,1680.00,1854.00,1923.00,1998.00,2133.00,1854.00,1953.00,2046.00,2163.00,2304.00,1938.00,2031.00,2187.00,1698.00,1851.00,2040.00,2358.00,2586.00,2613.00,2637.00,2637.00,2637.00,2637.00
CA035,1119.00,1119.00,1119.00,1119.00,1221.00,1389.00,1452.00,1518.00,1611.00,1392.00,1479.00,1560.00,1629.00,1710.00,1464.00,1548.00,1641.00,1239.00,1386.00,1557.00,1740.00,1869.00,1890.00,1908.00,1908.00,1908.00,1908.00
CA036,1599.00,1599.00,1599.00,1599.00,1653.00,1833.00,1905.00,1986.00,2121.00,1836.00,1938.00,2034.00,2154.00,2292.00,1923.00,2022.00,2175.00,1674.00,1830.00,2031.00,2346.00,2571.00,2598.00,2622.00,2622.00,2622.00,2622.00
CA037,1908.00,1908.00,1908.00,1908.00,2052.00,2397.00,2517.00,2649.00,2808.00,2400.00,2571.00,2733.00,2838.00,2961.00,2544.00,2709.00,2856.00,2091.00,2391.00,2724.00,3009.00,3210.00,3243.00,3273.00,3273.00,3273.00,3273.00
CA038,1893.00,1893.00,1893.00,1893.00,1998.00,2133.00,2208.00,2286.00,2412.00,2136.00,2241.00,2337.00,2439.00,2556.00,2223.00,2325.00,2457.00,2013.00,2130.00,2334.00,2601.00,2793.00,2820.00,2847.00,2847.00,2847.00,2847.00
CA039,1755.00,1755.00,1755.00,1755.00,1950.00,2343.00,2457.00,2583.00,2736.00,2346.00,2508.00,2664.00,2763.00,2883.00,2484.00,2640.00,2781.00,1995.00,2334.00,2658.00,2928.00,3120.00,3150.00,3180.00,3180.00,3180.00,3180.00
CA040,966.00,966.00,966.00,966.00,1020.00,1215.00,1317.00,1425.00,1551.00,1218.00,1362.00,1497.00,1572.00,1662.00,1338.00,1476.00,1587.00,1041.00,1209.00,1491.00,1698.00,1842.00,1860.00,1878.00,1878.00,1878.00,1878.00
CA041,1488.00,1488.00,1488.00,1488.00,1671.00,1773.00,1815.00,1860.00,1977.00,1776.00,1833.00,1890.00,2007.00,2148.00,1824.00,1881.00,2028.00,1683.00,1773.00,1887.00,2202.00,2427.00,2451.00,2475.00,2475.00,2475.00,2475.00
CA042,1023.00,1023.00,1023.00,1023.00,1119.00,1512.00,1542.00,1578.00,1650.00,1512.00,1557.00,1599.00,1671.00,1755.00,1551.00,1593.00,1683.00,1161.00,1503.00,1596.00,1788.00,1923.00,1941.00,1962.00,1962.00,1962.00,1962.00
CA044,1935.00,1935.00,1935.00,1935.00,2112.00,2313.00,2406.00,2505.00,2673.00,2316.00,2445.00,2568.00,2712.00,2883.00,2427.00,2550.00,2739.00,2136.00,2310.00,2562.00,2949.00,3225.00,3258.00,3291.00,3291.00,3291.00,3291.00
CA392,1383.00,1383.00,1383.00,1383.00,1506.00,1863.00,1938.00,2019.00,2109.00,1863.00,1971.00,2073.00,2124.00,2181.00,1956.00,2058.00,2133.00,1545.00,1854.00,2070.00,2205.00,2301.00,2322.00,2346.00,2346.00,2346.00,2346.00
CA393,1455.00,1455.00,1455.00,1455.00,1470.00,1617.00,1638.00,1662.00,1740.00,1617.00,1647.00,1677.00,1764.00,1869.00,1644.00,1674.00,1782.00,1485.00,1614.00,1677.00,1911.00,2079.00,2100.00,2121.00,2121.00,2121.00,2121.00
CA420,996.00,996.00,996.00,996.00,1080.00,1206.00,1296.00,1395.00,1491.00,1209.00,1338.00,1458.00,1503.00,1557.00,1317.00,1440.00,1512.00,1095.00,1203.00,1452.00,1578.00,1668.00,1683.00,1701.00,1701.00,1701.00,1701.00
CA421,1080.00,1080.00,1080.00,1080.00,1161.00,1410.00,1533.00,1665.00,1803.00,1413.00,1587.00,1749.00,1821.00,1905.00,1560.00,1725.00,1833.00,1188.00,1404.00,1743.00,1938.00,2073.00,2094.00,2112.00,2112.00,2112.00,2112.00
CA457,1203.00,1203.00,1203.00,1203.00,1317.00,1617.00,1701.00,1794.00,1905.00,1617.00,1740.00,1851.00,1926.00,2010.00,1719.00,1836.00,1938.00,1350.00,1611.00,1848.00,2043.00,2184.00,2205.00,2226.00,2226.00,2226.00,2226.00
CO045,1284.00,1284.00,1284.00,1284.00,1458.00,1587.00,1719.00,1866.00,2031.00,1590.00,1779.00,1959.00,2058.00,2175.00,1749.00,1932.00,2076.00,1473.00,1584.00,1953.00,2220.00,2409.00,2433.00,2457.00,2457.00,2457.00,2457.00
CO046,1065.00,1065.00,1065.00,1065.00,1152.00,1257.00,1347.00,1446.00,1557.00,1260.00,1389.00,1509.00,1575.00,1650.00,1368.00,1491.00,1584.00,1164.00,1257.00,1503.00,1680.00,1803.00,1821.00,1839.00,1839.00,1839.00,1839.00
CO047,942.00,942.00,942.00,942.00,1011.00,1257.00,1323.00,1395.00,1470.00,1260.00,1353.00,1440.00,1479.00,1527.00,1338.00,1428.00,1488.00,1038.00,1251.00,1437.00,1545.00,1620.00,1638.00,1653.00,1653.00,1653.00,1653.00
CO422,1320.00,1320.00,1320.00,1320.00,1461.00,1752.00,1824.00,1902.00,2019.00,1755.00,1854.00,1950.00,2043.00,2154.00,1839.00,1935.00,2061.00,1494.00,1746.00,1947.00,2196.00,2376.00,2400.00,2424.00,2424.00,2424.00,2424.00
CT049,1383.00,1383.00,1383.00,1383.00,1506.00,1599.00,1716.00,1842.00,1989.00,1602.00,1767.00,1926.00,2016.00,2121.00,1743.00,1902.00,2031.00,1515.00,1596.00,1917.00,2163.00,2334.00,2358.00,2382.00,2382.00,2382.00,2382.00
CT050,1569.00,1569.00,1569.00,1569.00,1758.00,1935.00,2082.00,2238.00,2457.00,1941.00,2145.00,2340.00,2502.00,2694.00,2112.00,2310.00,2532.00,1779.00,1932.00,2331.00,2766.00,3075.00,3108.00,3138.00,3138.00,3138.00,3138.00
CT051,2001.00,2001.00,2001.00,2001.00,2112.00,2292.00,2517.00,2763.00,3021.00,2298.00,2619.00,2922.00,3060.00,3225.00,2568.00,2877.00,3084.00,2133.00,2286.00,2907.00,3288.00,3552.00,3588.00,3624.00,3624.00,3624.00,3624.00
DC053,1794.00,1794.00,1794.00,1794.00,1941.00,2265.00,2325.00,2394.00,2514.00,2265.00,2355.00,2436.00,2544.00,2670.00,2340.00,2424.00,2562.00,1977.00,2259.00,2433.00,2718.00,2919.00,2949.00,2979.00,2979.00,2979.00,2979.00
DE054,1221.00,1221.00,1221.00,1221.00,1320.00,1536.00,1575.00,1617.00,1689.00,1536.00,1593.00,1644.00,1704.00,1779.00,1584.00,1635.00,1716.00,1344.00,1530.00,1641.00,1806.00,1923.00,1941.00,1962.00,1962.00,1962.00,1962.00
DE055,1311.00,1311.00,1311.00,1311.00,1377.00,1581.00,1638.00,1698.00,1779.00,1581.00,1662.00,1740.00,1797.00,1863.00,1650.00,1728.00,1806.00,1398.00,1575.00,1737.00,1890.00,1998.00,2016.00,2037.00,2037.00,2037.00,2037.00
FL056,1218.00,1218.00,1218.00,1218.00,1257.00,1371.00,1413.00,1461.00,1563.00,1371.00,1434.00,1491.00,1590.00,1710.00,1422.00,1482.00,1608.00,1269.00,1368.00,1488.00,1755.00,1947.00,1968.00,1986.00,1986.00,1986.00,1986.00
FL057,1182.00,1182.00,1182.00,1182.00,1278.00,1377.00,1479.00,1590.00,1722.00,1380.00,1524.00,1659.00,1746.00,1848.00,1503.00,1641.00,1761.00,1287.00,1374.00,1653.00,1887.00,2052.00,2073.00,2094.00,2094.00,2094.00,2094.00
FL058,1155.00,1155.00,1155.00,1155.00,1248.00,1443.00,1470.00,1500.00,1596.00,1446.00,1482.00,1518.00,1626.00,1752.00,1476.00,1512.00,1644.00,1269.00,1440.00,1518.00,1800.00,2004.00,2022.00,2043.00,2043.00,2043.00,2043.00
FL059,1080.00,1080.00,1080.00,1080.00,1185.00,1590.00,1614.00,1641.00,1725.00,1593.00,1626.00,1656.00,1752.00,1863.00,1620.00,1650.00,1770.00,1230.00,1584.00,1656.00,1908.00,2088.00,2109.00,2130.00,2130.00,2130.00,2130.00
FL061,1656.00,1656.00,1656.00,1656.00,1752.00,1920.00,2049.00,2187.00,2355.00,1923.00,2106.00,2277.00,2385.00,2514.00,2076.00,2250.00,2406.00,1770.00,1917.00,2268.00,2565.00,2772.00,2802.00,2829.00,2829.00,2829.00,2829.00
FL062,1329.00,1329.00,1329.00,1329.00,1461.00,1554.00,1587.00,1620.00,1695.00,1554.00,1599.00,1644.00,1713.00,1797.00,1593.00,1638.00,1725.00,1473.00,1551.00,1641.00,1830.00,1965.00,1983.00,2004.00,2004.00,2004.00,2004.00
FL063,1140.00,1140.00,1140.00,1140.00,1194.00,1356.00,1413.00,1473.00,1566.00,1356.00,1437.00,1512.00,1587.00,1677.00,1425.00,1500.00,1602.00,1212.00,1353.00,1509.00,1713.00,1857.00,1875.00,1893.00,1893.00,1893.00,1893.00
FL064,1077.00,1077.00,1077.00,1077.00,1113.00,1284.00,1317.00,1356.00,1443.00,1287.00,1332.00,1377.00,1470.00,1578.00,1326.00,1371.00,1485.00,1131.00,1281.00,1377.00,1620.00,1794.00,1812.00,1830.00,1830.00,1830.00,1830.00
FL065,1101.00,1101.00,1101.00,1101.00,1152.00,1329.00,1377.00,1431.00,1554.00,1329.00,1401.00,1467.00,1584.00,1725.00,1389.00,1458.00,1605.00,1170.00,1323.00,1464.00,1779.00,2004.00,2022.00,2043.00,2043.00,2043.00,2043.00
FL066,1497.00,1497.00,1497.00,1497.00,1662.00,1905.00,1962.00,2025.00,2151.00,1908.00,1989.00,2067.00,2184.00,2322.00,1977.00,2055.00,2205.00,1689.00,1899.00,2064.00,2376.00,2598.00,2625.00,2652.00,2652.00,2652.00,2652.00
FL067,1485.00,1485.00,1485.00,1485.00,1623.00,1914.00,1983.00,2061.00,2166.00,1917.00,2016.00,2109.00,2187.00,2277.00,2001.00,2094.00,2199.00,1653.00,1908.00,2106.00,2313.00,2460.00,2484.00,2508.00,2508.00,2508.00,2508.00
FL068,1071.00,1071.00,1071.00,1071.00,1122.00,1305.00,1320.00,1338.00,1428.00,1305.00,1326.00,1350.00,1455.00,1584.00,1323.00,1347.00,1476.00,1143.00,1299.00,1347.00,1632.00,1836.00,1854.00,1872.00,1872.00,1872.00,1872.00
FL069,1935.00,1935.00,1935.00,1935.00,2064.00,2694.00,2709.00,2724.00,2862.00,2694.00,2715.00,2736.00,2910.00,3117.00,2712.00,2733.00,2943.00,2133.00,2682.00,2733.00,3198.00,3531.00,3567.00,3603.00,3603.00,3603.00,3603.00
FL070,1125.00,1125.00,1125.00,1125.00,1245.00,1437.00,1560.00,1692.00,1815.00,1440.00,1614.00,1776.00,1827.00,1890.00,1587.00,1752.00,1839.00,1266.00,1434.00,1770.00,1914.00,2010.00,2031.00,2052.00,2052.00,2052.00,2052.00
FL397,990.00,990.00,990.00,990.00,1065.00,1251.00,1302.00,1356.00,1476.00,1251.00,1323.00,1392.00,1509.00,1647.00,1314.00,1383.00,1530.00,1086.00,1245.00,1389.00,1698.00,1920.00,1941.00,1959.00,1959.00,1959.00,1959.00
FL423,1077.00,1077.00,1077.00,1077.00,1167.00,1470.00,1509.00,1554.00,1608.00,1470.00,1527.00,1581.00,1620.00,1662.00,1518.00,1575.00,1626.00,1200.00,1464.00,1581.00,1680.00,1749.00,1767.00,1785.00,1785.00,1785.00,1785.00
FL424,1365.00,1365.00,1365.00,1365.00,1506.00,1566.00,1707.00,1857.00,1998.00,1572.00,1767.00,1953.00,2016.00,2094.00,1737.00,1926.00,2028.00,1515.00,1566.00,1944.00,2124.00,2247.00,2268.00,2292.00,2292.00,2292.00,2292.00
GA071,1116.00,1116.00,1116.00,1116.00,1194.00,1353.00,1422.00,1494.00,1593.00,1356.00,1452.00,1542.00,1611.00,1695.00,1437.00,1527.00,1623.00,1212.00,1350.00,1536.00,1725.00,1860.00,1878.00,1896.00,1896.00,1896.00,1896.00
GA072,918.00,918.00,918.00,918.00,981.00,1050.00,1149.00,1254.00,1398.00,1053.00,1191.00,1323.00,1428.00,1551.00,1170.00,1305.00,1446.00,990.00,1050.00,1317.00,1599.00,1800.00,1818.00,1836.00,1836.00,1836.00,1836.00
GA073,981.00,981.00,981.00,981.00,1068.00,1260.00,1272.00,1287.00,1392.00,1260.00,1278.00,1296.00,1431.00,1590.00,1275.00,1293.00,1455.00,1089.00,1257.00,1293.00,1653.00,1911.00,1929.00,1947.00,1947.00,1947.00,1947.00
GA074,975.00,975.00,975.00,975.00,1044.00,1350.00,1410.00,1476.00,1566.00,1350.00,1437.00,1518.00,1581.00,1659.00,1422.00,1506.00,1593.00,1077.00,1344.00,1515.00,1686.00,1809.00,1827.00,1845.00,1845.00,1845.00,1845.00
GA075,1047.00,1047.00,1047.00,1047.00,1104.00,1371.00,1377.00,1386.00,1437.00,1371.00,1380.00,1389.00,1458.00,1536.00,1380.00,1389.00,1470.00,1131.00,1365.00,1389.00,1566.00,1692.00,1710.00,1728.00,1728.00,1728.00,1728.00
GA076,1005.00,1005.00,1005.00,1005.00,1047.00,1107.00,1251.00,1407.00,1545.00,1110.00,1314.00,1506.00,1560.00,1626.00,1281.00,1479.00,1572.00,1053.00,1104.00,1497.00,1650.00,1755.00,1773.00,1791.00,1791.00,1791.00,1791.00
GA077,1179.00,1179.00,1179.00,1179.00,1254.00,1488.00,1575.00,1671.00,1782.00,1491.00,1614.00,1731.00,1800.00,1881.00,1596.00,1713.00,1812.00,1281.00,1485.00,1725.00,1914.00,2046.00,2067.00,2088.00,2088.00,2088.00,2088.00
GA078,915.00,915.00,915.00,915.00,960.00,1116.00,1185.00,1257.00,1359.00,1119.00,1215.00,1302.00,1380.00,1470.00,1200.00,1290.00,1395.00,978.00,1113.00,1299.00,1506.00,1653.00,1668.00,1686.00,1686.00,1686.00,1686.00
GA079,945.00,945.00,945.00,945.00,1065.00,1173.00,1221.00,1272.00,1359.00,1173.00,1242.00,1305.00,1377.00,1461.00,1233.00,1296.00,1392.00,1077.00,1170.00,1302.00,1494.00,1632.00,1647.00,1665.00,1665.00,1665.00,1665.00
GA080,1077.00,1077.00,1077.00,1077.00,1128.00,1440.00,1464.00,1488.00,1575.00,1440.00,1473.00,1506.00,1602.00,1719.00,1470.00,1500.00,1620.00,1164.00,1434.00,1503.00,1761.00,1947.00,1968.00,1986.00,1986.00,1986.00,1986.00
GA081,918.00,918.00,918.00,918.00,975.00,1149.00,1197.00,1254.00,1359.00,1149.00,1221.00,1287.00,1383.00,1497.00,1209.00,1278.00,1401.00,993.00,1146.00,1284.00,1539.00,1722.00,1740.00,1758.00,1758.00,1758.00,1758.00
HI407,1746.00,1746.00,1746.00,1746.00,1830.00,2040.00,2073.00,2109.00,2178.00,2040.00,2088.00,2133.00,2193.00,2268.00,2082.00,2127.00,2205.00,1851.00,2037.00,2130.00,2295.00,2412.00,2436.00,2460.00,2460.00,2460.00,2460.00
HI408,2001.00,2001.00,2001.00,2001.00,2094.00,2445.00,2553.00,2670.00,2808.00,2448.00,2601.00,2745.00,2832.00,2934.00,2577.00,2724.00,2847.00,2133.00,2439.00,2739.00,2973.00,3138.00,3168.00,3201.00,3201.00,3201.00,3201.00
HI409,1413.00,1413.00,1413.00,1413.00,1476.00,1815.00,1848.00,1884.00,1947.00,1815.00,1863.00,1908.00,1959.00,2022.00,1857.00,1902.00,1971.00,1515.00,1809.00,1905.00,2046.00,2145.00,2166.00,2187.00,2187.00,2187.00,2187.00
HI414,1737.00,1737.00,1737.00,1737.00,1893.00,2061.00,2079.00,2097.00,2265.00,2061.00,2085.00,2109.00,2325.00,2577.00,2082.00,2106.00,2364.00,1911.00,2058.00,2109.00,2676.00,3084.00,3117.00,3147.00,3147.00,3147.00,3147.00
IA082,1017.00,1017.00,1017.00,1017.00,1104.00,1368.00,1422.00,1479.00,1554.00,1368.00,1443.00,1515.00,1566.00,1629.00,1431.00,1503.00,1578.00,1131.00,1362.00,1512.00,1653.00,1755.00,1773.00,1791.00,1791.00,1791.00,1791.00
IA083,885.00,885.00,885.00,885.00,963.00,1245.00,1257.00,1272.00,1359.00,1245.00,1263.00,1278.00,1389.00,1521.00,1260.00,1278.00,1410.00,993.00,1239.00,1278.00,1572.00,1785.00,1803.00,1821.00,1821.00,1821.00,1821.00
IA330,828.00,828.00,828.00,828.00,915.00,1059.00,1119.00,1185.00,1260.00,1062.00,1146.00,1227.00,1272.00,1323.00,1134.00,1215.00,1281.00,933.00,1056.00,1224.00,1344.00,1428.00,1443.00,1458.00,1458.00,1458.00,1458.00
IA331,930.00,930.00,930.00,930.00,1020.00,1242.00,1323.00,1410.00,1545.00,1245.00,1359.00,1467.00,1575.00,1701.00,1341.00,1452.00,1593.00,1044.00,1239.00,1464.00,1749.00,1953.00,1971.00,1992.00,1992.00,1992.00,1992.00
IA332,813.00,813.00,813.00,813.00,831.00,1089.00,1167.00,1254.00,1359.00,1092.00,1203.00,1308.00,1380.00,1464.00,1185.00,1293.00,1392.00,858.00,1086.00,1302.00,1497.00,1632.00,1650.00,1665.00,1665.00,1665.00,1665.00
IA389,840.00,840.00,840.00,840.00,903.00,1005.00,1038.00,1074.00,1146.00,1008.00,1053.00,1098.00,1164.00,1242.00,1047.00,1092.00,1176.00,915.00,1005.00,1095.00,1272.00,1398.00,1413.00,1425.00,1425.00,1425.00,1425.00
IA425,960.00,960.00,960.00,960.00,1068.00,1299.00,1347.00,1398.00,1533.00,1299.00,1368.00,1428.00,1572.00,1740.00,1356.00,1419.00,1599.00,1092.00,1293.00,1425.00,1806.00,2079.00,2100.00,2121.00,2121.00,2121.00,2121.00
ID084,885.00,885.00,885.00,885.00,951.00,1080.00,1113.00,1146.00,1203.00,1080.00,1125.00,1170.00,1218.00,1272.00,1119.00,1164.00,1224.00,966.00,1077.00,1167.00,1293.00,1383.00,1395.00,1410.00,1410.00,1410.00,1410.00
ID085,861.00,861.00,861.00,861.00,951.00,975.00,1050.00,1131.00,1224.00,978.00,1083.00,1185.00,1239.00,1305.00,1068.00,1170.00,1248.00,954.00,975.00,1179.00,1329.00,1434.00,1449.00,1464.00,1464.00,1464.00,1464.00
ID086,867.00,867.00,867.00,867.00,960.00,1080.00,1191.00,1314.00,1419.00,1083.00,1242.00,1389.00,1428.00,1473.00,1215.00,1368.00,1437.00,972.00,1077.00,1383.00,1491.00,1566.00,1581.00,1596.00,1596.00,1596.00,1596.00
ID333,807.00,807.00,807.00,807.00,912.00,1305.00,1353.00,1407.00,1497.00,1305.00,1374.00,1440.00,1518.00,1611.00,1365.00,1431.00,1533.00,954.00,1296.00,1437.00,1647.00,1797.00,1815.00,1833.00,1833.00,1833.00,1833.00
IL088,1107.00,1107.00,1107.00,1107.00,1188.00,1380.00,1407.00,1434.00,1521.00,1380.00,1419.00,1452.00,1545.00,1656.00,1413.00,1449.00,1563.00,1209.00,1377.00,1452.00,1698.00,1875.00,1893.00,1914.00,1914.00,1914.00,1914.00
IL089,882.00,882.00,882.00,882.00,939.00,1263.00,1311.00,1362.00,1443.00,1263.00,1332.00,1395.00,1461.00,1539.00,1320.00,1386.00,1473.00,975.00,1257.00,1392.00,1566.00,1692.00,1710.00,1728.00,1728.00,1728.00,1728.00
IL090,1002.00,1002.00,1002.00,1002.00,1104.00,1296.00,1308.00,1317.00,1368.00,1296.00,1311.00,1323.00,1383.00,1452.00,1308.00,1323.00,1392.00,1125.00,1293.00,1323.00,1479.00,1590.00,1605.00,1623.00,1623.00,1623.00,1623.00
IL092,1152.00,1152.00,1152.00,1152.00,1281.00,1509.00,1557.00,1605.00,1716.00,1512.00,1575.00,1638.00,1746.00,1875.00,1566.00,1629.00,1767.00,1308.00,1506.00,1635.00,1926.00,2133.00,2154.00,2178.00,2178.00,2178.00,2178.00
IL093,1056.00,1056.00,1056.00,1056.00,1131.00,1368.00,1449.00,1539.00,1653.00,1368.00,1485.00,1596.00,1677.00,1773.00,1467.00,1578.00,1692.00,1158.00,1362.00,1590.00,1809.00,1965.00,1986.00,2004.00,2004.00,2004.00,2004.00
IL325,1608.00,1608.00,1608.00,1608.00,1689.00,1974.00,1986.00,2001.00,2100.00,1974.00,1992.00,2013.00,2133.00,2277.00,1989.00,2010.00,2157.00,1719.00,1968.00,2010.00,2334.00,2568.00,2592.00,2619.00,2619.00,2619.00,2619.00
IL335,927.00,927.00,927.00,927.00,972.00,1191.00,1200.00,1209.00,1272.00,1191.00,1203.00,1215.00,1290.00,1380.00,1200.00,1215.00,1305.00,996.00,1185.00,1215.00,1413.00,1557.00,1572.00,1587.00,1587.00,1587.00,1587.00
IL366,1086.00,1086.00,1086.00,1086.00,1275.00,1629.00,1683.00,1740.00,1854.00,1632.00,1704.00,1776.00,1884.00,2013.00,1695.00,1764.00,1905.00,1314.00,1623.00,1773.00,2064.00,2271.00,2295.00,2316.00,2316.00,2316.00,2316.00
IL427,942.00,942.00,942.00,942.00,1056.00,1191.00,1203.00,1218.00,1263.00,1191.00,1209.00,1224.00,1278.00,1344.00,1206.00,1224.00,1290.00,1071.00,1188.00,1224.00,1368.00,1470.00,1485.00,1500.00,1500.00,1500.00,1500.00
IN094,1062.00,1062.00,1062.00,1062.00,1131.00,1230.00,1272.00,1317.00,1413.00,1233.00,1290.00,1344.00,1440.00,1554.00,1281.00,1335.00,1458.00,1140.00,1230.00,1341.00,1599.00,1782.00,1800.00,1818.00,1818.00,1818.00,1818.00
IN096,1026.00,1026.00,1026.00,1026.00,1089.00,1161.00,1188.00,1218.00,1260.00,1164.00,1200.00,1236.00,1269.00,1308.00,1194.00,1230.00,1275.00,1095.00,1161.00,1233.00,1323.00,1386.00,1398.00,1413.00,1413.00,1413.00,1413.00
IN097,861.00,861.00,861.00,861.00,948.00,1095.00,1140.00,1185.00,1293.00,1095.00,1158.00,1215.00,1320.00,1443.00,1149.00,1209.00,1338.00,963.00,1092.00,1215.00,1491.00,1689.00,1704.00,1722.00,1722.00,1722.00,1722.00
IN099,969.00,969.00,969.00,969.00,1080.00,1236.00,1263.00,1290.00,1362.00,1239.00,1275.00,1308.00,1380.00,1464.00,1269.00,1305.00,1395.00,1098.00,1233.00,1308.00,1497.00,1635.00,1650.00,1668.00,1668.00,1668.00,1668.00
IN337,888.00,888.00,888.00,888.00,984.00,1104.00,1122.00,1140.00,1218.00,1104.00,1128.00,1149.00,1242.00,1350.00,1125.00,1146.00,1257.00,996.00,1101.00,1149.00,1392.00,1566.00,1584.00,1599.00,1599.00,1599.00,1599.00
IN338,852.00,852.00,852.00,852.00,915.00,1086.00,1122.00,1161.00,1221.00,1086.00,1140.00,1188.00,1230.00,1284.00,1131.00,1182.00,1239.00,933.00,1083.00,1185.00,1302.00,1386.00,1398.00,1413.00,1413.00,1413.00,1413.00
IN399,894.00,894.00,894.00,894.00,999.00,1149.00,1251.00,1362.00,1470.00,1152.00,1296.00,1431.00,1485.00,1548.00,1275.00,1410.00,1494.00,1017.00,1146.00,1425.00,1572.00,1674.00,1692.00,1710.00,1710.00,1710.00,1710.00
KS100,1023.00,1023.00,1023.00,1023.00,1113.00,1410.00,1416.00,1425.00,1494.00,1410.00,1419.00,1431.00,1518.00,1620.00,1419.00,1428.00,1533.00,1146.00,1404.00,1431.00,1659.00,1824.00,1842.00,1860.00,1860.00,1860.00,1860.00
KS101,891.00,891.00,891.00,891.00,1023.00,1206.00,1302.00,1404.00,1521.00,1209.00,1344.00,1470.00,1542.00,1626.00,1323.00,1452.00,1554.00,1044.00,1203.00,1464.00,1659.00,1797.00,1815.00,1833.00,1833.00,1833.00,1833.00
KS102,882.00,882.00,882.00,882.00,975.00,1224.00,1305.00,1395.00,1524.00,1227.00,1344.00,1452.00,1551.00,1665.00,1326.00,1437.00,1569.00,1002.00,1218.00,1449.00,1710.00,1896.00,1914.00,1935.00,1935.00,1935.00,1935.00
KS104,957.00,957.00,957.00,957.00,1017.00,1200.00,1284.00,1374.00,1488.00,1203.00,1320.00,1431.00,1509.00,1599.00,1302.00,1416.00,1521.00,1038.00,1197.00,1428.00,1635.00,1779.00,1797.00,1815.00,1815.00,1815.00,1815.00
KS105,912.00,912.00,912.00,912.00,1026.00,1251.00,1284.00,1320.00,1398.00,1251.00,1299.00,1344.00,1419.00,1512.00,1290.00,1335.00,1434.00,1053.00,1245.00,1341.00,1548.00,1695.00,1710.00,1728.00,1728.00,1728.00,1728.00
KS334,783.00,783.00,783.00,783.00,849.00,993.00,1047.00,1104.00,1167.00,993.00,1071.00,1143.00,1179.00,1221.00,1059.00,1131.00,1185.00,864.00,990.00,1140.00,1236.00,1305.00,1317.00,1332.00,1332.00,1332.00,1332.00
KY106,864.00,864.00,864.00,864.00,888.00,1143.00,1257.00,1380.00,1485.00,1146.00,1308.00,1461.00,1494.00,1533.00,1281.00,1440.00,1500.00,915.00,1137.00,1455.00,1548.00,1608.00,1626.00,1641.00,1641.00,1641.00,1641.00
KY107,933.00,933.00,933.00,933.00,1047.00,1182.00,1224.00,1269.00,1347.00,1185.00,1242.00,1299.00,1365.00,1443.00,1233.00,1290.00,1377.00,1062.00,1179.00,1296.00,1476.00,1602.00,1617.00,1635.00,1635.00,1635.00,1635.00
KY109,1098.00,1098.00,1098.00,1098.00,1191.00,1320.00,1461.00,1617.00,1776.00,1323.00,1524.00,1713.00,1800.00,1902.00,1494.00,1686.00,1815.00,1206.00,1317.00,1707.00,1941.00,2106.00,2127.00,2148.00,2148.00,2148.00,2148.00
KY110,816.00,816.00,816.00,816.00,930.00,1269.00,1305.00,1344.00,1419.00,1272.00,1323.00,1371.00,1437.00,1515.00,1314.00,1362.00,1449.00,966.00,1263.00,1368.00,1545.00,1674.00,1689.00,1707.00,1707.00,1707.00,1707.00
KY112,786.00,786.00,786.00,786.00,840.00,975.00,1047.00,1125.00,1230.00,978.00,1080.00,1176.00,1248.00,1335.00,1062.00,1161.00,1263.00,855.00,972.00,1173.00,1368.00,1506.00,1521.00,1536.00,1536.00,1536.00,1536.00
KY339,792.00,792.00,792.00,792.00,852.00,930.00,1029.00,1140.00,1254.00,933.00,1074.00,1209.00,1272.00,1347.00,1053.00,1188.00,1284.00,861.00,927.00,1203.00,1374.00,1494.00,1509.00,1524.00,1524.00,1524.00,1524.00
KY429,837.00,837.00,837.00,837.00,885.00,987.00,1071.00,1164.00,1311.00,990.00,1110.00,1221.00,1347.00,1494.00,1089.00,1206.00,1368.00,894.00,984.00,1215.00,1551.00,1788.00,1806.00,1824.00,1824.00,1824.00,1824.00
KY430,756.00,756.00,756.00,756.00,822.00,1071.00,1131.00,1197.00,1281.00,1074.00,1158.00,1239.00,1293.00,1359.00,1146.00,1227.00,1305.00,849.00,1068.00,1236.00,1383.00,1488.00,1503.00,1518.00,1518.00,1518.00,1518.00
LA113,975.00,975.00,975.00,975.00,1155.00,1287.00,1299.00,1314.00,1401.00,1287.00,1305.00,1320.00,1431.00,1560.00,1302.00,1320.00,1452.00,1170.00,1284.00,1320.00,1611.00,1821.00,1839.00,1857.00,1857.00,1857.00,1857.00
LA114,1203.00,1203.00,1203.00,1203.00,1278.00,1383.00,1464.00,1551.00,1704.00,1386.00,1500.00,1605.00,1740.00,1899.00,1482.00,1590.00,1764.00,1290.00,1383.00,1602.00,1959.00,2214.00,2238.00,2259.00,2259.00,2259.00,2259.00
LA115,852.00,852.00,852.00,852.00,879.00,1056.00,1128.00,1203.00,1299.00,1056.00,1158.00,1254.00,1314.00,1386.00,1143.00,1239.00,1326.00,897.00,1050.00,1251.00,1416.00,1533.00,1548.00,1563.00,1563.00,1563.00,1563.00
LA116,1191.00,1191.00,1191.00,1191.00,1251.00,1605.00,1626.00,1647.00,1737.00,1608.00,1635.00,1659.00,1767.00,1896.00,1629.00,1656.00,1788.00,1290.00,1599.00,1659.00,1944.00,2151.00,2172.00,2193.00,2193.00,2193.00,2193.00
LA117,1005.00,1005.00,1005.00,1005.00,1083.00,1419.00,1467.00,1518.00,1641.00,1419.00,1488.00,1551.00,1674.00,1815.00,1476.00,1542.00,1695.00,1122.00,1410.00,1548.00,1872.00,2103.00,2124.00,2145.00,2145.00,2145.00,2145.00
LA118,1056.00,1056.00,1056.00,1056.00,1173.00,1404.00,1437.00,1470.00,1554.00,1407.00,1449.00,1491.00,1578.00,1680.00,1443.00,1485.00,1593.00,1200.00,1401.00,1488.00,1719.00,1887.00,1905.00,1923.00,1923.00,1923.00,1923.00
LA326,1116.00,1116.00,1116.00,1116.00,1248.00,1485.00,1563.00,1650.00,1725.00,1485.00,1599.00,1707.00,1734.00,1767.00,1581.00,1689.00,1740.00,1275.00,1479.00,1701.00,1779.00,1833.00,1851.00,1869.00,1869.00,1869.00,1869.00
LA370,1077.00,1077.00,1077.00,1077.00,1140.00,1266.00,1341.00,1425.00,1494.00,1269.00,1377.00,1479.00,1500.00,1524.00,1359.00,1464.00,1503.00,1155.00,1263.00,1473.00,1533.00,1575.00,1590.00,1608.00,1608.00,1608.00,1608.00
LA371,855.00,855.00,855.00,855.00,918.00,1206.00,1215.00,1224.00,1275.00,1206.00,1218.00,1230.00,1293.00,1368.00,1218.00,1227.00,1305.00,948.00,1200.00,1230.00,1395.00,1518.00,1533.00,1548.00,1548.00,1548.00,1548.00
MA119,2346.00,2346.00,2346.00,2346.00,2460.00,3012.00,3144.00,3285.00,3465.00,3015.00,3201.00,3378.00,3498.00,3639.00,3174.00,3351.00,3519.00,2520.00,3000.00,3369.00,3693.00,3921.00,3960.00,3999.00,3999.00,3999.00,3999.00
MA120,2097.00,2097.00,2097.00,2097.00,2307.00,2508.00,2550.00,2598.00,2772.00,2508.00,2571.00,2628.00,2826.00,3063.00,2559.00,2619.00,2862.00,2328.00,2502.00,2625.00,3153.00,3534.00,3567.00,3603.00,3603.00,3603.00,3603.00
MA121,1473.00,1473.00,1473.00,1473.00,1551.00,1896.00,1929.00,1962.00,2049.00,1899.00,1944.00,1986.00,2076.00,2181.00,1935.00,1980.00,2091.00,1590.00,1890.00,1983.00,2223.00,2394.00,2418.00,2442.00,2442.00,2442.00,2442.00
MA122,1425.00,1425.00,1425.00,1425.00,1554.00,1749.00,1866.00,1995.00,2199.00,1752.00,1920.00,2076.00,2244.00,2439.00,1893.00,2055.00,2274.00,1575.00,1746.00,2070.00,2514.00,2832.00,2859.00,2889.00,2889.00,2889.00,2889.00
MA123,1443.00,1443.00,1443.00,1443.00,1587.00,1854.00,1953.00,2064.00,2181.00,1857.00,1998.00,2133.00,2199.00,2277.00,1977.00,2112.00,2211.00,1614.00,1848.00,2127.00,2307.00,2433.00,2457.00,2484.00,2484.00,2484.00,2484.00
MA124,1488.00,1488.00,1488.00,1488.00,1641.00,2130.00,2139.00,2145.00,2244.00,2130.00,2142.00,2151.00,2280.00,2433.00,2139.00,2151.00,2304.00,1695.00,2121.00,2151.00,2490.00,2736.00,2763.00,2793.00,2793.00,2793.00,2793.00
MA125,1746.00,1746.00,1746.00,1746.00,1920.00,2190.00,2274.00,2367.00,2532.00,2190.00,2313.00,2427.00,2574.00,2742.00,2295.00,2412.00,2598.00,1950.00,2184.00,2424.00,2808.00,3084.00,3117.00,3147.00,3147.00,3147.00,3147.00
MA126,1347.00,1347.00,1347.00,1347.00,1455.00,1656.00,1773.00,1902.00,2043.00,1659.00,1827.00,1983.00,2067.00,2166.00,1800.00,1962.00,2082.00,1476.00,1653.00,1977.00,2202.00,2361.00,2385.00,2409.00,2409.00,2409.00,2409.00
MA151,1974.00,1974.00,1974.00,1974.00,2163.00,2397.00,2442.00,2490.00,2607.00,2397.00,2463.00,2523.00,2637.00,2772.00,2451.00,2514.00,2658.00,2190.00,2391.00,2520.00,2823.00,3039.00,3069.00,3099.00,3099.00,3099.00,3099.00
MA377,1950.00,1950.00,1950.00,1950.00,2196.00,2355.00,2493.00,2646.00,2805.00,2358.00,2556.00,2742.00,2829.00,2931.00,2526.00,2715.00,2844.00,2211.00,2352.00,2733.00,2970.00,3135.00,3165.00,3198.00,3198.00,3198.00,3198.00
MD127,1317.00,1317.00,1317.00,1317.00,1422.00,1731.00,1785.00,1842.00,1947.00,1734.00,1809.00,1878.00,1971.00,2079.00,1797.00,1869.00,1986.00,1458.00,1725.00,1875.00,2121.00,2295.00,2319.00,2343.00,2343.00,2343.00,2343.00
MD128,1626.00,1626.00,1626.00,1626.00,1803.00,2058.00,2163.00,2277.00,2442.00,2061.00,2211.00,2349.00,2478.00,2631.00,2187.00,2328.00,2502.00,1833.00,2055.00,2343.00,2688.00,2934.00,2964.00,2994.00,2994.00,2994.00,2994.00
MD129,1752.00,1752.00,1752.00,1752.00,1950.00,2061.00,2208.00,2364.00,2529.00,2064.00,2271.00,2466.00,2553.00,2655.00,2238.00,2439.00,2568.00,1962.00,2058.00,2460.00,2694.00,2859.00,2889.00,2916.00,2916.00,2916.00,2916.00
MD130,1419.00,1419.00,1419.00,1419.00,1530.00,1791.00,1911.00,2040.00,2211.00,1794.00,1962.00,2121.00,2244.00,2391.00,1935.00,2097.00,2268.00,1560.00,1785.00,2115.00,2448.00,2685.00,2712.00,2739.00,2739.00,2739.00,2739.00
MD133,1596.00,1596.00,1596.00,1596.00,1836.00,2100.00,2193.00,2295.00,2430.00,2103.00,2235.00,2358.00,2454.00,2568.00,2214.00,2340.00,2472.00,1866.00,2094.00,2355.00,2613.00,2796.00,2823.00,2853.00,2853.00,2853.00,2853.00
MD134,1590.00,1590.00,1590.00,1590.00,1704.00,1968.00,2049.00,2139.00,2265.00,1968.00,2088.00,2196.00,2289.00,2397.00,2067.00,2181.00,2304.00,1734.00,1962.00,2193.00,2439.00,2613.00,2640.00,2667.00,2667.00,2667.00,2667.00
MD135,1380.00,1380.00,1380.00,1380.00,1515.00,1668.00,1752.00,1842.00,1953.00,1671.00,1788.00,1899.00,1974.00,2061.00,1770.00,1884.00,1986.00,1533.00,1665.00,1896.00,2094.00,2235.00,2259.00,2280.00,2280.00,2280.00,2280.00
MD340,825.00,825.00,825.00,825.00,903.00,1062.00,1095.00,1131.00,1206.00,1062.00,1110.00,1155.00,1227.00,1311.00,1101.00,1146.00,1239.00,921.00,1059.00,1152.00,1344.00,1479.00,1494.00,1509.00,1509.00,1509.00,1509.00
MD432,1293.00,1293.00,1293.00,1293.00,1326.00,1593.00,1614.00,1635.00,1707.00,1593.00,1623.00,1650.00,1731.00,1824.00,1617.00,1644.00,1743.00,1356.00,1587.00,1647.00,1863.00,2016.00,2037.00,2055.00,2055.00,2055.00,2055.00
MD458,1368.00,1368.00,1368.00,1368.00,1482.00,1782.00,1845.00,1917.00,2001.00,1785.00,1875.00,1962.00,2013.00,2076.00,1860.00,1947.00,2025.00,1515.00,1776.00,1956.00,2100.00,2202.00,2226.00,2247.00,2247.00,2247.00,2247.00
ME136,936.00,936.00,936.00,936.00,1050.00,1287.00,1344.00,1404.00,1503.00,1287.00,1368.00,1443.00,1527.00,1626.00,1356.00,1431.00,1542.00,1077.00,1281.00,1440.00,1665.00,1827.00,1845.00,1863.00,1863.00,1863.00,1863.00
ME137,792.00,792.00,792.00,792.00,876.00,990.00,1029.00,1068.00,1128.00,990.00,1044.00,1095.00,1140.00,1194.00,1035.00,1089.00,1149.00,888.00,987.00,1095.00,1215.00,1299.00,1314.00,1326.00,1326.00,1326.00,1326.00
ME139,1254.00,1254.00,1254.00,1254.00,1353.00,1491.00,1671.00,1866.00,2043.00,1497.00,1752.00,1989.00,2061.00,2145.00,1710.00,1956.00,2076.00,1368.00,1488.00,1980.00,2178.00,2316.00,2340.00,2361.00,2361.00,2361.00,2361.00
ME141,1098.00,1098.00,1098.00,1098.00,1227.00,1338.00,1359.00,1383.00,1422.00,1338.00,1368.00,1398.00,1428.00,1464.00,1365.00,1395.00,1434.00,1239.00,1335.00,1398.00,1476.00,1533.00,1548.00,1566.00,1566.00,1566.00,1566.00
ME390,1056.00,1056.00,1056.00,1056.00,1107.00,1293.00,1341.00,1395.00,1476.00,1293.00,1362.00,1428.00,1494.00,1572.00,1353.00,1419.00,1506.00,1128.00,1290.00,1425.00,1602.00,1731.00,1746.00,1764.00,1764.00,1764.00,1764.00
MI142,1164.00,1164.00,1164.00,1164.00,1308.00,1521.00,1656.00,1803.00,1992.00,1524.00,1716.00,1896.00,2025.00,2178.00,1686.00,1872.00,2049.00,1332.00,1515.00,1890.00,2238.00,2484.00,2511.00,2535.00,2535.00,2535.00,2535.00
MI143,840.00,840.00,840.00,840.00,924.00,1110.00,1188.00,1269.00,1380.00,1113.00,1221.00,1323.00,1401.00,1494.00,1203.00,1308.00,1416.00,945.00,1107.00,1320.00,1530.00,1683.00,1698.00,1716.00,1716.00,1716.00,1716.00
MI145,771.00,771.00,771.00,771.00,816.00,1068.00,1092.00,1116.00,1158.00,1071.00,1101.00,1131.00,1167.00,1209.00,1098.00,1128.00,1173.00,843.00,1065.00,1131.00,1227.00,1293.00,1308.00,1320.00,1320.00,1320.00,1320.00
MI146,960.00,960.00,960.00,960.00,1080.00,1269.00,1305.00,1341.00,1410.00,1272.00,1320.00,1365.00,1428.00,1500.00,1311.00,1356.00,1437.00,1101.00,1266.00,1362.00,1530.00,1650.00,1665.00,1683.00,1683.00,1683.00,1683.00
MI148,861.00,861.00,861.00,861.00,978.00,1152.00,1173.00,1194.00,1242.00,1155.00,1182.00,1209.00,1254.00,1305.00,1179.00,1206.00,1263.00,996.00,1149.00,1209.00,1326.00,1410.00,1425.00,1440.00,1440.00,1440.00,1440.00
MI149,927.00,927.00,927.00,927.00,999.00,1182.00,1200.00,1218.00,1293.00,1182.00,1206.00,1230.00,1317.00,1416.00,1203.00,1227.00,1332.00,1017.00,1179.00,1230.00,1455.00,1617.00,1632.00,1650.00,1650.00,1650.00,1650.00
MI152,954.00,954.00,954.00,954.00,1122.00,1227.00,1341.00,1467.00,1593.00,1230.00,1395.00,1548.00,1611.00,1686.00,1368.00,1527.00,1623.00,1134.00,1224.00,1542.00,1713.00,1833.00,1851.00,1869.00,1869.00,1869.00,1869.00
MI153,1077.00,1077.00,1077.00,1077.00,1197.00,1227.00,1299.00,1380.00,1470.00,1230.00,1332.00,1428.00,1485.00,1554.00,1317.00,1416.00,1497.00,1200.00,1227.00,1425.00,1581.00,1689.00,1707.00,1722.00,1722.00,1722.00,1722.00
MI154,948.00,948.00,948.00,948.00,1056.00,1287.00,1290.00,1290.00,1347.00,1287.00,1290.00,1293.00,1368.00,1455.00,1290.00,1293.00,1380.00,1083.00,1281.00,1293.00,1488.00,1629.00,1644.00,1662.00,1662.00,1662.00,1662.00
MI155,1191.00,1191.00,1191.00,1191.00,1359.00,1515.00,1626.00,1743.00,1908.00,1518.00,1674.00,1818.00,1941.00,2088.00,1650.00,1797.00,1965.00,1374.00,1512.00,1812.00,2145.00,2379.00,2403.00,2427.00,2427.00,2427.00,2427.00
MI156,852.00,852.00,852.00,852.00,936.00,1125.00,1182.00,1245.00,1320.00,1128.00,1206.00,1284.00,1335.00,1398.00,1194.00,1272.00,1344.00,957.00,1122.00,1281.00,1422.00,1521.00,1536.00,1551.00,1551.00,1551.00,1551.00
MI157,729.00,729.00,729.00,729.00,831.00,939.00,978.00,1020.00,1092.00,939.00,996.00,1050.00,1110.00,1182.00,987.00,1041.00,1119.00,843.00,936.00,1047.00,1209.00,1323.00,1335.00,1350.00,1350.00,1350.00,1350.00
MI434,870.00,870.00,870.00,870.00,981.00,1164.00,1215.00,1269.00,1383.00,1164.00,1236.00,1305.00,1413.00,1542.00,1227.00,1296.00,1434.00,999.00,1161.00,1302.00,1593.00,1800.00,1818.00,1836.00,1836.00,1836.00,1836.00
MN158,1044.00,1044.00,1044.00,1044.00,1185.00,1374.00,1395.00,1416.00,1494.00,1374.00,1404.00,1431.00,1518.00,1623.00,1398.00,1428.00,1533.00,1206.00,1371.00,1431.00,1662.00,1827.00,1845.00,1866.00,1866.00,1866.00,1866.00
MN159,1257.00,1257.00,1257.00,1257.00,1428.00,1650.00,1692.00,1740.00,1818.00,1653.00,1713.00,1770.00,1836.00,1917.00,1704.00,1761.00,1851.00,1452.00,1647.00,1767.00,1950.00,2079.00,2100.00,2121.00,2121.00,2121.00,2121.00
MN376,876.00,876.00,876.00,876.00,1008.00,1182.00,1257.00,1338.00,1428.00,1185.00,1290.00,1392.00,1440.00,1500.00,1275.00,1377.00,1449.00,1026.00,1179.00,1386.00,1524.00,1617.00,1635.00,1650.00,1650.00,1650.00,1650.00
MN436,903.00,903.00,903.00,903.00,1029.00,1182.00,1245.00,1311.00,1413.00,1185.00,1272.00,1356.00,1437.00,1530.00,1260.00,1344.00,1449.00,1047.00,1179.00,1353.00,1569.00,1722.00,1740.00,1755.00,1755.00,1755.00,1755.00
MO160,1002.00,1002.00,1002.00,1002.00,1095.00,1221.00,1257.00,1299.00,1398.00,1221.00,1275.00,1326.00,1428.00,1545.00,1266.00,1320.00,1446.00,1107.00,1218.00,1323.00,1593.00,1785.00,1803.00,1821.00,1821.00,1821.00,1821.00
MO161,1143.00,1143.00,1143.00,1143.00,1233.00,1515.00,1524.00,1536.00,1602.00,1515.00,1530.00,1545.00,1626.00,1719.00,1527.00,1542.00,1638.00,1263.00,1509.00,1542.00,1758.00,1911.00,1929.00,1950.00,1950.00,1950.00,1950.00
MO162,786.00,786.00,786.00,786.00,915.00,1143.00,1224.00,1311.00,1401.00,1146.00,1260.00,1368.00,1413.00,1464.00,1242.00,1350.00,1419.00,939.00,1137.00,1362.00,1485.00,1572.00,1587.00,1602.00,1602.00,1602.00,1602.00
MO163,918.00,918.00,918.00,918.00,1011.00,1113.00,1122.00,1131.00,1176.00,1113.00,1125.00,1137.00,1194.00,1260.00,1125.00,1134.00,1203.00,1020.00,1113.00,1137.00,1284.00,1392.00,1407.00,1422.00,1422.00,1422.00,1422.00
MO164,939.00,939.00,939.00,939.00,1005.00,1035.00,1074.00,1119.00,1206.00,1038.00,1092.00,1146.00,1227.00,1326.00,1083.00,1137.00,1242.00,1008.00,1035.00,1143.00,1365.00,1524.00,1539.00,1554.00,1554.00,1554.00,1554.00
MO165,825.00,825.00,825.00,825.00,882.00,1062.00,1089.00,1116.00,1179.00,1062.00,1098.00,1134.00,1194.00,1266.00,1092.00,1128.00,1206.00,903.00,1059.00,1131.00,1296.00,1413.00,1425.00,1440.00,1440.00,1440.00,1440.00
MO343,861.00,861.00,861.00,861.00,1017.00,1212.00,1245.00,1281.00,1353.00,1212.00,1260.00,1305.00,1371.00,1446.00,1251.00,1299.00,1380.00,1038.00,1209.00,1302.00,1476.00,1602.00,1617.00,1635.00,1635.00,1635.00,1635.00
MO344,795.00,795.00,795.00,795.00,903.00,1134.00,1170.00,1209.00,1260.00,1134.00,1185.00,1233.00,1269.00,1314.00,1176.00,1227.00,1278.00,927.00,1128.00,1230.00,1332.00,1401.00,1416.00,1431.00,1431.00,1431.00,1431.00
MS168,1155.00,1155.00,1155.00,1155.00,1254.00,1419.00,1428.00,1437.00,1524.00,1419.00,1431.00,1443.00,1557.00,1689.00,1431.00,1443.00,1575.00,1272.00,1416.00,1443.00,1740.00,1953.00,1971.00,1992.00,1992.00,1992.00,1992.00
MS169,891.00,891.00,891.00,891.00,900.00,1155.00,1230.00,1311.00,1422.00,1155.00,1263.00,1365.00,1443.00,1533.00,1248.00,1350.00,1455.00,927.00,1149.00,1362.00,1566.00,1713.00,1731.00,1749.00,1749.00,1749.00,1749.00
MS170,1113.00,1113.00,1113.00,1113.00,1173.00,1245.00,1344.00,1452.00,1578.00,1248.00,1389.00,1521.00,1602.00,1695.00,1365.00,1503.00,1614.00,1182.00,1245.00,1515.00,1731.00,1884.00,1902.00,1920.00,1920.00,1920.00,1920.00
MS171,969.00,969.00,969.00,969.00,1059.00,1326.00,1335.00,1344.00,1428.00,1326.00,1338.00,1353.00,1455.00,1581.00,1338.00,1350.00,1476.00,1089.00,1320.00,1350.00,1626.00,1827.00,1845.00,1863.00,1863.00,1863.00,1863.00
MS172,1032.00,1032.00,1032.00,1032.00,1125.00,1203.00,1221.00,1239.00,1305.00,1203.00,1227.00,1251.00,1326.00,1416.00,1224.00,1248.00,1341.00,1134.00,1200.00,1248.00,1452.00,1596.00,1611.00,1629.00,1629.00,1629.00,1629.00
MS410,1095.00,1095.00,1095.00,1095.00,1140.00,1395.00,1425.00,1458.00,1542.00,1398.00,1440.00,1479.00,1563.00,1665.00,1434.00,1473.00,1578.00,1170.00,1392.00,1476.00,1704.00,1866.00,1884.00,1902.00,1902.00,1902.00,1902.00
MS437,879.00,879.00,879.00,879.00,924.00,1050.00,1080.00,1110.00,1152.00,1053.00,1092.00,1131.00,1161.00,1197.00,1086.00,1125.00,1167.00,939.00,1047.00,1128.00,1209.00,1266.00,1281.00,1293.00,1293.00,1293.00,1293.00
MS438,825.00,825.00,825.00,825.00,909.00,1152.00,1182.00,1212.00,1293.00,1152.00,1194.00,1233.00,1317.00,1413.00,1188.00,1227.00,1332.00,936.00,1146.00,1230.00,1452.00,1611.00,1626.00,1641.00,1641.00,1641.00,1641.00
MT175,828.00,828.00,828.00,828.00,942.00,1104.00,1185.00,1275.00,1371.00,1104.00,1224.00,1335.00,1386.00,1446.00,1206.00,1317.00,1395.00,960.00,1101.00,1329.00,1470.00,1569.00,1584.00,1599.00,1599.00,1599.00,1599.00
MT347,846.00,846.00,846.00,846.00,945.00,1317.00,1326.00,1335.00,1386.00,1317.00,1329.00,1341.00,1404.00,1479.00,1326.00,1338.00,1416.00,987.00,1308.00,1341.00,1506.00,1626.00,1644.00,1659.00,1659.00,1659.00,1659.00
MT379,963.00,963.00,963.00,963.00,1050.00,1245.00,1317.00,1398.00,1494.00,1248.00,1350.00,1449.00,1509.00,1581.00,1335.00,1434.00,1521.00,1071.00,1242.00,1446.00,1608.00,1725.00,1740.00,1758.00,1758.00,1758.00,1758.00
MT441,927.00,927.00,927.00,927.00,1017.00,1155.00,1281.00,1422.00,1566.00,1158.00,1338.00,1509.00,1587.00,1680.00,1311.00,1485.00,1602.00,1032.00,1152.00,1503.00,1716.00,1863.00,1884.00,1902.00,1902.00,1902.00,1902.00
NC176,1158.00,1158.00,1158.00,1158.00,1245.00,1560.00,1629.00,1701.00,1785.00,1563.00,1659.00,1749.00,1800.00,1860.00,1644.00,1737.00,1809.00,1278.00,1554.00,1746.00,1881.00,1980.00,1998.00,2019.00,2019.00,2019.00,2019.00
NC177,1098.00,1098.00,1098.00,1098.00,1182.00,1410.00,1497.00,1590.00,1671.00,1410.00,1536.00,1650.00,1677.00,1707.00,1515.00,1635.00,1683.00,1206.00,1404.00,1647.00,1719.00,1770.00,1788.00,1806.00,1806.00,1806.00,1806.00
NC178,1047.00,1047.00,1047.00,1047.00,1083.00,1341.00,1395.00,1458.00,1548.00,1344.00,1422.00,1494.00,1569.00,1653.00,1410.00,1485.00,1581.00,1113.00,1335.00,1491.00,1689.00,1827.00,1845.00,1863.00,1863.00,1863.00,1863.00
NC179,1131.00,1131.00,1131.00,1131.00,1221.00,1518.00,1527.00,1536.00,1575.00,1518.00,1530.00,1542.00,1587.00,1638.00,1527.00,1539.00,1593.00,1254.00,1512.00,1542.00,1659.00,1746.00,1764.00,1782.00,1782.00,1782.00,1782.00
NC180,1182.00,1182.00,1182.00,1182.00,1275.00,1407.00,1452.00,1503.00,1656.00,1407.00,1473.00,1533.00,1704.00,1902.00,1461.00,1524.00,1734.00,1290.00,1404.00,1530.00,1980.00,2301.00,2325.00,2346.00,2346.00,2346.00,2346.00
NC181,1293.00,1293.00,1293.00,1293.00,1410.00,1644.00,1725.00,1815.00,1908.00,1647.00,1761.00,1872.00,1920.00,1980.00,1743.00,1854.00,1929.00,1434.00,1638.00,1866.00,2001.00,2097.00,2118.00,2139.00,2139.00,2139.00,2139.00
NC182,1065.00,1065.00,1065.00,1065.00,1125.00,1290.00,1377.00,1470.00,1578.00,1293.00,1416.00,1530.00,1596.00,1674.00,1398.00,1515.00,1608.00,1143.00,1287.00,1527.00,1707.00,1833.00,1851.00,1869.00,1869.00,1869.00,1869.00
NC183,996.00,996.00,996.00,996.00,1059.00,1299.00,1392.00,1497.00,1602.00,1302.00,1434.00,1560.00,1617.00,1683.00,1413.00,1542.00,1629.00,1086.00,1293.00,1557.00,1710.00,1818.00,1836.00,1854.00,1854.00,1854.00,1854.00
NC184,927.00,927.00,927.00,927.00,999.00,1122.00,1161.00,1206.00,1299.00,1125.00,1179.00,1233.00,1323.00,1434.00,1170.00,1224.00,1341.00,1014.00,1122.00,1230.00,1476.00,1653.00,1668.00,1686.00,1686.00,1686.00,1686.00
NC185,1065.00,1065.00,1065.00,1065.00,1116.00,1359.00,1401.00,1446.00,1593.00,1362.00,1419.00,1476.00,1638.00,1833.00,1410.00,1467.00,1668.00,1143.00,1356.00,1473.00,1908.00,2220.00,2241.00,2265.00,2265.00,2265.00,2265.00
NC186,1230.00,1230.00,1230.00,1230.00,1311.00,1416.00,1485.00,1560.00,1671.00,1416.00,1515.00,1608.00,1692.00,1794.00,1500.00,1596.00,1710.00,1323.00,1413.00,1605.00,1833.00,1992.00,2013.00,2034.00,2034.00,2034.00,2034.00
NC187,1143.00,1143.00,1143.00,1143.00,1236.00,1446.00,1515.00,1590.00,1716.00,1446.00,1545.00,1638.00,1746.00,1872.00,1530.00,1626.00,1767.00,1260.00,1440.00,1635.00,1920.00,2127.00,2148.00,2169.00,2169.00,2169.00,2169.00
NC372,924.00,924.00,924.00,924.00,1011.00,1197.00,1335.00,1482.00,1626.00,1200.00,1395.00,1578.00,1644.00,1722.00,1365.00,1551.00,1656.00,1032.00,1194.00,1569.00,1752.00,1875.00,1896.00,1914.00,1914.00,1914.00,1914.00
ND188,963.00,963.00,963.00,963.00,1107.00,1380.00,1458.00,1545.00,1665.00,1383.00,1494.00,1599.00,1689.00,1797.00,1476.00,1584.00,1704.00,1137.00,1374.00,1593.00,1836.00,2010.00,2031.00,2049.00,2049.00,2049.00,2049.00
ND189,906.00,906.00,906.00,906.00,1023.00,1371.00,1398.00,1428.00,1509.00,1374.00,1410.00,1446.00,1533.00,1638.00,1404.00,1440.00,1548.00,1062.00,1365.00,1446.00,1677.00,1842.00,1860.00,1881.00,1881.00,1881.00,1881.00
ND190,903.00,903.00,903.00,903.00,999.00,1245.00,1311.00,1383.00,1470.00,1248.00,1341.00,1428.00,1482.00,1548.00,1326.00,1416.00,1494.00,1026.00,1242.00,1425.00,1572.00,1677.00,1692.00,1710.00,1710.00,1710.00,1710.00
ND191,885.00,885.00,885.00,885.00,972.00,1374.00,1395.00,1419.00,1473.00,1377.00,1404.00,1431.00,1488.00,1551.00,1401.00,1428.00,1497.00,1017.00,1368.00,1431.00,1575.00,1680.00,1698.00,1716.00,1716.00,1716.00,1716.00
NE192,972.00,972.00,972.00,972.00,1077.00,1299.00,1353.00,1410.00,1512.00,1302.00,1377.00,1449.00,1539.00,1644.00,1365.00,1437.00,1554.00,1101.00,1296.00,1446.00,1686.00,1857.00,1875.00,1893.00,1893.00,1893.00,1893.00
NE193,1032.00,1032.00,1032.00,1032.00,1146.00,1227.00,1257.00,1290.00,1347.00,1227.00,1272.00,1311.00,1362.00,1419.00,1263.00,1305.00,1368.00,1155.00,1224.00,1311.00,1440.00,1533.00,1548.00,1563.00,1563.00,1563.00,1563.00
NH194,1326.00,1326.00,1326.00,1326.00,1491.00,1893.00,1998.00,2109.00,2193.00,1896.00,2043.00,2181.00,2196.00,2214.00,2019.00,2160.00,2199.00,1536.00,1887.00,2175.00,2220.00,2250.00,2274.00,2295.00,2295.00,2295.00,2295.00
NH195,1482.00,1482.00,1482.00,1482.00,1650.00,1857.00,1929.00,2007.00,2127.00,1860.00,1962.00,2058.00,2154.00,2268.00,1947.00,2043.00,2172.00,1674.00,1854.00,2055.00,2310.00,2493.00,2520.00,2544.00,2544.00,2544.00,2544.00
NJ196,1353.00,1353.00,1353.00,1353.00,1449.00,2046.00,2061.00,2076.00,2148.00,2046.00,2067.00,2085.00,2172.00,2274.00,2064.00,2082.00,2187.00,1515.00,2034.00,2082.00,2313.00,2478.00,2505.00,2529.00,2529.00,2529.00,2529.00
NJ198,1356.00,1356.00,1356.00,1356.00,1431.00,1836.00,1845.00,1854.00,1947.00,1836.00,1848.00,1860.00,1980.00,2121.00,1845.00,1860.00,2001.00,1476.00,1827.00,1860.00,2178.00,2406.00,2430.00,2454.00,2454.00,2454.00,2454.00
NJ200,1782.00,1782.00,1782.00,1782.00,1998.00,2373.00,2430.00,2493.00,2685.00,2376.00,2457.00,2532.00,2742.00,2994.00,2442.00,2520.00,2781.00,2037.00,2367.00,2529.00,3090.00,3495.00,3531.00,3564.00,3564.00,3564.00,3564.00
NJ201,1665.00,1665.00,1665.00,1665.00,1764.00,2148.00,2223.00,2304.00,2475.00,2148.00,2256.00,2358.00,2520.00,2712.00,2238.00,2343.00,2550.00,1806.00,2139.00,2352.00,2787.00,3099.00,3129.00,3162.00,3162.00,3162.00,3162.00
NJ202,1977.00,1977.00,1977.00,1977.00,2160.00,2772.00,2775.00,2781.00,2829.00,2772.00,2778.00,2787.00,2847.00,2919.00,2778.00,2784.00,2859.00,2229.00,2760.00,2787.00,2946.00,3063.00,3093.00,3123.00,3123.00,3123.00,3123.00
NJ203,1470.00,1470.00,1470.00,1470.00,1740.00,2124.00,2220.00,2322.00,2460.00,2127.00,2262.00,2388.00,2487.00,2607.00,2241.00,2370.00,2505.00,1782.00,2115.00,2382.00,2652.00,2847.00,2874.00,2904.00,2904.00,2904.00,2904.00
NJ204,1557.00,1557.00,1557.00,1557.00,1701.00,2139.00,2205.00,2277.00,2355.00,2142.00,2235.00,2325.00,2364.00,2412.00,2220.00,2310.00,2373.00,1749.00,2130.00,2319.00,2430.00,2508.00,2535.00,2559.00,2559.00,2559.00,2559.00
NM205,915.00,915.00,915.00,915.00,1035.00,1212.00,1326.00,1446.00,1578.00,1215.00,1374.00,1524.00,1599.00,1686.00,1350.00,1500.00,1611.00,1053.00,1209.00,1518.00,1719.00,1863.00,1881.00,1899.00,1899.00,1899.00,1899.00
NM206,1107.00,1107.00,1107.00,1107.00,1248.00,1299.00,1353.00,1413.00,1494.00,1299.00,1377.00,1452.00,1509.00,1578.00,1365.00,1440.00,1521.00,1254.00,1296.00,1449.00,1605.00,1719.00,1734.00,1752.00,1752.00,1752.00,1752.00
NM207,906.00,906.00,906.00,906.00,1041.00,1314.00,1332.00,1350.00,1422.00,1314.00,1338.00,1362.00,1443.00,1542.00,1335.00,1359.00,1458.00,1071.00,1311.00,1359.00,1578.00,1737.00,1752.00,1770.00,1770.00,1770.00,1770.00
NM209,897.00,897.00,897.00,897.00,996.00,1098.00,1173.00,1251.00,1341.00,1101.00,1206.00,1302.00,1353.00,1416.00,1188.00,1290.00,1365.00,1008.00,1095.00,1299.00,1437.00,1536.00,1551.00,1566.00,1566.00,1566.00,1566.00
NM210,1119.00,1119.00,1119.00,1119.00,1257.00,1479.00,1548.00,1623.00,1761.00,1482.00,1578.00,1668.00,1794.00,1944.00,1563.00,1656.00,1818.00,1281.00,1476.00,1665.00,2001.00,2241.00,2262.00,2286.00,2286.00,2286.00,2286.00
NV199,1098.00,1098.00,1098.00,1098.00,1152.00,1701.00,1713.00,1728.00,1821.00,1701.00,1719.00,1737.00,1851.00,1989.00,1716.00,1734.00,1872.00,1212.00,1689.00,1734.00,2040.00,2262.00,2283.00,2307.00,2307.00,2307.00,2307.00
NV211,870.00,870.00,870.00,870.00,918.00,1068.00,1155.00,1251.00,1350.00,1071.00,1194.00,1311.00,1362.00,1425.00,1176.00,1293.00,1374.00,933.00,1065.00,1305.00,1449.00,1548.00,1563.00,1581.00,1581.00,1581.00,1581.00
NV212,1197.00,1197.00,1197.00,1197.00,1242.00,1398.00,1509.00,1629.00,1758.00,1401.00,1557.00,1704.00,1779.00,1866.00,1533.00,1683.00,1791.00,1260.00,1395.00,1698.00,1902.00,2043.00,2064.00,2085.00,2085.00,2085.00,2085.00
NV213,1080.00,1080.00,1080.00,1080.00,1170.00,1377.00,1443.00,1515.00,1611.00,1377.00,1473.00,1560.00,1629.00,1710.00,1458.00,1548.00,1641.00,1191.00,1371.00,1557.00,1740.00,1872.00,1890.00,1908.00,1908.00,1908.00,1908.00
NY215,1470.00,1470.00,1470.00,1470.00,1650.00,1728.00,1821.00,1920.00,2046.00,1731.00,1860.00,1986.00,2067.00,2166.00,1842.00,1968.00,2085.00,1659.00,1725.00,1980.00,2205.00,2364.00,2388.00,2412.00,2412.00,2412.00,2412.00
NY216,1086.00,1086.00,1086.00,1086.00,1260.00,1329.00,1422.00,1521.00,1632.00,1332.00,1461.00,1584.00,1653.00,1731.00,1443.00,1566.00,1665.00,1269.00,1329.00,1578.00,1761.00,1890.00,1911.00,1929.00,1929.00,1929.00,1929.00
NY217,1881.00,1881.00,1881.00,1881.00,2127.00,2352.00,2421.00,2496.00,2640.00,2355.00,2451.00,2544.00,2676.00,2832.00,2436.00,2532.00,2700.00,2151.00,2349.00,2541.00,2889.00,3141.00,3171.00,3204.00,3204.00,3204.00,3204.00
NY218,2274.00,2274.00,2274.00,2274.00,2466.00,2664.00,2847.00,3045.00,3219.00,2667.00,2928.00,3174.00,3237.00,3309.00,2886.00,3138.00,3246.00,2490.00,2658.00,3162.00,3339.00,3459.00,3492.00,3528.00,3528.00,3528.00,3528.00
NY219,2685.00,2685.00,2685.00,2685.00,2751.00,3036.00,3066.00,3099.00,3225.00,3039.00,3078.00,3117.00,3267.00,3441.00,3072.00,3111.00,3294.00,2784.00,3030.00,3117.00,3510.00,3792.00,3831.00,3870.00,3870.00,3870.00,3870.00
NY221,1203.00,1203.00,1203.00,1203.00,1344.00,1410.00,1437.00,1470.00,1554.00,1410.00,1452.00,1488.00,1578.00,1683.00,1443.00,1482.00,1593.00,1350.00,1407.00,1488.00,1722.00,1893.00,1911.00,1932.00,1932.00,1932.00,1932.00
NY222,999.00,999.00,999.00,999.00,1086.00,1194.00,1260.00,1335.00,1437.00,1194.00,1290.00,1383.00,1455.00,1545.00,1275.00,1368.00,1470.00,1098.00,1191.00,1377.00,1578.00,1719.00,1737.00,1752.00,1752.00,1752.00,1752.00
NY223,966.00,966.00,966.00,966.00,1053.00,1299.00,1374.00,1455.00,1536.00,1302.00,1407.00,1506.00,1545.00,1593.00,1389.00,1491.00,1554.00,1080.00,1293.00,1503.00,1611.00,1689.00,1704.00,1722.00,1722.00,1722.00,1722.00
NY225,1245.00,1245.00,1245.00,1245.00,1314.00,1473.00,1545.00,1623.00,1716.00,1476.00,1578.00,1674.00,1734.00,1803.00,1563.00,1659.00,1743.00,1332.00,1470.00,1668.00,1830.00,1944.00,1962.00,1983.00,1983.00,1983.00,1983.00
NY226,1116.00,1116.00,1116.00,1116.00,1248.00,1623.00,1689.00,1764.00,1878.00,1623.00,1719.00,1809.00,1905.00,2019.00,1704.00,1797.00,1923.00,1290.00,1614.00,1806.00,2061.00,2244.00,2265.00,2289.00,2289.00,2289.00,2289.00
NY349,1917.00,1917.00,1917.00,1917.00,2022.00,2625.00,2799.00,2985.00,3207.00,2631.00,2874.00,3105.00,3246.00,3414.00,2838.00,3072.00,3273.00,2088.00,2613.00,3096.00,3477.00,3747.00,3783.00,3822.00,3822.00,3822.00,3822.00
NY413,1812.00,1812.00,1812.00,1812.00,2034.00,2475.00,2502.00,2532.00,2616.00,2475.00,2514.00,2550.00,2640.00,2748.00,2508.00,2544.00,2658.00,2082.00,2466.00,2547.00,2790.00,2964.00,2994.00,3024.00,3024.00,3024.00,3024.00
NY444,873.00,873.00,873.00,873.00,924.00,1191.00,1215.00,1242.00,1296.00,1194.00,1227.00,1257.00,1311.00,1377.00,1221.00,1251.00,1323.00,954.00,1188.00,1257.00,1404.00,1509.00,1524.00,1539.00,1539.00,1539.00,1539.00
NY445,1374.00,1374.00,1374.00,1374.00,1482.00,1872.00,1905.00,1941.00,2037.00,1872.00,1920.00,1965.00,2064.00,2178.00,1914.00,1959.00,2082.00,1524.00,1863.00,1962.00,2223.00,2409.00,2433.00,2457.00,2457.00,2457.00,2457.00
OH227,954.00,954.00,954.00,954.00,1008.00,1125.00,1146.00,1170.00,1251.00,1128.00,1155.00,1185.00,1275.00,1380.00,1152.00,1179.00,1290.00,1020.00,1125.00,1182.00,1422.00,1593.00,1611.00,1626.00,1626.00,1626.00,1626.00
OH228,1236.00,1236.00,1236.00,1236.00,1320.00,1386.00,1440.00,1497.00,1578.00,1389.00,1464.00,1533.00,1593.00,1668.00,1452.00,1524.00,1605.00,1329.00,1386.00,1530.00,1695.00,1812.00,1830.00,1848.00,1848.00,1848.00,1848.00
OH229,1026.00,1026.00,1026.00,1026.00,1086.00,1188.00,1278.00,1377.00,1470.00,1191.00,1317.00,1437.00,1482.00,1536.00,1299.00,1422.00,1491.00,1095.00,1188.00,1434.00,1554.00,1641.00,1656.00,1674.00,1674.00,1674.00,1674.00
OH230,981.00,981.00,981.00,981.00,1041.00,1215.00,1266.00,1323.00,1446.00,1215.00,1290.00,1356.00,1479.00,1626.00,1278.00,1347.00,1503.00,1059.00,1212.00,1353.00,1680.00,1914.00,1935.00,1953.00,1953.00,1953.00,1953.00
OH231,921.00,921.00,921.00,921.00,981.00,1236.00,1341.00,1455.00,1575.00,1239.00,1386.00,1527.00,1590.00,1668.00,1365.00,1506.00,1602.00,1008.00,1230.00,1521.00,1695.00,1818.00,1836.00,1854.00,1854.00,1854.00,1854.00
OH232,975.00,975.00,975.00,975.00,1089.00,1182.00,1221.00,1263.00,1356.00,1182.00,1236.00,1287.00,1383.00,1494.00,1230.00,1281.00,1401.00,1101.00,1179.00,1287.00,1536.00,1719.00,1734.00,1752.00,1752.00,1752.00,1752.00
OH233,813.00,813.00,813.00,813.00,885.00,951.00,987.00,1026.00,1080.00,951.00,1002.00,1050.00,1092.00,1140.00,993.00,1044.00,1098.00,891.00,948.00,1047.00,1158.00,1239.00,1251.00,1263.00,1263.00,1263.00,1263.00
OH382,756.00,756.00,756.00,756.00,801.00,960.00,999.00,1044.00,1107.00,960.00,1017.00,1071.00,1122.00,1182.00,1008.00,1062.00,1131.00,819.00,957.00,1068.00,1206.00,1305.00,1317.00,1329.00,1329.00,1329.00,1329.00
OH446,840.00,840.00,840.00,840.00,906.00,1017.00,1023.00,1032.00,1065.00,1017.00,1029.00,1038.00,1074.00,1116.00,1026.00,1038.00,1080.00,918.00,1014.00,1038.00,1131.00,1200.00,1212.00,1224.00,1224.00,1224.00,1224.00
OK235,801.00,801.00,801.00,801.00,915.00,1134.00,1152.00,1173.00,1224.00,1134.00,1161.00,1185.00,1236.00,1296.00,1158.00,1182.00,1245.00,939.00,1131.00,1185.00,1320.00,1416.00,1431.00,1446.00,1446.00,1446.00,1446.00
OK236,855.00,855.00,855.00,855.00,915.00,1032.00,1092.00,1158.00,1266.00,1035.00,1119.00,1200.00,1290.00,1398.00,1107.00,1188.00,1308.00,927.00,1029.00,1197.00,1437.00,1611.00,1626.00,1644.00,1644.00,1644.00,1644.00
OK237,861.00,861.00,861.00,861.00,966.00,1110.00,1182.00,1257.00,1344.00,1113.00,1212.00,1305.00,1359.00,1425.00,1197.00,1293.00,1371.00,981.00,1107.00,1302.00,1449.00,1551.00,1569.00,1584.00,1584.00,1584.00,1584.00
OK239,861.00,861.00,861.00,861.00,918.00,1173.00,1203.00,1236.00,1305.00,1173.00,1218.00,1257.00,1323.00,1401.00,1209.00,1251.00,1335.00,948.00,1167.00,1257.00,1431.00,1554.00,1569.00,1584.00,1584.00,1584.00,1584.00
OK240,858.00,858.00,858.00,858.00,912.00,1119.00,1230.00,1350.00,1485.00,1122.00,1278.00,1425.00,1506.00,1605.00,1254.00,1404.00,1521.00,936.00,1116.00,1419.00,1641.00,1797.00,1815.00,1833.00,1833.00,1833.00,1833.00
OR241,972.00,972.00,972.00,972.00,1026.00,1296.00,1398.00,1509.00,1608.00,1299.00,1443.00,1581.00,1620.00,1668.00,1422.00,1560.00,1626.00,1056.00,1290.00,1575.00,1686.00,1761.00,1779.00,1797.00,1797.00,1797.00,1797.00
OR242,843.00,843.00,843.00,843.00,924.00,1152.00,1233.00,1320.00,1428.00,1155.00,1269.00,1374.00,1446.00,1533.00,1251.00,1359.00,1461.00,948.00,1149.00,1371.00,1566.00,1701.00,1719.00,1737.00,1737.00,1737.00,1737.00
OR243,1173.00,1173.00,1173.00,1173.00,1299.00,1533.00,1593.00,1656.00,1746.00,1536.00,1620.00,1698.00,1761.00,1839.00,1605.00,1686.00,1773.00,1323.00,1527.00,1695.00,1866.00,1989.00,2010.00,2031.00,2031.00,2031.00,2031.00
OR244,906.00,906.00,906.00,906.00,969.00,1173.00,1266.00,1371.00,1488.00,1176.00,1308.00,1437.00,1506.00,1590.00,1287.00,1419.00,1518.00,993.00,1167.00,1431.00,1620.00,1755.00,1773.00,1788.00,1788.00,1788.00,1788.00
OR245,978.00,978.00,978.00,978.00,1038.00,1338.00,1395.00,1455.00,1548.00,1341.00,1419.00,1494.00,1566.00,1653.00,1407.00,1482.00,1581.00,1071.00,1332.00,1491.00,1686.00,1824.00,1842.00,1860.00,1860.00,1860.00,1860.00
OR246,987.00,987.00,987.00,987.00,1086.00,1221.00,1299.00,1380.00,1515.00,1224.00,1332.00,1431.00,1545.00,1680.00,1314.00,1416.00,1566.00,1101.00,1218.00,1428.00,1731.00,1947.00,1968.00,1986.00,1986.00,1986.00,1986.00
OR373,837.00,837.00,837.00,837.00,900.00,1110.00,1167.00,1227.00,1302.00,1110.00,1191.00,1269.00,1317.00,1371.00,1179.00,1257.00,1323.00,924.00,1104.00,1266.00,1395.00,1485.00,1500.00,1515.00,1515.00,1515.00,1515.00
PA247,1164.00,1164.00,1164.00,1164.00,1233.00,1386.00,1434.00,1485.00,1593.00,1386.00,1455.00,1518.00,1620.00,1743.00,1443.00,1509.00,1638.00,1251.00,1383.00,1515.00,1788.00,1986.00,2004.00,2025.00,2025.00,2025.00,2025.00
PA248,1554.00,1554.00,1554.00,1554.00,1701.00,2010.00,2106.00,2208.00,2298.00,2013.00,2148.00,2274.00,2304.00,2343.00,2127.00,2256.00,2310.00,1734.00,2004.00,2268.00,2358.00,2421.00,2445.00,2469.00,2469.00,2469.00,2469.00
PA249,1635.00,1635.00,1635.00,1635.00,1764.00,2079.00,2103.00,2130.00,2220.00,2079.00,2115.00,2148.00,2247.00,2361.00,2109.00,2142.00,2265.00,1800.00,2073.00,2148.00,2406.00,2592.00,2619.00,2646.00,2646.00,2646.00,2646.00
PA250,1338.00,1338.00,1338.00,1338.00,1443.00,1539.00,1605.00,1677.00,1800.00,1542.00,1635.00,1722.00,1830.00,1956.00,1620.00,1710.00,1848.00,1455.00,1536.00,1719.00,2004.00,2208.00,2229.00,2250.00,2250.00,2250.00,2250.00
PA251,990.00,990.00,990.00,990.00,1092.00,1383.00,1425.00,1470.00,1515.00,1383.00,1443.00,1497.00,1524.00,1554.00,1434.00,1491.00,1527.00,1125.00,1377.00,1497.00,1566.00,1614.00,1629.00,1644.00,1644.00,1644.00,1644.00
PA252,1044.00,1044.00,1044.00,1044.00,1107.00,1329.00,1389.00,1452.00,1551.00,1332.00,1416.00,1494.00,1572.00,1665.00,1401.00,1482.00,1587.00,1131.00,1326.00,1491.00,1701.00,1851.00,1872.00,1890.00,1890.00,1890.00,1890.00
PA253,933.00,933.00,933.00,933.00,990.00,1104.00,1134.00,1164.00,1224.00,1104.00,1146.00,1185.00,1239.00,1305.00,1140.00,1179.00,1251.00,1002.00,1101.00,1185.00,1329.00,1431.00,1446.00,1461.00,1461.00,1461.00,1461.00
PA254,879.00,879.00,879.00,879.00,948.00,1137.00,1161.00,1188.00,1245.00,1137.00,1170.00,1203.00,1260.00,1323.00,1167.00,1200.00,1269.00,969.00,1131.00,1203.00,1350.00,1455.00,1470.00,1482.00,1482.00,1482.00,1482.00
PA255,1242.00,1242.00,1242.00,1242.00,1323.00,1608.00,1671.00,1737.00,1863.00,1611.00,1698.00,1779.00,1896.00,2034.00,1683.00,1767.00,1917.00,1353.00,1602.00,1776.00,2085.00,2310.00,2331.00,2355.00,2355.00,2355.00,2355.00
PA383,840.00,840.00,840.00,840.00,927.00,1113.00,1155.00,1203.00,1272.00,1113.00,1176.00,1233.00,1287.00,1350.00,1167.00,1224.00,1296.00,948.00,1110.00,1230.00,1374.00,1479.00,1494.00,1509.00,1509.00,1509.00,1509.00
RI256,1512.00,1512.00,1512.00,1512.00,1716.00,2130.00,2223.00,2325.00,2508.00,2133.00,2265.00,2391.00,2550.00,2742.00,2244.00,2373.00,2580.00,1761.00,2124.00,2385.00,2814.00,3123.00,3153.00,3183.00,3183.00,3183.00,3183.00
RI257,1485.00,1485.00,1485.00,1485.00,1599.00,1761.00,1833.00,1908.00,2076.00,1764.00,1863.00,1956.00,2124.00,2319.00,1848.00,1941.00,2154.00,1617.00,1758.00,1953.00,2397.00,2715.00,2742.00,2769.00,2769.00,2769.00,2769.00
SC258,1137.00,1137.00,1137.00,1137.00,1179.00,1446.00,1509.00,1578.00,1680.00,1449.00,1536.00,1620.00,1701.00,1797.00,1524.00,1608.00,1716.00,1209.00,1443.00,1617.00,1833.00,1986.00,2004.00,2025.00,2025.00,2025.00,2025.00
SC259,1194.00,1194.00,1194.00,1194.00,1290.00,1515.00,1572.00,1635.00,1725.00,1515.00,1599.00,1677.00,1743.00,1818.00,1587.00,1665.00,1755.00,1314.00,1509.00,1674.00,1848.00,1974.00,1992.00,2013.00,2013.00,2013.00,2013.00
SC260,1158.00,1158.00,1158.00,1158.00,1284.00,1377.00,1461.00,1554.00,1710.00,1377.00,1500.00,1614.00,1746.00,1899.00,1482.00,1599.00,1770.00,1293.00,1374.00,1611.00,1959.00,2208.00,2229.00,2253.00,2253.00,2253.00,2253.00
SC261,972.00,972.00,972.00,972.00,1038.00,1209.00,1308.00,1413.00,1545.00,1212.00,1350.00,1479.00,1569.00,1674.00,1329.00,1461.00,1584.00,1059.00,1206.00,1476.00,1713.00,1881.00,1902.00,1920.00,1920.00,1920.00,1920.00
SC262,1098.00,1098.00,1098.00,1098.00,1182.00,1329.00,1428.00,1533.00,1644.00,1332.00,1470.00,1602.00,1656.00,1722.00,1449.00,1584.00,1668.00,1197.00,1326.00,1599.00,1746.00,1851.00,1869.00,1887.00,1887.00,1887.00,1887.00
SC263,945.00,945.00,945.00,945.00,1020.00,1170.00,1215.00,1266.00,1386.00,1173.00,1236.00,1296.00,1422.00,1566.00,1227.00,1287.00,1443.00,1038.00,1167.00,1293.00,1623.00,1860.00,1878.00,1896.00,1896.00,1896.00,1896.00
SC375,897.00,897.00,897.00,897.00,975.00,1137.00,1197.00,1266.00,1359.00,1137.00,1224.00,1308.00,1377.00,1458.00,1212.00,1296.00,1389.00,993.00,1134.00,1305.00,1491.00,1620.00,1638.00,1653.00,1653.00,1653.00,1653.00
SD264,942.00,942.00,942.00,942.00,1038.00,1320.00,1326.00,1335.00,1398.00,1320.00,1329.00,1338.00,1419.00,1515.00,1329.00,1338.00,1434.00,1068.00,1314.00,1338.00,1551.00,1707.00,1722.00,1740.00,1740.00,1740.00,1740.00
SD265,954.00,954.00,954.00,954.00,1071.00,1170.00,1212.00,1257.00,1350.00,1170.00,1230.00,1287.00,1374.00,1476.00,1221.00,1278.00,1389.00,1080.00,1167.00,1284.00,1515.00,1683.00,1698.00,1716.00,1716.00,1716.00,1716.00
TN266,981.00,981.00,981.00,981.00,1059.00,1134.00,1176.00,1218.00,1326.00,1134.00,1194.00,1248.00,1356.00,1485.00,1185.00,1239.00,1377.00,1065.00,1131.00,1245.00,1533.00,1743.00,1758.00,1776.00,1776.00,1776.00,1776.00
TN267,990.00,990.00,990.00,990.00,1053.00,1269.00,1311.00,1353.00,1467.00,1272.00,1326.00,1380.00,1500.00,1644.00,1317.00,1371.00,1524.00,1077.00,1266.00,1377.00,1701.00,1932.00,1950.00,1971.00,1971.00,1971.00,1971.00
TN268,1146.00,1146.00,1146.00,1146.00,1263.00,1497.00,1554.00,1614.00,1707.00,1500.00,1578.00,1653.00,1728.00,1818.00,1566.00,1641.00,1743.00,1290.00,1491.00,1650.00,1851.00,1995.00,2016.00,2034.00,2034.00,2034.00,2034.00
TN269,1269.00,1269.00,1269.00,1269.00,1320.00,1356.00,1404.00,1455.00,1569.00,1356.00,1425.00,1488.00,1599.00,1728.00,1413.00,1479.00,1617.00,1323.00,1353.00,1485.00,1776.00,1983.00,2004.00,2025.00,2025.00,2025.00,2025.00
TN353,828.00,828.00,828.00,828.00,870.00,1158.00,1182.00,1206.00,1275.00,1161.00,1191.00,1224.00,1293.00,1374.00,1188.00,1218.00,1305.00,903.00,1152.00,1221.00,1407.00,1539.00,1554.00,1569.00,1569.00,1569.00,1569.00
TN354,801.00,801.00,801.00,801.00,906.00,1092.00,1122.00,1155.00,1215.00,1092.00,1134.00,1176.00,1230.00,1293.00,1128.00,1170.00,1239.00,924.00,1086.00,1173.00,1317.00,1419.00,1434.00,1449.00,1449.00,1449.00,1449.00
TN449,882.00,882.00,882.00,882.00,921.00,996.00,1032.00,1071.00,1158.00,996.00,1047.00,1095.00,1182.00,1287.00,1038.00,1086.00,1200.00,930.00,996.00,1092.00,1329.00,1497.00,1512.00,1527.00,1527.00,1527.00,1527.00
TX270,1005.00,1005.00,1005.00,1005.00,1074.00,1191.00,1275.00,1368.00,1485.00,1191.00,1314.00,1428.00,1506.00,1602.00,1296.00,1410.00,1521.00,1089.00,1188.00,1422.00,1638.00,1788.00,1806.00,1824.00,1824.00,1824.00,1824.00
TX271,897.00,897.00,897.00,897.00,984.00,1194.00,1236.00,1284.00,1380.00,1194.00,1257.00,1317.00,1404.00,1509.00,1248.00,1308.00,1419.00,1008.00,1188.00,1314.00,1548.00,1716.00,1731.00,1749.00,1749.00,1749.00,1749.00
TX272,1143.00,1143.00,1143.00,1143.00,1257.00,1407.00,1449.00,1497.00,1599.00,1407.00,1470.00,1530.00,1623.00,1737.00,1461.00,1521.00,1641.00,1272.00,1404.00,1527.00,1779.00,1962.00,1983.00,2001.00,2001.00,2001.00,2001.00
TX273,1185.00,1185.00,1185.00,1185.00,1266.00,1611.00,1665.00,1722.00,1827.00,1614.00,1689.00,1758.00,1854.00,1965.00,1677.00,1749.00,1869.00,1302.00,1605.00,1755.00,2007.00,2187.00,2208.00,2232.00,2232.00,2232.00,2232.00
TX274,936.00,936.00,936.00,936.00,1047.00,1305.00,1347.00,1395.00,1527.00,1305.00,1365.00,1422.00,1569.00,1740.00,1356.00,1416.00,1593.00,1074.00,1299.00,1422.00,1806.00,2082.00,2103.00,2124.00,2124.00,2124.00,2124.00
TX275,1137.00,1137.00,1137.00,1137.00,1251.00,1617.00,1647.00,1683.00,1767.00,1617.00,1662.00,1704.00,1794.00,1899.00,1656.00,1698.00,1809.00,1293.00,1611.00,1701.00,1941.00,2112.00,2133.00,2154.00,2154.00,2154.00,2154.00
TX276,1125.00,1125.00,1125.00,1125.00,1230.00,1584.00,1602.00,1623.00,1710.00,1584.00,1611.00,1638.00,1737.00,1857.00,1608.00,1632.00,1755.00,1269.00,1575.00,1635.00,1902.00,2097.00,2118.00,2139.00,2139.00,2139.00,2139.00
TX277,1320.00,1320.00,1320.00,1320.00,1425.00,1599.00,1644.00,1692.00,1779.00,1602.00,1665.00,1722.00,1800.00,1890.00,1653.00,1713.00,1815.00,1443.00,1596.00,1722.00,1926.00,2073.00,2094.00,2115.00,2115.00,2115.00,2115.00
TX278,885.00,885.00,885.00,885.00,1029.00,1326.00,1338.00,1350.00,1452.00,1326.00,1344.00,1359.00,1485.00,1635.00,1341.00,1356.00,1509.00,1062.00,1320.00,1359.00,1692.00,1935.00,1953.00,1974.00,1974.00,1974.00,1974.00
TX279,924.00,924.00,924.00,924.00,972.00,1164.00,1206.00,1248.00,1314.00,1164.00,1224.00,1278.00,1326.00,1386.00,1215.00,1269.00,1338.00,993.00,1161.00,1275.00,1410.00,1506.00,1521.00,1536.00,1536.00,1536.00,1536.00
TX281,972.00,972.00,972.00,972.00,1101.00,1299.00,1356.00,1416.00,1536.00,1299.00,1380.00,1455.00,1566.00,1695.00,1368.00,1443.00,1584.00,1122.00,1293.00,1452.00,1746.00,1956.00,1974.00,1995.00,1995.00,1995.00,1995.00
TX282,1389.00,1389.00,1389.00,1389.00,1557.00,1923.00,1953.00,1986.00,2091.00,1923.00,1968.00,2007.00,2121.00,2253.00,1959.00,2001.00,2142.00,1596.00,1914.00,2007.00,2304.00,2520.00,2544.00,2571.00,2571.00,2571.00,2571.00
TX283,987.00,987.00,987.00,987.00,1068.00,1206.00,1251.00,1296.00,1374.00,1209.00,1269.00,1326.00,1392.00,1470.00,1260.00,1320.00,1404.00,1083.00,1203.00,1326.00,1500.00,1626.00,1644.00,1659.00,1659.00,1659.00,1659.00
TX284,960.00,960.00,960.00,960.00,1053.00,1170.00,1251.00,1341.00,1437.00,1170.00,1290.00,1398.00,1452.00,1515.00,1269.00,1383.00,1461.00,1065.00,1167.00,1395.00,1539.00,1641.00,1659.00,1674.00,1674.00,1674.00,1674.00
TX285,1179.00,1179.00,1179.00,1179.00,1275.00,1347.00,1425.00,1506.00,1602.00,1350.00,1458.00,1557.00,1617.00,1689.00,1440.00,1542.00,1629.00,1284.00,1347.00,1554.00,1716.00,1827.00,1845.00,1866.00,1866.00,1866.00,1866.00
TX286,957.00,957.00,957.00,957.00,1014.00,1116.00,1224.00,1341.00,1449.00,1119.00,1272.00,1416.00,1461.00,1512.00,1248.00,1395.00,1470.00,1026.00,1113.00,1410.00,1533.00,1617.00,1632.00,1650.00,1650.00,1650.00,1650.00
TX288,966.00,966.00,966.00,966.00,1080.00,1338.00,1431.00,1533.00,1671.00,1341.00,1473.00,1599.00,1701.00,1818.00,1452.00,1581.00,1719.00,1110.00,1332.00,1593.00,1866.00,2058.00,2079.00,2100.00,2100.00,2100.00,2100.00
TX356,1137.00,1137.00,1137.00,1137.00,1236.00,1377.00,1467.00,1563.00,1677.00,1380.00,1506.00,1623.00,1698.00,1788.00,1485.00,1605.00,1713.00,1251.00,1374.00,1617.00,1821.00,1965.00,1983.00,2004.00,2004.00,2004.00,2004.00
TX387,1059.00,1059.00,1059.00,1059.00,1131.00,1413.00,1437.00,1464.00,1590.00,1413.00,1449.00,1482.00,1629.00,1806.00,1443.00,1476.00,1656.00,1164.00,1407.00,1479.00,1875.00,2160.00,2181.00,2202.00,2202.00,2202.00,2202.00
TX415,972.00,972.00,972.00,972.00,1041.00,1272.00,1317.00,1365.00,1491.00,1272.00,1338.00,1398.00,1527.00,1677.00,1326.00,1389.00,1548.00,1068.00,1266.00,1395.00,1737.00,1983.00,2004.00,2022.00,2022.00,2022.00,2022.00
UT291,942.00,942.00,942.00,942.00,969.00,1152.00,1194.00,1239.00,1305.00,1152.00,1212.00,1266.00,1320.00,1386.00,1203.00,1257.00,1329.00,990.00,1149.00,1263.00,1410.00,1512.00,1527.00,1542.00,1542.00,1542.00,1542.00
UT292,1032.00,1032.00,1032.00,1032.00,1137.00,1305.00,1359.00,1419.00,1491.00,1308.00,1383.00,1455.00,1503.00,1560.00,1371.00,1446.00,1512.00,1155.00,1302.00,1452.00,1581.00,1671.00,1689.00,1704.00,1704.00,1704.00,1704.00
UT357,963.00,963.00,963.00,963.00,1056.00,1146.00,1248.00,1359.00,1470.00,1149.00,1293.00,1428.00,1485.00,1551.00,1269.00,1410.00,1494.00,1065.00,1143.00,1422.00,1575.00,1680.00,1698.00,1716.00,1716.00,1716.00,1716.00
VA295,1230.00,1230.00,1230.00,1230.00,1308.00,1467.00,1584.00,1710.00,1857.00,1470.00,1635.00,1788.00,1881.00,1989.00,1608.00,1767.00,1896.00,1326.00,1464.00,1782.00,2031.00,2205.00,2226.00,2250.00,2250.00,2250.00,2250.00
VA296,1398.00,1398.00,1398.00,1398.00,1446.00,1686.00,1773.00,1869.00,2004.00,1689.00,1812.00,1929.00,2034.00,2160.00,1794.00,1911.00,2052.00,1473.00,1683.00,1923.00,2208.00,2409.00,2433.00,2457.00,2457.00,2457.00,2457.00
VA297,1260.00,1260.00,1260.00,1260.00,1374.00,1611.00,1752.00,1908.00,2052.00,1614.00,1818.00,2007.00,2070.00,2142.00,1785.00,1980.00,2082.00,1398.00,1605.00,2001.00,2172.00,2289.00,2313.00,2337.00,2337.00,2337.00,2337.00
VA298,1359.00,1359.00,1359.00,1359.00,1452.00,1752.00,1785.00,1821.00,1926.00,1752.00,1800.00,1842.00,1956.00,2091.00,1791.00,1836.00,1977.00,1485.00,1746.00,1842.00,2142.00,2358.00,2382.00,2406.00,2406.00,2406.00,2406.00
VA300,1161.00,1161.00,1161.00,1161.00,1182.00,1197.00,1257.00,1320.00,1419.00,1200.00,1281.00,1359.00,1443.00,1539.00,1269.00,1350.00,1458.00,1182.00,1197.00,1356.00,1575.00,1731.00,1749.00,1767.00,1767.00,1767.00,1767.00
VA301,1245.00,1245.00,1245.00,1245.00,1338.00,1479.00,1524.00,1575.00,1680.00,1479.00,1545.00,1605.00,1707.00,1827.00,1533.00,1596.00,1725.00,1353.00,1476.00,1602.00,1872.00,2064.00,2085.00,2106.00,2106.00,2106.00,2106.00
VA302,1506.00,1506.00,1506.00,1506.00,1704.00,2070.00,2103.00,2139.00,2226.00,2070.00,2118.00,2160.00,2253.00,2361.00,2109.00,2154.00,2268.00,1746.00,2064.00,2160.00,2403.00,2577.00,2601.00,2628.00,2628.00,2628.00,2628.00
VA303,993.00,993.00,993.00,993.00,1185.00,1266.00,1335.00,1410.00,1527.00,1269.00,1365.00,1458.00,1551.00,1662.00,1350.00,1446.00,1569.00,1194.00,1266.00,1455.00,1707.00,1884.00,1905.00,1923.00,1923.00,1923.00,1923.00
VA362,897.00,897.00,897.00,897.00,987.00,1152.00,1212.00,1278.00,1389.00,1155.00,1239.00,1320.00,1416.00,1524.00,1227.00,1308.00,1431.00,1005.00,1149.00,1317.00,1569.00,1746.00,1764.00,1782.00,1782.00,1782.00,1782.00
VA368,1224.00,1224.00,1224.00,1224.00,1326.00,1710.00,1746.00,1785.00,1872.00,1713.00,1761.00,1809.00,1896.00,1995.00,1755.00,1803.00,1911.00,1368.00,1704.00,1806.00,2034.00,2199.00,2220.00,2244.00,2244.00,2244.00,2244.00
VT305,1533.00,1533.00,1533.00,1533.00,1764.00,1878.00,1950.00,2031.00,2154.00,1881.00,1983.00,2079.00,2181.00,2298.00,1968.00,2067.00,2199.00,1776.00,1875.00,2076.00,2343.00,2535.00,2559.00,2586.00,2586.00,2586.00,2586.00
WA306,1125.00,1125.00,1125.00,1125.00,1230.00,1365.00,1446.00,1536.00,1653.00,1368.00,1485.00,1593.00,1674.00,1770.00,1464.00,1578.00,1689.00,1245.00,1362.00,1587.00,1809.00,1962.00,1983.00,2001.00,2001.00,2001.00,2001.00
WA307,1236.00,1236.00,1236.00,1236.00,1320.00,1548.00,1632.00,1725.00,1833.00,1551.00,1671.00,1782.00,1854.00,1938.00,1653.00,1767.00,1866.00,1347.00,1545.00,1779.00,1968.00,2103.00,2124.00,2145.00,2145.00,2145.00,2145.00
WA308,1005.00,1005.00,1005.00,1005.00,1104.00,1290.00,1350.00,1419.00,1485.00,1293.00,1377.00,1461.00,1497.00,1539.00,1365.00,1449.00,1503.00,1125.00,1287.00,1458.00,1554.00,1623.00,1638.00,1653.00,1653.00,1653.00,1653.00
WA309,1398.00,1398.00,1398.00,1398.00,1566.00,1881.00,1950.00,2028.00,2109.00,1884.00,1983.00,2076.00,2121.00,2172.00,1968.00,2061.00,2130.00,1602.00,1875.00,2073.00,2193.00,2277.00,2301.00,2325.00,2325.00,2325.00,2325.00
WA310,951.00,951.00,951.00,951.00,1059.00,1158.00,1218.00,1284.00,1383.00,1161.00,1245.00,1326.00,1404.00,1494.00,1233.00,1314.00,1419.00,1068.00,1158.00,1323.00,1530.00,1677.00,1695.00,1713.00,1713.00,1713.00,1713.00
WA311,1263.00,1263.00,1263.00,1263.00,1395.00,1635.00,1743.00,1860.00,1983.00,1638.00,1791.00,1935.00,2004.00,2082.00,1767.00,1914.00,2016.00,1422.00,1629.00,1929.00,2115.00,2244.00,2265.00,2289.00,2289.00,2289.00,2289.00
WA312,1056.00,1056.00,1056.00,1056.00,1131.00,1362.00,1464.00,1578.00,1668.00,1365.00,1512.00,1647.00,1677.00,1707.00,1488.00,1629.00,1680.00,1158.00,1356.00,1641.00,1722.00,1773.00,1791.00,1809.00,1809.00,1809.00,1809.00
WA313,1071.00,1071.00,1071.00,1071.00,1230.00,1308.00,1359.00,1413.00,1488.00,1308.00,1380.00,1446.00,1503.00,1566.00,1368.00,1437.00,1512.00,1239.00,1305.00,1443.00,1593.00,1698.00,1713.00,1731.00,1731.00,1731.00,1731.00
WA315,870.00,870.00,870.00,870.00,954.00,1062.00,1119.00,1179.00,1236.00,1065.00,1143.00,1218.00,1245.00,1272.00,1131.00,1209.00,1248.00,966.00,1062.00,1215.00,1284.00,1332.00,1344.00,1359.00,1359.00,1359.00,1359.00
WI316,1224.00,1224.00,1224.00,1224.00,1311.00,1506.00,1575.00,1647.00,1758.00,1509.00,1605.00,1692.00,1785.00,1893.00,1590.00,1680.00,1800.00,1332.00,1503.00,1689.00,1935.00,2109.00,2130.00,2151.00,2151.00,2151.00,2151.00
WI317,1275.00,1275.00,1275.00,1275.00,1362.00,1491.00,1566.00,1650.00,1755.00,1491.00,1599.00,1701.00,1776.00,1866.00,1584.00,1686.00,1791.00,1377.00,1488.00,1698.00,1899.00,2040.00,2061.00,2082.00,2082.00,2082.00,2082.00
WI318,918.00,918.00,918.00,918.00,1032.00,1245.00,1275.00,1308.00,1344.00,1245.00,1287.00,1326.00,1353.00,1383.00,1281.00,1320.00,1356.00,1056.00,1242.00,1326.00,1392.00,1440.00,1455.00,1470.00,1470.00,1470.00,1470.00
WI319,822.00,822.00,822.00,822.00,903.00,1083.00,1122.00,1167.00,1251.00,1086.00,1140.00,1194.00,1272.00,1368.00,1131.00,1185.00,1287.00,924.00,1080.00,1191.00,1404.00,1557.00,1572.00,1587.00,1587.00,1587.00,1587.00
WI358,834.00,834.00,834.00,834.00,897.00,1170.00,1197.00,1227.00,1335.00,1173.00,1209.00,1245.00,1368.00,1509.00,1203.00,1242.00,1389.00,927.00,1167.00,1245.00,1566.00,1797.00,1815.00,1833.00,1833.00,1833.00,1833.00
WI359,840.00,840.00,840.00,840.00,897.00,1131.00,1164.00,1197.00,1269.00,1134.00,1176.00,1218.00,1287.00,1371.00,1170.00,1212.00,1299.00,924.00,1128.00,1215.00,1404.00,1539.00,1554.00,1569.00,1569.00,1569.00,1569.00
WI412,813.00,813.00,813.00,813.00,927.00,1056.00,1116.00,1179.00,1269.00,1056.00,1140.00,1221.00,1287.00,1365.00,1128.00,1209.00,1299.00,942.00,1053.00,1218.00,1395.00,1524.00,1539.00,1554.00,1554.00,1554.00,1554.00
WI453,900.00,900.00,900.00,900.00,1023.00,1203.00,1212.00,1224.00,1269.00,1203.00,1218.00,1233.00,1281.00,1341.00,1215.00,1230.00,1290.00,1044.00,1197.00,1230.00,1365.00,1458.00,1473.00,1488.00,1488.00,1488.00,1488.00
WV320,1023.00,1023.00,1023.00,1023.00,1176.00,1404.00,1413.00,1422.00,1509.00,1404.00,1416.00,1428.00,1539.00,1668.00,1416.00,1428.00,1557.00,1200.00,1401.00,1428.00,1716.00,1923.00,1944.00,1962.00,1962.00,1962.00,1962.00
WV322,912.00,912.00,912.00,912.00,948.00,1215.00,1251.00,1290.00,1344.00,1215.00,1269.00,1317.00,1353.00,1398.00,1260.00,1308.00,1362.00,978.00,1209.00,1314.00,1416.00,1488.00,1503.00,1518.00,1518.00,1518.00,1518.00
WV323,837.00,837.00,837.00,837.00,885.00,1068.00,1116.00,1167.00,1248.00,1071.00,1137.00,1197.00,1266.00,1347.00,1125.00,1188.00,1278.00,906.00,1065.00,1194.00,1380.00,1509.00,1524.00,1539.00,1539.00,1539.00,1539.00
WV360,801.00,801.00,801.00,801.00,864.00,993.00,1056.00,1128.00,1200.00,996.00,1086.00,1170.00,1212.00,1257.00,1071.00,1158.00,1218.00,879.00,990.00,1167.00,1275.00,1353.00,1365.00,1380.00,1380.00,1380.00,1380.00
WV454,1104.00,1104.00,1104.00,1104.00,1200.00,1347.00,1410.00,1482.00,1584.00,1350.00,1440.00,1524.00,1605.00,1704.00,1425.00,1512.00,1620.00,1218.00,1344.00,1521.00,1740.00,1896.00,1914.00,1932.00,1932.00,1932.00,1932.00
WV455,867.00,867.00,867.00,867.00,936.00,1197.00,1230.00,1266.00,1350.00,1197.00,1245.00,1287.00,1374.00,1476.00,1236.00,1281.00,1389.00,966.00,1191.00,1287.00,1515.00,1680.00,1695.00,1713.00,1713.00,1713.00,1713.00
WV456,807.00,807.00,807.00,807.00,882.00,981.00,1014.00,1047.00,1113.00,984.00,1029.00,1071.00,1131.00,1203.00,1020.00,1065.00,1143.00,891.00,981.00,1068.00,1230.00,1347.00,1362.00,1374.00,1374.00,1374.00,1374.00
WY324,855.00,855.00,855.00,855.00,960.00,1329.00,1377.00,1431.00,1497.00,1329.00,1401.00,1464.00,1509.00,1563.00,1389.00,1455.00,1518.00,999.00,1323.00,1461.00,1584.00,1671.00,1689.00,1704.00,1704.00,1704.00,1704.00
ZZ510,771.00,771.00,771.00,771.00,840.00,987.00,1032.00,1077.00,1149.00,990.00,1050.00,1107.00,1164.00,1230.00,1041.00,1101.00,1173.00,855.00,984.00,1107.00,1257.00,1362.00,1377.00,1392.00,1392.00,1392.00,1392.00
ZZ520,786.00,786.00,786.00,786.00,855.00,1005.00,1050.00,1098.00,1170.00,1008.00,1071.00,1128.00,1185.00,1254.00,1059.00,1122.00,1197.00,870.00,1002.00,1128.00,1281.00,1389.00,1404.00,1416.00,1416.00,1416.00,1416.00
ZZ530,801.00,801.00,801.00,801.00,870.00,1026.00,1071.00,1119.00,1194.00,1026.00,1089.00,1149.00,1209.00,1278.00,1080.00,1143.00,1218.00,888.00,1023.00,1149.00,1305.00,1416.00,1428.00,1443.00,1443.00,1443.00,1443.00
ZZ540,816.00,816.00,816.00,816.00,888.00,1044.00,1089.00,1140.00,1215.00,1044.00,1110.00,1170.00,1230.00,1299.00,1101.00,1164.00,1242.00,903.00,1041.00,1170.00,1326.00,1440.00,1455.00,1470.00,1470.00,1470.00,1470.00
ZZ550,831.00,831.00,831.00,831.00,903.00,1062.00,1110.00,1161.00,1236.00,1065.00,1131.00,1194.00,1254.00,1323.00,1119.00,1185.00,1263.00,921.00,1059.00,1191.00,1350.00,1467.00,1482.00,1494.00,1494.00,1494.00,1494.00
ZZ560,843.00,843.00,843.00,843.00,918.00,1083.00,1131.00,1182.00,1257.00,1083.00,1152.00,1215.00,1275.00,1347.00,1140.00,1206.00,1287.00,936.00,1080.00,1212.00,1374.00,1491.00,1506.00,1521.00,1521.00,1521.00,1521.00
ZZ570,858.00,858.00,858.00,858.00,936.00,1101.00,1149.00,1200.00,1281.00,1101.00,1170.00,1236.00,1296.00,1371.00,1161.00,1227.00,1308.00,954.00,1098.00,1233.00,1398.00,1518.00,1533.00,1548.00,1548.00,1548.00,1548.00
ZZ580,873.00,873.00,873.00,873.00,951.00,1119.00,1170.00,1221.00,1302.00,1122.00,1191.00,1257.00,1320.00,1395.00,1179.00,1248.00,1332.00,969.00,1116.00,1254.00,1422.00,1542.00,1557.00,1575.00,1575.00,1575.00,1575.00
ZZ590,888.00,888.00,888.00,888.00,966.00,1140.00,1188.00,1242.00,1323.00,1140.00,1212.00,1278.00,1341.00,1416.00,1200.00,1269.00,1353.00,987.00,1137.00,1275.00,1446.00,1569.00,1584.00,1599.00,1599.00,1599.00,1599.00
ZZ600,903.00,903.00,903.00,903.00,984.00,1158.00,1209.00,1263.00,1347.00,1158.00,1230.00,1299.00,1365.00,1440.00,1221.00,1290.00,1374.00,1002.00,1155.00,1296.00,1470.00,1593.00,1611.00,1626.00,1626.00,1626.00,1626.00
ZZ610,918.00,918.00,918.00,918.00,999.00,1176.00,1227.00,1284.00,1368.00,1179.00,1251.00,1320.00,1386.00,1464.00,1239.00,1311.00,1398.00,1020.00,1173.00,1317.00,1494.00,1620.00,1635.00,1653.00,1653.00,1653.00,1653.00
ZZ620,933.00,933.00,933.00,933.00,1014.00,1197.00,1248.00,1305.00,1389.00,1197.00,1272.00,1341.00,1407.00,1488.00,1260.00,1332.00,1419.00,1035.00,1191.00,1338.00,1518.00,1644.00,1662.00,1677.00,1677.00,1677.00,1677.00
ZZ630,948.00,948.00,948.00,948.00,1032.00,1215.00,1269.00,1326.00,1410.00,1215.00,1290.00,1362.00,1431.00,1509.00,1281.00,1353.00,1443.00,1050.00,1212.00,1359.00,1542.00,1671.00,1689.00,1704.00,1704.00,1704.00,1704.00
ZZ640,963.00,963.00,963.00,963.00,1047.00,1233.00,1287.00,1347.00,1434.00,1236.00,1311.00,1383.00,1452.00,1533.00,1299.00,1374.00,1464.00,1068.00,1230.00,1380.00,1566.00,1698.00,1713.00,1731.00,1731.00,1731.00,1731.00
ZZ650,978.00,978.00,978.00,978.00,1062.00,1254.00,1308.00,1365.00,1455.00,1254.00,1332.00,1404.00,1473.00,1557.00,1320.00,1395.00,1488.00,1083.00,1248.00,1401.00,1590.00,1722.00,1740.00,1758.00,1758.00,1758.00,1758.00
ZZ660,993.00,993.00,993.00,993.00,1080.00,1272.00,1326.00,1386.00,1476.00,1272.00,1353.00,1425.00,1497.00,1581.00,1338.00,1416.00,1509.00,1101.00,1269.00,1422.00,1614.00,1749.00,1767.00,1782.00,1782.00,1782.00,1782.00
ZZ670,1008.00,1008.00,1008.00,1008.00,1095.00,1290.00,1347.00,1407.00,1500.00,1293.00,1371.00,1446.00,1518.00,1605.00,1359.00,1437.00,1533.00,1116.00,1287.00,1443.00,1635.00,1773.00,1791.00,1809.00,1809.00,1809.00,1809.00
ZZ680,1023.00,1023.00,1023.00,1023.00,1110.00,1311.00,1368.00,1428.00,1521.00,1311.00,1392.00,1467.00,1542.00,1626.00,1380.00,1458.00,1554.00,1134.00,1305.00,1464.00,1659.00,1800.00,1818.00,1836.00,1836.00,1836.00,1836.00
ZZ690,1038.00,1038.00,1038.00,1038.00,1128.00,1329.00,1386.00,1449.00,1542.00,1329.00,1413.00,1488.00,1563.00,1650.00,1398.00,1479.00,1575.00,1149.00,1326.00,1485.00,1683.00,1824.00,1842.00,1863.00,1863.00,1863.00,1863.00
ZZ700,1050.00,1050.00,1050.00,1050.00,1143.00,1347.00,1407.00,1470.00,1566.00,1350.00,1431.00,1509.00,1584.00,1674.00,1419.00,1500.00,1599.00,1167.00,1344.00,1506.00,1707.00,1851.00,1869.00,1887.00,1887.00,1887.00,1887.00
ZZ710,1065.00,1065.00,1065.00,1065.00,1158.00,1368.00,1425.00,1491.00,1587.00,1368.00,1452.00,1530.00,1608.00,1698.00,1440.00,1521.00,1620.00,1182.00,1362.00,1527.00,1731.00,1875.00,1896.00,1914.00,1914.00,1914.00,1914.00
ZZ720,1080.00,1080.00,1080.00,1080.00,1176.00,1386.00,1446.00,1512.00,1608.00,1386.00,1473.00,1551.00,1629.00,1719.00,1458.00,1542.00,1644.00,1197.00,1380.00,1548.00,1755.00,1902.00,1920.00,1941.00,1941.00,1941.00,1941.00
ZZ730,1095.00,1095.00,1095.00,1095.00,1191.00,1404.00,1464.00,1530.00,1629.00,1407.00,1491.00,1575.00,1650.00,1743.00,1479.00,1563.00,1665.00,1215.00,1401.00,1569.00,1779.00,1929.00,1947.00,1965.00,1965.00,1965.00,1965.00
ZZ740,1110.00,1110.00,1110.00,1110.00,1206.00,1422.00,1485.00,1551.00,1653.00,1425.00,1512.00,1596.00,1674.00,1767.00,1500.00,1584.00,1689.00,1230.00,1419.00,1590.00,1803.00,1953.00,1974.00,1992.00,1992.00,1992.00,1992.00
ZZ750,1125.00,1125.00,1125.00,1125.00,1224.00,1443.00,1506.00,1572.00,1674.00,1443.00,1533.00,1617.00,1695.00,1791.00,1518.00,1605.00,1710.00,1248.00,1437.00,1611.00,1827.00,1980.00,1998.00,2019.00,2019.00,2019.00,2019.00
ZZ760,1140.00,1140.00,1140.00,1140.00,1239.00,1461.00,1524.00,1593.00,1695.00,1464.00,1554.00,1638.00,1719.00,1812.00,1539.00,1626.00,1734.00,1263.00,1458.00,1635.00,1851.00,2004.00,2025.00,2046.00,2046.00,2046.00,2046.00
ZZ770,1155.00,1155.00,1155.00,1155.00,1254.00,1479.00,1545.00,1614.00,1719.00,1482.00,1572.00,1659.00,1740.00,1836.00,1560.00,1647.00,1755.00,1281.00,1476.00,1656.00,1875.00,2031.00,2052.00,2070.00,2070.00,2070.00,2070.00
ZZ780,1170.00,1170.00,1170.00,1170.00,1272.00,1500.00,1563.00,1635.00,1740.00,1500.00,1593.00,1680.00,1761.00,1860.00,1578.00,1668.00,1776.00,1296.00,1494.00,1677.00,1899.00,2055.00,2076.00,2097.00,2097.00,2097.00,2097.00
ZZ790,1185.00,1185.00,1185.00,1185.00,1287.00,1518.00,1584.00,1656.00,1761.00,1521.00,1614.00,1701.00,1785.00,1884.00,1599.00,1689.00,1800.00,1314.00,1515.00,1698.00,1923.00,2082.00,2103.00,2124.00,2124.00,2124.00,2124.00
ZZ800,1200.00,1200.00,1200.00,1200.00,1305.00,1536.00,1605.00,1677.00,1782.00,1539.00,1632.00,1722.00,1806.00,1908.00,1617.00,1710.00,1821.00,1329.00,1533.00,1719.00,1944.00,2106.00,2127.00,2148.00,2148.00,2148.00,2148.00
ZZ810,1215.00,1215.00,1215.00,1215.00,1320.00,1557.00,1623.00,1695.00,1806.00,1557.00,1653.00,1743.00,1830.00,1929.00,1638.00,1731.00,1845.00,1347.00,1551.00,1740.00,1968.00,2133.00,2154.00,2175.00,2175.00,2175.00,2175.00
ZZ820,1230.00,1230.00,1230.00,1230.00,1335.00,1575.00,1644.00,1716.00,1827.00,1578.00,1674.00,1764.00,1851.00,1953.00,1659.00,1752.00,1866.00,1362.00,1569.00,1761.00,1992.00,2157.00,2181.00,2202.00,2202.00,2202.00,2202.00
ZZ830,1245.00,1245.00,1245.00,1245.00,1353.00,1593.00,1662.00,1737.00,1848.00,1596.00,1692.00,1785.00,1872.00,1977.00,1677.00,1773.00,1890.00,1377.00,1590.00,1782.00,2016.00,2184.00,2205.00,2229.00,2229.00,2229.00,2229.00
ZZ840,1260.00,1260.00,1260.00,1260.00,1368.00,1614.00,1683.00,1758.00,1872.00,1614.00,1713.00,1806.00,1896.00,2001.00,1698.00,1794.00,1911.00,1395.00,1608.00,1803.00,2040.00,2211.00,2232.00,2253.00,2253.00,2253.00,2253.00
ZZ850,1272.00,1272.00,1272.00,1272.00,1383.00,1632.00,1701.00,1779.00,1893.00,1635.00,1734.00,1827.00,1917.00,2022.00,1719.00,1815.00,1935.00,1410.00,1626.00,1824.00,2064.00,2235.00,2259.00,2280.00,2280.00,2280.00,2280.00
ZZ860,1287.00,1287.00,1287.00,1287.00,1401.00,1650.00,1722.00,1800.00,1914.00,1653.00,1755.00,1848.00,1938.00,2046.00,1737.00,1836.00,1956.00,1428.00,1647.00,1845.00,2088.00,2262.00,2283.00,2307.00,2307.00,2307.00,2307.00
ZZ870,1302.00,1302.00,1302.00,1302.00,1416.00,1671.00,1743.00,1821.00,1938.00,1671.00,1773.00,1869.00,1962.00,2070.00,1758.00,1857.00,1977.00,1443.00,1665.00,1866.00,2112.00,2286.00,2310.00,2331.00,2331.00,2331.00,2331.00
ZZ880,1317.00,1317.00,1317.00,1317.00,1431.00,1689.00,1761.00,1839.00,1959.00,1692.00,1794.00,1890.00,1983.00,2094.00,1779.00,1878.00,2001.00,1461.00,1683.00,1887.00,2136.00,2313.00,2334.00,2358.00,2358.00,2358.00,2358.00
ZZ890,1332.00,1332.00,1332.00,1332.00,1449.00,1707.00,1782.00,1860.00,1980.00,1710.00,1815.00,1911.00,2007.00,2118.00,1797.00,1899.00,2022.00,1476.00,1704.00,1908.00,2160.00,2337.00,2361.00,2385.00,2385.00,2385.00,2385.00
