AK400,1134,1134,1134,1134,1425,1450,1481,1514,1566,1450,1495,1535,1578,1628,1487,1529,1586,1427,1449,1534,1649,1734,1748,1769
AK401,1159,1159,1159,1159,1315,1343,1383,1427,1504,1344,1401,1454,1524,1605,1391,1446,1536,1317,1342,1452,1639,1770,1785,1806
AK402,1118,1118,1118,1118,1366,1411,1446,1483,1521,1412,1462,1507,1526,1548,1453,1500,1529,1371,1411,1505,1557,1648,1650,1681
AK403,1092,1092,1092,1092,1278,1350,1403,1461,1541,1351,1427,1497,1558,1629,1414,1486,1569,1287,1349,1494,1659,1774,1788,1809
AK404,980,980,980,980,1239,1330,1395,1467,1527,1331,1426,1512,1533,1558,1410,1499,1537,1250,1328,1509,1568,1629,1642,1661
AK405,895,895,895,895,1073,1115,1146,1181,1235,1115,1161,1210,1247,1298,1153,1199,1255,1077,1114,1207,1319,1402,1414,1430
AL001,479,479,479,479,519,572,593,638,696,573,608,662,723,785,603,655,728,522,570,673,811,912,942,964
AL002,435,435,435,435,465,531,554,579,619,532,564,595,628,685,559,590,634,469,530,594,710,810,843,946
AL003,563,563,563,563,622,623,669,719,793,624,689,750,810,880,679,741,821,622,623,748,909,1023,1031,1067
AL004,558,558,558,558,599,687,717,750,811,687,731,771,830,908,723,765,842,607,685,769,941,1069,1078,1091
AL005,592,592,592,592,658,762,816,874,922,763,840,911,927,945,827,900,929,670,760,908,952,982,990,1001
AL006,594,594,594,594,639,785,786,786,818,785,786,787,830,880,786,787,838,656,781,787,901,982,990,1058
AL007,706,706,706,706,761,772,841,918,1010,773,873,965,1027,1099,856,951,1038,762,772,961,1129,1246,1256,1271
AL008,535,535,535,535,586,677,716,759,812,678,734,786,822,863,725,778,828,593,675,784,881,948,956,967
AR010,568,568,568,568,600,670,694,720,762,671,704,736,771,828,699,731,778,608,669,735,830,967,975,1005
AR011,542,542,542,542,590,595,596,596,615,595,596,596,648,722,596,596,629,590,595,596,769,912,942,966
AR012,476,476,476,476,517,658,694,733,787,659,710,758,798,844,702,751,805,533,655,756,863,954,993,1038
AR419,487,487,487,487,527,588,613,650,697,589,624,670,722,786,618,664,725,534,587,681,815,925,954,1044
AZ013,836,836,836,836,922,975,1029,1087,1148,976,1053,1124,1157,1195,1040,1113,1163,928,974,1121,1211,1274,1284,1299
AZ014,628,628,628,628,704,770,781,797,843,770,785,831,845,861,783,821,847,711,769,828,868,996,1044,1081
AZ015,719,719,719,719,785,886,940,998,1066,887,964,1035,1078,1127,951,1024,1085,796,884,1032,1148,1229,1239,1253
AZ016,664,664,664,664,778,848,893,942,995,849,913,973,1004,1043,903,964,1009,786,847,971,1069,1167,1180,1204
CA018,1489,1489,1489,1489,1581,1808,1911,2025,2152,1810,1958,2095,2173,2264,1934,2074,2187,1607,1803,2090,2302,2450,2470,2499
CA019,2153,2153,2153,2153,2332,2656,2731,2814,2946,2658,2765,2865,2977,3107,2747,2850,2997,2369,2649,2861,3162,3374,3402,3441
CA021,535,535,535,535,567,710,727,745,783,711,735,757,793,835,731,754,800,575,706,756,853,922,943,962
CA022,600,600,600,600,658,698,780,871,944,700,817,927,951,978,798,910,955,662,697,923,990,1046,1046,1069
CA023,672,672,672,672,767,812,881,957,1051,813,912,1010,1069,1145,896,994,1081,772,811,1006,1177,1301,1311,1327
CA024,1034,1034,1034,1034,1126,1311,1410,1518,1600,1313,1454,1585,1606,1631,1431,1565,1610,1147,1307,1580,1641,1681,1695,1714
CA025,1178,1178,1178,1178,1215,1486,1564,1649,1752,1488,1599,1702,1771,1851,1581,1686,1783,1246,1480,1698,1884,2014,2030,2054
CA026,802,802,802,802,860,976,1092,1220,1310,978,1144,1299,1315,1333,1117,1276,1317,873,974,1293,1340,1370,1381,1397
CA027,1398,1398,1398,1398,1542,1909,1983,2074,2259,1911,2016,2177,2291,2435,1999,2147,2312,1583,1901,2169,2508,2787,2810,2842
CA028,615,615,615,615,659,740,781,825,898,741,799,853,869,887,790,845,871,668,738,851,894,937,1024,1131
CA030,745,745,745,745,788,847,884,927,981,848,901,961,989,1022,892,951,994,794,846,958,1036,1090,1099,1117
CA031,781,781,781,781,832,835,857,881,1004,835,867,896,954,1022,862,891,965,832,835,895,1051,1161,1170,1184
CA032,525,525,525,525,580,670,709,752,791,671,726,778,795,815,717,770,798,590,668,776,824,857,864,1033
CA033,649,649,649,649,764,889,985,1091,1189,891,1029,1157,1201,1253,1006,1138,1209,778,886,1152,1275,1359,1370,1386
CA034,936,936,936,936,983,1206,1266,1332,1426,1207,1293,1373,1447,1532,1279,1361,1460,1008,1201,1370,1568,1707,1721,1741
CA035,798,798,798,798,844,920,1000,1087,1167,922,1035,1141,1177,1219,1017,1125,1184,852,919,1137,1237,1305,1316,1331
CA036,1221,1221,1221,1221,1247,1431,1538,1655,1755,1433,1586,1728,1766,1810,1561,1707,1773,1268,1427,1723,1828,1900,1915,1938
CA037,1300,1300,1300,1300,1382,1567,1632,1703,1787,1568,1661,1747,1802,1871,1646,1734,1811,1403,1563,1744,1914,2081,2098,2122
CA038,1132,1132,1132,1132,1222,1512,1606,1710,1822,1514,1649,1774,1840,1917,1627,1755,1852,1255,1506,1769,1950,2075,2092,2116
CA039,1059,1059,1059,1059,1150,1488,1616,1757,1913,1490,1674,1844,1939,2049,1644,1818,1956,1188,1481,1838,2095,2274,2292,2319
CA040,605,605,605,605,655,763,834,911,995,764,865,959,1009,1068,849,945,1019,667,761,955,1093,1188,1198,1211
CA041,853,853,853,853,878,1062,1120,1184,1249,1063,1146,1224,1259,1299,1133,1212,1265,899,1058,1221,1316,1381,1392,1408
CA042,612,612,612,612,696,837,912,993,1076,839,945,1044,1088,1139,928,1029,1096,712,834,1040,1160,1243,1253,1268
CA044,2059,2059,2059,2059,2207,2366,2502,2652,2824,2369,2564,2745,2855,2982,2532,2718,2874,2225,2363,2738,3035,3242,3268,3307
CA392,1076,1076,1076,1076,1132,1212,1315,1428,1534,1214,1361,1498,1548,1606,1337,1477,1557,1141,1210,1493,1631,1725,1739,1759
CA393,749,749,749,749,797,1048,1131,1223,1317,1050,1169,1280,1331,1389,1150,1263,1340,825,1043,1276,1414,1510,1522,1540
CA420,710,710,710,710,764,940,992,1048,1106,941,1015,1083,1115,1153,1003,1073,1121,777,936,1080,1169,1230,1240,1254
CA421,869,869,869,869,922,1043,1116,1197,1279,1045,1149,1247,1292,1344,1132,1232,1300,933,1040,1243,1365,1450,1462,1479
CA457,767,767,767,767,821,865,937,1017,1090,867,970,1066,1099,1137,953,1051,1105,826,864,1062,1153,1215,1225,1239
CO045,925,925,925,925,1011,1235,1304,1381,1453,1236,1336,1428,1463,1503,1319,1414,1469,1036,1230,1424,1520,1585,1598,1616
CO046,751,751,751,751,781,875,969,1073,1164,877,1012,1137,1175,1218,990,1118,1181,791,873,1132,1237,1308,1319,1334
CO047,776,776,776,776,845,933,1021,1118,1214,935,1061,1178,1228,1286,1040,1160,1237,855,931,1174,1311,1405,1416,1433
CO422,1034,1034,1034,1034,1138,1365,1442,1526,1612,1367,1477,1579,1625,1677,1459,1564,1633,1164,1360,1575,1700,1786,1800,1821
CT049,844,844,844,844,927,978,1087,1206,1332,980,1135,1280,1353,1437,1110,1258,1366,933,977,1275,1472,1609,1622,1641
CT050,990,990,990,990,1070,1113,1216,1328,1436,1115,1262,1398,1450,1511,1238,1377,1460,1075,1112,1393,1536,1635,1648,1667
CT051,1232,1232,1232,1232,1266,1424,1525,1637,1771,1426,1571,1706,1796,1900,1547,1686,1812,1284,1421,1701,1944,2113,2130,2155
DC053,1185,1185,1185,1185,1265,1546,1651,1766,1887,1548,1698,1837,1906,1986,1673,1816,1918,1297,1540,1832,2020,2150,2167,2193
DE054,767,767,767,767,867,886,906,928,984,886,915,942,1000,1068,910,938,1011,867,884,941,1097,1207,1217,1231
DE055,777,777,777,777,821,833,836,839,861,833,837,860,880,938,837,841,875,822,833,841,974,1015,1023,1035
FL056,642,642,642,642,678,763,801,842,895,764,818,868,905,949,809,860,912,687,761,866,967,1073,1076,1096
FL057,623,623,623,623,683,792,848,910,974,793,873,948,983,1025,860,937,990,695,790,945,1042,1109,1118,1131
FL058,747,747,747,747,805,834,864,897,981,835,878,918,1005,1107,871,912,1021,808,834,916,1149,1314,1325,1340
FL059,701,701,701,701,771,1034,1091,1153,1211,1035,1116,1192,1218,1249,1103,1181,1223,801,1028,1189,1262,1312,1323,1338
FL061,1058,1058,1058,1058,1162,1342,1464,1599,1779,1344,1519,1682,1816,1971,1491,1657,1840,1182,1338,1676,2037,2289,2308,2335
FL062,824,824,824,824,882,1009,1075,1146,1244,1010,1104,1191,1264,1349,1089,1178,1277,896,1006,1188,1385,1523,1535,1553
FL063,624,624,624,624,672,776,777,786,852,776,777,805,870,945,777,799,882,678,772,804,977,1100,1109,1122
FL064,591,591,591,591,630,731,761,793,834,732,774,813,842,876,767,807,848,641,729,811,891,948,1000,1011
FL065,681,681,681,681,717,906,925,945,1005,907,933,958,1023,1097,929,954,1034,734,902,957,1129,1251,1261,1276
FL066,793,793,793,793,860,969,1008,1051,1163,970,1025,1077,1196,1335,1016,1069,1218,872,967,1075,1393,1618,1631,1650
FL067,976,976,976,976,1080,1367,1455,1551,1690,1369,1494,1611,1720,1846,1474,1593,1740,1112,1361,1607,1900,2105,2122,2147
FL068,567,567,567,567,578,677,700,753,839,678,763,794,859,925,709,766,865,589,679,786,971,1089,1130,1143
FL069,1386,1386,1386,1386,1475,1587,1695,1813,1955,1589,1743,1886,1981,2091,1718,1864,1998,1488,1585,1881,2137,2316,2335,2362
FL070,712,712,712,712,776,801,837,876,931,802,853,900,943,993,844,893,951,778,799,898,1014,1096,1105,1118
FL397,660,660,660,660,743,854,878,905,953,855,889,921,965,1017,883,916,973,755,852,920,1038,1122,1151,1236
FL423,639,639,639,639,714,828,879,935,1001,829,902,971,1012,1060,890,960,1019,727,825,968,1080,1157,1167,1181
FL424,818,818,818,818,880,1029,1101,1181,1262,1031,1134,1230,1274,1326,1117,1215,1282,897,1026,1226,1347,1431,1443,1459
GA071,1031,1031,1031,1031,1129,1281,1311,1343,1414,1282,1324,1363,1434,1516,1317,1357,1447,1140,1277,1361,1551,1685,1699,1718
GA072,503,503,503,503,533,619,657,699,753,620,674,725,764,810,665,717,771,543,617,723,839,957,987,1077
GA073,671,671,671,671,702,789,815,843,882,790,826,860,890,926,820,855,896,712,787,859,940,1011,1022,1069
GA074,571,571,571,571,624,751,763,776,817,752,768,800,829,882,766,787,838,624,747,797,904,990,998,1046
GA075,683,683,683,683,727,789,835,885,960,790,855,916,977,1047,845,907,988,734,788,914,1077,1192,1202,1216
GA076,749,749,749,749,803,837,855,879,917,838,865,895,926,963,860,890,931,807,837,894,982,1056,1064,1077
GA077,806,806,806,806,855,863,913,973,1038,863,937,1010,1048,1092,925,999,1055,855,861,1007,1111,1183,1192,1206
GA078,692,692,692,692,726,871,929,992,1060,872,955,1032,1071,1115,941,1020,1077,736,868,1029,1134,1207,1217,1231
GA079,693,693,693,693,736,853,899,950,1014,854,920,981,1027,1080,909,972,1035,749,851,979,1102,1189,1199,1213
GA080,567,567,567,567,617,639,674,722,818,640,690,775,835,904,682,759,845,619,639,771,933,1046,1054,1067
GA081,538,538,538,538,593,675,729,789,852,676,753,826,862,904,741,815,869,598,672,823,922,991,999,1011
HI407,1258,1258,1258,1258,1373,1564,1645,1735,1836,1566,1682,1790,1854,1927,1663,1774,1865,1394,1560,1786,1958,2078,2095,2119
HI408,1113,1113,1113,1113,1196,1479,1612,1759,1869,1482,1672,1850,1877,1907,1641,1823,1881,1228,1473,1843,1921,1971,1987,2010
HI409,897,897,897,897,991,1102,1166,1274,1371,1103,1210,1341,1383,1451,1188,1321,1391,1003,1100,1336,1498,1679,1693,1712
IA082,721,721,721,721,814,925,949,995,1069,926,959,1041,1080,1125,954,1027,1087,826,923,1037,1144,1218,1228,1242
IA083,616,616,616,616,683,822,865,911,973,823,884,940,985,1038,874,931,993,699,819,938,1060,1145,1154,1168
IA330,541,541,541,541,589,676,721,771,824,677,742,803,833,868,731,794,838,599,674,800,882,977,985,996
IA331,479,479,479,479,533,658,688,722,761,658,702,743,774,829,695,736,773,542,654,741,834,927,956,1046
IA332,554,554,554,554,646,708,729,753,790,709,739,769,799,860,734,763,804,653,707,767,851,949,965,1048
IA389,517,517,517,517,552,676,713,755,798,676,730,781,804,831,722,773,808,566,673,779,843,887,894,946
IA425,781,781,781,781,898,1024,1049,1076,1124,1025,1060,1093,1136,1186,1054,1088,1144,912,1021,1092,1207,1288,1298,1313
ID084,621,621,621,621,689,757,796,839,907,758,814,866,922,988,805,858,933,697,756,864,1015,1122,1131,1144
ID085,477,477,477,477,541,615,675,739,814,616,713,770,820,860,672,735,801,548,635,750,878,945,952,963
ID086,521,521,521,521,549,689,725,764,806,690,741,788,805,845,732,781,808,558,686,786,842,895,903,946
ID087,458,458,458,458,477,578,606,641,691,578,618,669,709,760,612,661,720,483,575,667,766,854,854,946
ID333,517,517,517,517,623,724,761,806,853,724,779,834,861,891,770,826,865,635,721,832,905,1011,1030,1057
ID426,506,506,506,506,541,618,654,694,740,619,671,719,748,781,662,712,753,550,617,717,795,850,857,946
IL088,588,588,588,588,635,717,757,800,856,718,774,827,867,913,765,819,874,644,715,825,933,1008,1016,1028
IL089,579,579,579,579,629,738,776,816,858,739,792,842,864,890,784,834,868,641,736,840,901,959,967,978
IL090,612,612,612,612,674,752,825,904,992,754,857,954,1007,1068,840,939,1016,683,751,950,1094,1194,1204,1218
IL092,1003,1003,1003,1003,1087,1222,1271,1325,1421,1223,1293,1360,1444,1543,1282,1349,1460,1095,1216,1356,1585,1746,1760,1781
IL093,625,625,625,625,696,777,832,892,1003,778,857,930,1031,1147,844,919,1049,705,775,927,1196,1386,1397,1413
IL325,1122,1122,1122,1122,1193,1493,1552,1617,1736,1494,1579,1657,1766,1892,1565,1645,1785,1227,1486,1654,1945,2150,2167,2193
IL335,556,556,556,556,626,682,718,758,804,683,735,783,812,880,726,776,818,632,681,781,922,1059,1106,1118
IL366,818,818,818,818,893,997,1097,1208,1306,999,1142,1276,1318,1367,1119,1256,1326,905,995,1271,1387,1467,1479,1496
IL427,545,545,545,545,586,763,820,883,954,764,846,922,966,1018,833,910,974,599,759,919,1039,1123,1132,1145
IN094,719,719,719,719,783,842,923,1012,1119,844,959,1067,1140,1224,940,1051,1153,789,841,1063,1259,1396,1407,1424
IN096,653,653,653,653,689,720,760,803,851,721,777,830,859,900,768,822,864,692,720,828,906,960,968,979
IN097,539,539,539,539,614,650,712,724,784,668,717,745,797,857,710,739,798,616,685,744,889,1013,1043,1064
IN099,644,644,644,644,713,756,776,797,832,756,784,811,841,876,780,807,846,716,754,810,910,1088,1097,1110
IN337,571,571,571,571,606,716,755,798,853,717,772,824,865,938,763,816,872,618,714,822,943,1070,1097,1118
IN338,515,515,515,515,552,613,634,658,700,614,644,672,734,795,639,668,728,559,612,671,805,909,916,946
IN367,694,694,694,694,711,746,785,828,879,747,803,855,888,927,794,847,894,715,745,853,943,1027,1052,1073
IN399,617,617,617,617,665,765,822,884,945,766,847,923,953,988,834,912,958,676,763,920,1002,1059,1067,1080
KS100,551,551,551,551,624,657,660,662,708,657,661,713,746,809,660,663,732,628,657,682,817,922,951,1025
KS101,627,627,627,627,690,808,835,874,961,809,847,920,977,1044,841,906,988,703,806,916,1072,1181,1191,1204
KS102,656,656,656,656,717,777,827,882,935,778,850,916,943,973,838,906,947,724,776,913,987,1037,1045,1057
KS104,674,674,674,674,742,880,922,968,1019,881,941,997,1028,1063,931,988,1033,757,877,995,1078,1136,1145,1158
KS105,565,565,565,565,652,708,740,776,828,709,755,798,840,888,747,791,847,658,707,796,909,988,996,1007
KS334,459,459,459,459,508,559,617,671,710,556,633,690,718,765,608,668,715,506,558,675,786,867,874,946
KY106,495,495,495,495,526,584,615,645,723,585,623,664,745,810,608,648,719,559,583,666,807,919,957,982
KY107,619,619,619,619,683,792,830,871,918,793,847,897,926,961,838,889,932,695,790,895,975,1055,1076,1095
KY109,656,656,656,656,742,841,859,880,937,842,868,913,953,1023,863,902,963,753,839,910,1053,1167,1176,1190
KY110,439,439,439,439,485,598,630,666,728,599,645,694,741,795,637,683,749,498,595,691,818,906,913,946
KY112,505,505,505,505,580,665,709,757,813,666,729,787,823,864,718,778,829,589,663,785,882,949,957,968
KY339,460,460,460,460,517,702,755,812,870,703,778,848,878,913,766,837,884,528,697,845,928,994,1002,1030
KY429,517,517,517,517,549,699,762,831,907,700,790,874,919,972,776,861,927,566,696,871,994,1079,1088,1100
KY430,478,478,478,478,524,560,599,639,693,540,612,661,720,785,609,654,724,525,583,672,813,922,951,1026
LA113,487,487,487,487,541,629,673,722,772,630,693,752,780,812,683,743,785,551,627,750,825,913,943,972
LA114,625,625,625,625,673,728,786,849,938,729,812,889,957,1035,798,877,969,679,727,886,1068,1196,1206,1220
LA115,488,488,488,488,523,603,655,712,752,604,678,747,753,772,666,737,754,532,601,744,798,871,878,946
LA116,662,662,662,662,689,889,979,1077,1142,891,1019,1138,1144,1150,998,1120,1145,712,885,1133,1153,1194,1204,1218
LA117,600,600,600,600,667,781,807,846,919,782,818,885,932,986,812,873,940,674,778,882,1009,1098,1107,1120
LA118,572,572,572,572,607,770,802,843,901,770,817,870,913,962,809,862,920,619,766,868,983,1064,1073,1088
LA326,520,520,520,520,587,703,703,704,739,703,704,705,743,821,704,705,755,596,699,705,853,980,988,1046
LA370,550,550,550,550,607,726,737,749,797,726,742,761,834,899,739,754,821,620,724,755,902,1031,1086,1110
LA371,591,591,591,591,668,683,706,731,766,684,716,747,786,832,711,742,782,669,683,746,849,915,922,946
MA119,1055,1055,1055,1055,1138,1234,1318,1410,1529,1236,1355,1467,1553,1653,1336,1450,1568,1149,1232,1463,1695,1857,1872,1894
MA120,1788,1788,1788,1788,1915,2012,2114,2226,2441,2014,2160,2295,2497,2730,2136,2275,2533,1926,2010,2290,2829,3208,3234,3272
MA121,1055,1055,1055,1055,1138,1234,1318,1410,1529,1236,1355,1467,1553,1653,1336,1450,1568,1149,1232,1463,1695,1857,1872,1894
MA122,1111,1111,1111,1111,1200,1389,1486,1592,1701,1391,1529,1658,1718,1788,1507,1639,1729,1221,1385,1653,1817,1931,1947,1969
MA123,1173,1173,1173,1173,1192,1282,1406,1542,1667,1284,1462,1627,1683,1747,1433,1602,1692,1202,1280,1621,1774,1879,1894,1916
MA124,1303,1303,1303,1303,1375,1456,1620,1799,1973,1459,1693,1911,1996,2095,1655,1878,2012,1384,1454,1903,2137,2298,2317,2344
MA125,1186,1186,1186,1186,1299,1465,1596,1740,1875,1467,1655,1829,1892,1966,1624,1803,1904,1318,1462,1822,1997,2116,2133,2158
MA126,808,808,808,808,889,946,1020,1101,1192,948,1053,1152,1207,1271,1036,1137,1217,895,945,1148,1299,1403,1414,1431
MA151,1055,1055,1055,1055,1138,1234,1318,1410,1529,1236,1355,1467,1553,1653,1336,1450,1568,1149,1232,1463,1695,1857,1872,1894
MA377,1229,1229,1229,1229,1287,1581,1796,2031,2208,1585,1892,2178,2220,2268,1842,2135,2227,1320,1575,2167,2288,2367,2386,2414
MA431,577,577,577,577,655,917,979,1047,1123,918,1007,1089,1136,1190,992,1077,1144,679,910,1086,1213,1302,1312,1328
MD127,760,760,760,760,833,924,1048,1185,1290,926,1104,1270,1298,1331,1075,1245,1303,843,922,1264,1345,1399,1410,1427
MD128,1001,1001,1001,1001,1134,1393,1535,1691,1836,1396,1599,1788,1855,1932,1566,1760,1867,1163,1387,1781,1965,2091,2108,2133
MD129,806,806,806,806,874,1051,1095,1142,1248,1052,1114,1172,1278,1400,1104,1163,1296,894,1047,1170,1451,1650,1663,1683
MD130,833,833,833,833,933,1052,1120,1195,1266,1053,1151,1241,1276,1317,1135,1227,1282,946,1050,1238,1334,1400,1411,1428
MD133,1002,1002,1002,1002,1065,1306,1363,1425,1491,1307,1388,1464,1501,1545,1375,1453,1508,1092,1301,1461,1563,1634,1647,1666
MD134,962,962,962,962,989,1069,1158,1256,1354,1071,1198,1317,1369,1428,1178,1299,1378,998,1067,1312,1454,1551,1564,1582
MD135,839,839,839,839,920,970,1031,1098,1172,971,1059,1140,1184,1235,1044,1128,1192,925,969,1137,1256,1339,1350,1366
MD340,463,463,463,463,525,582,608,633,699,572,618,659,715,763,610,651,724,521,584,657,780,850,857,946
MD432,715,715,715,715,769,880,919,961,1024,881,936,987,1039,1099,927,979,1048,781,878,985,1124,1222,1232,1246
ME136,636,636,636,636,712,854,929,1011,1094,856,962,1062,1106,1158,945,1047,1114,728,851,1058,1179,1263,1273,1288
ME137,512,512,512,512,528,618,662,710,759,619,682,740,766,796,671,731,771,538,616,738,809,864,871,946
ME139,896,896,896,896,967,1096,1181,1274,1367,1098,1219,1332,1380,1435,1199,1315,1388,981,1093,1328,1459,1549,1562,1580
ME141,844,844,844,844,896,976,1049,1130,1200,978,1082,1180,1207,1238,1065,1165,1212,905,974,1176,1252,1303,1313,1329
ME390,649,649,649,649,701,832,898,970,1043,833,928,1016,1054,1098,912,1002,1061,713,828,1012,1116,1188,1198,1212
MI142,795,795,795,795,900,1005,1055,1157,1263,1006,1097,1221,1280,1348,1075,1202,1290,907,1001,1216,1376,1487,1499,1516
MI143,460,460,460,460,500,548,595,647,694,549,616,679,707,724,605,669,711,505,547,677,733,810,843,946
MI145,663,663,663,663,686,808,852,901,961,809,872,932,973,1020,862,923,980,700,805,930,1041,1118,1127,1140
MI146,721,721,721,721,791,864,898,935,989,865,913,958,1001,1052,905,951,1009,799,863,956,1073,1155,1164,1178
MI148,628,628,628,628,706,792,845,904,965,793,869,940,975,1016,857,929,982,716,790,937,1033,1100,1109,1122
MI149,608,608,608,608,652,724,759,796,846,725,774,820,855,897,766,813,862,660,723,818,914,987,1010,1107
MI152,632,632,632,632,699,773,826,883,933,774,849,919,938,961,837,908,942,707,772,916,970,1101,1143,1164
MI153,721,721,721,721,799,819,851,885,945,820,865,907,959,1020,858,901,969,801,819,905,1045,1144,1153,1167
MI154,714,714,714,714,807,892,960,1035,1118,893,991,1081,1133,1193,975,1067,1142,816,890,1078,1218,1327,1338,1353
MI155,935,935,935,935,1058,1199,1305,1422,1542,1201,1353,1494,1561,1638,1328,1473,1573,1074,1196,1489,1670,1843,1858,1880
MI156,552,552,552,552,628,701,714,728,750,702,720,737,767,826,717,734,758,636,700,736,825,955,987,1007
MI157,462,462,462,462,501,561,593,628,676,562,607,649,686,728,600,643,692,508,560,647,746,816,843,946
MI391,641,641,641,641,700,797,862,934,1004,798,891,978,1014,1056,876,965,1021,711,795,975,1074,1142,1151,1165
MI434,587,587,587,587,645,747,800,857,916,748,823,893,925,961,811,882,930,656,745,890,977,1037,1045,1065
MN158,723,723,723,723,772,817,844,874,913,818,856,892,921,955,850,886,926,777,816,891,969,1024,1032,1044
MN159,980,980,980,980,1093,1310,1381,1459,1552,1311,1413,1507,1570,1642,1396,1493,1581,1117,1305,1503,1673,1791,1806,1827
MN376,551,551,551,551,609,694,748,806,865,695,772,843,874,910,759,832,880,618,692,840,925,984,992,1003
MN436,662,662,662,662,729,889,938,991,1060,890,959,1024,1073,1130,948,1014,1082,747,886,1022,1154,1247,1257,1272
MO160,708,708,708,708,788,874,965,1064,1177,876,1005,1126,1197,1279,984,1108,1209,798,872,1121,1313,1447,1459,1476
MO161,727,727,727,727,792,873,931,1002,1111,873,960,1047,1135,1237,945,1034,1151,800,870,1044,1281,1447,1459,1476
MO162,515,515,515,515,586,642,652,663,693,642,657,670,705,741,654,668,710,592,641,669,755,816,843,946
MO163,501,501,501,501,544,631,681,735,793,632,703,769,802,841,691,759,808,554,629,766,857,920,927,946
MO164,478,478,478,478,524,573,622,676,738,574,644,710,749,795,633,700,756,529,572,707,814,919,926,946
MO165,543,543,543,543,625,639,730,831,931,641,771,893,945,1005,750,875,954,626,639,888,1031,1129,1138,1151
MO343,518,518,518,518,564,659,690,737,787,659,707,768,794,831,697,759,799,575,657,766,850,925,932,946
MO344,489,489,489,489,553,618,660,712,766,619,681,746,774,806,669,736,779,560,616,743,823,931,961,1050
MS168,632,632,632,632,688,794,797,844,901,794,811,878,910,948,799,868,916,700,792,875,964,1026,1034,1046
MS169,493,493,493,493,526,598,636,678,737,599,653,704,758,806,644,696,739,534,597,702,824,891,917,955
MS170,660,660,660,660,712,839,867,897,954,840,879,929,964,1004,873,917,970,726,836,926,1025,1102,1111,1124
MS171,464,464,464,464,502,715,773,837,916,716,799,877,931,993,786,865,940,524,710,874,1019,1120,1129,1142
MS172,572,572,572,572,600,712,736,796,856,713,761,834,865,901,748,823,871,613,710,831,916,975,983,1057
MS410,690,690,690,690,732,783,803,824,865,784,811,837,875,919,807,833,882,738,782,836,942,1034,1042,1055
MS437,624,624,624,624,650,708,748,791,834,709,765,818,840,865,756,810,844,656,707,816,876,939,969,1058
MS438,446,446,446,446,488,555,585,630,685,556,601,653,711,774,597,646,716,507,565,664,800,891,898,946
MT175,468,468,468,468,526,623,645,694,787,624,654,744,804,874,649,729,815,537,621,740,903,1017,1025,1037
MT347,514,514,514,514,556,647,696,750,805,648,718,784,821,872,707,774,818,566,645,781,861,958,966,977
MT379,513,513,513,513,561,657,697,741,791,658,715,768,800,847,706,760,805,572,655,766,852,929,939,950
MT441,636,636,636,636,693,794,847,906,968,795,871,942,977,1019,859,931,984,704,792,939,1036,1103,1112,1125
NC176,839,839,839,839,895,973,1056,1147,1233,975,1093,1203,1245,1293,1074,1186,1252,904,972,1199,1313,1392,1403,1420
NC177,572,572,572,572,605,703,737,774,820,704,752,797,829,867,744,790,835,616,701,795,883,944,959,1048
NC178,604,604,604,604,674,693,748,809,883,694,773,847,897,955,760,836,906,676,693,844,980,1074,1083,1095
NC179,810,810,810,810,877,961,1001,1046,1126,962,1018,1087,1146,1234,1009,1075,1160,886,959,1084,1271,1413,1424,1441
NC180,871,871,871,871,934,1071,1079,1087,1135,1071,1082,1093,1151,1218,1080,1091,1161,950,1068,1092,1246,1355,1366,1382
NC181,717,717,717,717,780,841,888,940,982,842,909,972,986,1003,898,962,989,787,839,969,1010,1038,1046,1059
NC182,625,625,625,625,638,699,724,751,788,700,735,768,796,828,729,763,801,641,697,767,841,921,942,964
NC183,584,584,584,584,615,752,822,899,952,753,854,947,953,961,837,933,954,630,749,943,964,976,984,1017
NC184,665,665,665,665,718,860,911,967,1044,861,934,1002,1060,1127,922,992,1070,734,857,999,1156,1265,1275,1290
NC185,848,848,848,848,944,1083,1130,1182,1256,1084,1151,1214,1273,1341,1140,1204,1283,960,1080,1211,1370,1481,1493,1510
NC186,723,723,723,723,778,924,928,932,984,924,930,935,1003,1082,929,934,1015,791,920,935,1115,1244,1254,1269
NC187,750,750,750,750,806,860,926,999,1068,861,956,1044,1077,1116,941,1031,1083,812,859,1041,1132,1195,1205,1219
NC372,607,607,607,607,667,739,783,832,891,740,803,862,902,948,793,853,909,675,738,860,968,1043,1051,1092
ND188,474,474,474,474,539,600,644,692,746,601,664,722,756,816,653,713,762,546,599,720,812,910,937,948
ND189,534,534,534,534,626,774,819,868,917,775,839,898,924,954,828,889,929,643,771,896,967,1016,1024,1036
ND190,566,566,566,566,651,747,787,831,881,748,805,858,890,927,796,850,896,662,745,856,943,1023,1032,1044
ND191,426,426,426,426,475,515,567,655,716,516,606,683,729,759,586,662,737,479,514,681,770,895,950,981
NE192,663,663,663,663,735,824,887,955,1012,825,915,998,1018,1041,900,985,1021,745,822,995,1050,1088,1097,1109
NE193,597,597,597,597,684,760,810,864,920,761,832,898,928,964,820,888,934,692,759,895,978,1036,1044,1056
NH194,970,970,970,970,1111,1287,1437,1601,1739,1290,1504,1703,1753,1811,1469,1673,1762,1131,1283,1695,1836,1930,1946,1968
NH195,890,890,890,890,957,1082,1199,1327,1468,1084,1251,1407,1491,1589,1224,1384,1506,971,1079,1401,1630,1789,1803,1825
NJ196,945,945,945,945,1040,1117,1206,1343,1483,1119,1258,1433,1503,1584,1228,1407,1516,1049,1116,1426,1619,1751,1765,1786
NJ198,907,907,907,907,956,1088,1146,1261,1402,1089,1183,1343,1425,1521,1158,1319,1440,963,1085,1337,1561,1716,1730,1750
NJ200,1194,1194,1194,1194,1401,1455,1637,1838,2012,1458,1719,1962,2031,2112,1677,1925,2044,1407,1454,1953,2146,2277,2296,2322
NJ201,1260,1260,1260,1260,1320,1569,1607,1647,1691,1570,1623,1673,1698,1726,1615,1665,1702,1348,1564,1671,1738,1785,1799,1820
NJ202,1220,1220,1220,1220,1300,1509,1590,1679,1795,1511,1626,1734,1818,1916,1607,1718,1833,1324,1505,1730,1957,2116,2133,2158
NJ203,914,914,914,914,1000,1158,1239,1328,1419,1160,1275,1383,1433,1491,1256,1367,1442,1018,1155,1379,1516,1610,1623,1642
NJ204,928,928,928,928,982,1095,1137,1183,1259,1096,1156,1211,1278,1359,1146,1203,1291,995,1093,1209,1392,1523,1535,1553
NM205,469,469,469,469,533,655,679,705,772,656,689,721,792,875,684,716,805,547,653,720,909,1043,1052,1102
NM206,710,710,710,710,774,923,953,1013,1082,924,974,1054,1093,1139,960,1042,1100,787,919,1051,1158,1233,1243,1257
NM207,435,435,435,435,530,559,589,654,669,560,603,652,672,771,596,644,677,533,559,661,802,922,952,1027
NM209,621,621,621,621,697,750,766,782,815,751,773,793,827,875,769,790,834,699,748,792,896,975,1002,1044
NM210,843,843,843,843,896,1023,1099,1182,1266,1025,1133,1242,1278,1328,1115,1220,1285,910,1020,1236,1350,1432,1444,1460
NV199,1114,1114,1114,1114,1291,1451,1548,1655,1807,1453,1592,1733,1836,1955,1569,1707,1854,1309,1448,1726,2005,2199,2217,2243
NV211,880,880,880,880,952,985,1070,1164,1269,987,1109,1222,1287,1363,1089,1205,1299,956,985,1218,1395,1518,1530,1548
NV212,775,775,775,775,848,981,1048,1122,1191,982,1079,1168,1199,1235,1063,1154,1205,859,978,1165,1251,1310,1321,1336
NV213,880,880,880,880,952,985,1070,1164,1269,987,1109,1222,1287,1363,1089,1205,1299,956,985,1218,1395,1518,1530,1548
NY215,742,742,742,742,789,951,1018,1091,1172,952,1048,1137,1185,1241,1032,1124,1194,794,947,1134,1265,1356,1367,1383
NY216,679,679,679,679,723,792,891,1000,1107,794,935,1067,1123,1188,912,1047,1133,730,789,1062,1215,1321,1332,1347
NY217,822,822,822,822,888,1059,1088,1134,1196,1059,1107,1162,1209,1263,1097,1154,1217,906,1054,1160,1286,1374,1385,1401
NY218,1526,1526,1526,1526,1662,1942,1945,1947,1994,1942,1946,1949,2011,2083,1945,1948,2022,1694,1936,1949,2114,2231,2249,2275
NY219,1519,1519,1519,1519,1640,1739,1845,1961,2065,1741,1892,2033,2077,2129,1868,2012,2085,1651,1737,2028,2150,2234,2252,2278
NY221,761,761,761,761,861,913,987,1068,1130,915,1020,1119,1134,1151,1003,1104,1137,867,912,1115,1159,1187,1197,1210
NY222,547,547,547,547,612,731,769,810,865,732,786,836,877,924,777,828,884,625,729,834,943,1020,1028,1044
NY223,624,624,624,624,692,760,814,872,936,761,838,909,947,992,825,898,954,700,758,906,1011,1085,1094,1107
NY225,529,529,529,529,565,691,728,769,812,692,745,794,819,847,736,786,823,579,688,792,859,906,913,946
NY226,699,699,699,699,715,837,896,961,1027,838,923,1001,1036,1078,909,989,1043,729,835,998,1095,1162,1171,1185
NY349,1490,1490,1490,1490,1671,1916,2042,2181,2343,1918,2099,2267,2372,2493,2070,2242,2391,1699,1911,2261,2545,2742,2764,2797
NY444,519,519,519,519,562,650,695,745,796,651,716,776,804,836,705,767,809,572,648,774,850,910,940,953
NY445,797,797,797,797,862,981,1049,1124,1201,982,1080,1170,1213,1263,1064,1156,1221,875,979,1167,1284,1365,1376,1392
OH227,651,651,651,651,719,802,845,893,957,803,865,923,970,1025,855,914,979,728,798,921,1048,1137,1146,1160
OH228,796,796,796,796,838,893,974,1064,1200,894,1011,1128,1228,1343,992,1107,1246,838,891,1123,1392,1580,1593,1611
OH229,704,704,704,704,766,824,899,982,1084,826,933,1033,1103,1184,915,1018,1115,772,823,1029,1218,1350,1361,1377
OH230,651,651,651,651,707,764,816,898,995,765,846,953,1011,1113,828,937,1021,713,763,949,1159,1338,1349,1364
OH231,563,563,563,563,632,711,760,814,891,712,782,848,908,977,771,838,918,641,709,845,1006,1119,1128,1141
OH232,640,640,640,640,717,750,809,874,940,751,836,914,950,992,822,902,957,721,750,911,1010,1096,1123,1143
OH233,547,547,547,547,619,675,697,722,796,676,707,767,788,850,702,732,814,625,674,736,900,1034,1069,1082
OH382,514,514,514,514,561,651,688,728,776,652,704,753,785,823,696,746,791,571,649,751,839,900,907,946
OH446,476,476,476,476,515,612,652,695,742,613,669,722,749,781,660,714,754,526,610,720,794,846,853,946
OK235,457,457,457,457,495,583,631,684,740,584,653,717,749,795,642,707,755,509,581,715,842,939,972,1035
OK236,485,485,485,485,519,591,621,654,697,592,634,674,706,744,627,668,712,527,590,672,760,821,843,946
OK237,505,505,505,505,561,614,618,622,651,614,620,625,664,699,619,624,672,567,613,625,716,810,843,946
OK239,607,607,607,607,624,703,729,757,805,704,740,774,817,868,734,769,825,633,701,773,889,971,979,1054
OK240,651,651,651,651,675,761,816,876,949,762,840,913,963,1021,828,902,972,685,759,910,1045,1139,1148,1162
OR091,623,623,623,623,650,726,786,851,924,727,813,892,937,989,799,880,945,658,725,889,1010,1095,1104,1117
OR241,606,606,606,606,680,740,797,858,931,741,822,897,944,998,809,886,952,687,739,894,1021,1110,1119,1132
OR242,505,505,505,505,541,613,673,752,808,614,696,773,814,865,683,761,803,543,611,770,867,950,957,968
OR243,774,774,774,774,830,894,954,1020,1104,895,981,1061,1121,1190,967,1049,1131,837,893,1058,1219,1331,1342,1357
OR244,590,590,590,590,653,720,778,842,914,721,804,882,927,979,791,870,935,660,719,879,1000,1085,1094,1106
OR245,616,616,616,616,665,859,883,910,962,860,894,926,976,1035,888,921,986,682,854,925,1060,1155,1164,1178
OR246,623,623,623,623,654,726,783,844,911,727,808,883,924,981,795,872,933,662,725,880,1004,1096,1105,1118
OR373,530,530,530,530,604,690,742,799,855,691,765,834,863,898,753,824,869,614,688,831,912,968,976,987
PA247,727,727,727,727,787,844,857,871,908,845,863,880,919,963,860,877,925,793,843,879,982,1055,1063,1076
PA248,894,894,894,894,969,1106,1129,1155,1219,1107,1140,1171,1237,1314,1135,1166,1249,984,1103,1170,1347,1472,1484,1501
PA249,1078,1078,1078,1078,1170,1216,1380,1561,1749,1219,1454,1673,1779,1901,1416,1640,1797,1175,1215,1665,1952,2151,2168,2194
PA250,781,781,781,781,845,894,949,1009,1070,895,973,1046,1079,1118,961,1035,1085,850,893,1043,1134,1197,1207,1221
PA251,638,638,638,638,689,791,792,793,869,791,793,859,873,946,792,816,863,700,789,815,975,1116,1117,1137
PA252,684,684,684,684,728,836,895,959,1025,837,921,999,1035,1076,907,987,1041,738,834,996,1094,1161,1170,1186
PA253,649,649,649,649,707,765,782,802,845,765,790,814,857,908,786,810,865,711,763,813,929,1011,1019,1031
PA254,636,636,636,636,684,709,714,741,836,709,717,762,816,889,716,728,785,687,708,733,894,1050,1075,1135
PA255,697,697,697,697,752,850,896,947,1021,851,917,979,1037,1105,907,970,1048,763,848,977,1134,1244,1254,1269
PA383,434,434,434,434,497,581,627,679,730,585,648,711,737,768,637,701,742,517,578,708,780,882,906,946
RI256,1007,1007,1007,1007,1065,1178,1284,1400,1523,1180,1331,1472,1543,1625,1307,1451,1555,1078,1176,1467,1659,1793,1808,1829
RI257,857,857,857,857,881,967,1033,1106,1211,968,1063,1151,1234,1331,1048,1138,1249,891,965,1148,1371,1528,1540,1558
SC258,698,698,698,698,748,828,886,950,1007,829,912,990,1014,1042,899,978,1019,757,826,987,1054,1100,1109,1122
SC259,742,742,742,742,764,842,934,1035,1163,844,975,1098,1188,1293,954,1079,1204,773,841,1093,1337,1507,1519,1537
SC260,743,743,743,743,805,933,987,1046,1106,934,1011,1083,1115,1151,999,1072,1120,819,930,1080,1167,1227,1237,1251
SC261,675,675,675,675,704,769,822,881,965,770,846,917,983,1060,834,906,995,711,768,914,1093,1218,1228,1242
SC262,781,781,781,781,844,980,997,1015,1063,981,1005,1027,1077,1135,1001,1024,1086,859,977,1026,1159,1253,1263,1278
SC263,585,585,585,585,634,649,722,801,880,651,754,851,892,939,737,836,899,635,649,847,959,1036,1044,1056
SC375,561,561,561,561,617,718,745,775,810,719,757,793,816,842,751,787,820,628,716,792,854,922,951,1025
SD264,638,638,638,638,701,754,795,841,899,755,814,869,911,959,804,861,918,707,753,867,979,1058,1066,1079
SD265,575,575,575,575,618,765,815,870,935,766,838,904,947,998,826,894,955,634,762,901,1019,1101,1110,1123
TN266,579,579,579,579,610,756,809,867,938,757,833,903,951,1014,820,892,960,625,753,900,1043,1153,1162,1176
TN267,586,586,586,586,649,814,840,869,915,815,852,887,925,969,846,882,932,668,811,886,988,1060,1068,1081
TN268,752,752,752,752,786,815,852,892,971,816,868,917,992,1078,860,910,1005,789,815,915,1114,1255,1265,1280
TN269,748,748,748,748,831,983,1051,1125,1194,984,1081,1171,1203,1239,1065,1157,1208,848,980,1168,1255,1315,1326,1341
TN353,488,488,488,488,543,647,665,686,735,647,674,699,757,819,669,695,741,555,644,698,815,927,934,946
TN354,473,473,473,473,518,597,642,692,752,598,663,723,763,809,652,714,770,527,595,721,828,917,947,998
TN449,603,603,603,603,659,705,734,765,812,706,747,785,823,866,740,779,829,664,704,784,885,956,964,983
TX270,556,556,556,556,625,735,766,801,855,736,780,822,868,922,773,816,877,633,733,820,945,1032,1040,1052
TX271,565,565,565,565,637,676,702,730,771,677,714,748,780,837,708,743,785,641,675,747,841,976,986,1050
TX272,877,877,877,877,921,1036,1152,1279,1417,1038,1204,1358,1440,1534,1177,1335,1454,934,1034,1352,1574,1728,1742,1762
TX273,592,592,592,592,625,714,747,788,835,715,764,813,844,891,755,805,849,635,712,811,895,1003,1054,1069
TX274,678,678,678,678,711,919,960,1005,1079,920,978,1033,1097,1171,969,1025,1108,734,915,1031,1202,1323,1334,1349
TX275,731,731,731,731,791,873,913,956,1029,874,930,983,1047,1121,921,975,1058,800,871,981,1152,1273,1283,1298
TX276,552,552,552,552,623,729,766,811,868,730,782,844,878,917,774,834,884,635,727,841,934,1002,1010,1044
TX277,852,852,852,852,913,1034,1134,1244,1377,1036,1179,1312,1402,1506,1156,1292,1418,927,1032,1307,1550,1719,1733,1753
TX278,545,545,545,545,595,743,792,845,911,744,813,878,924,977,802,868,932,612,740,876,999,1086,1095,1107
TX279,645,645,645,645,712,753,798,848,898,754,819,879,905,936,808,870,910,716,752,877,948,998,1006,1050
TX280,800,800,800,800,892,996,1030,1067,1133,996,1045,1091,1149,1216,1037,1084,1159,904,993,1089,1244,1353,1364,1380
TX281,606,606,606,606,668,830,903,984,1045,832,936,1034,1049,1067,919,1019,1052,686,827,1030,1074,1132,1141,1154
TX282,831,831,831,831,884,957,1053,1159,1265,959,1097,1225,1280,1345,1074,1206,1290,892,956,1220,1372,1477,1489,1506
TX283,611,611,611,611,685,792,819,849,890,793,832,868,899,935,825,862,905,697,790,867,950,1009,1017,1029
TX284,549,549,549,549,608,709,752,799,850,710,771,828,858,894,761,819,864,619,707,826,908,966,974,985
TX285,731,731,731,731,802,900,910,921,970,900,915,928,986,1053,912,926,996,813,898,927,1082,1191,1201,1215
TX286,604,604,604,604,622,704,755,810,870,705,778,845,880,921,766,835,887,631,702,842,938,1005,1013,1052
TX288,615,615,615,615,676,765,816,872,958,766,839,907,977,1058,827,897,989,686,763,904,1092,1224,1234,1248
TX356,789,789,789,789,858,976,1017,1061,1154,977,1035,1089,1179,1283,1026,1081,1195,871,974,1087,1327,1496,1508,1526
TX387,646,646,646,646,711,813,879,951,1024,814,908,996,1035,1080,893,983,1042,722,811,993,1099,1172,1181,1195
UT291,593,593,593,593,665,764,796,833,884,764,811,865,892,923,803,856,897,677,761,863,936,987,997,1053
UT292,723,723,723,723,808,867,889,914,982,868,899,946,1035,1110,894,924,1016,814,866,944,1125,1264,1274,1289
UT357,587,587,587,587,629,738,776,818,875,739,793,844,886,945,784,836,894,636,736,842,974,1083,1091,1104
VA295,797,797,797,797,870,959,1008,1061,1133,960,1029,1094,1148,1212,1018,1084,1158,880,957,1092,1238,1341,1352,1368
VA296,877,877,877,877,922,1001,1072,1150,1279,1003,1104,1199,1309,1437,1088,1185,1329,924,999,1195,1491,1698,1712,1732
VA297,695,695,695,695,740,822,871,925,997,823,893,959,1012,1073,882,949,1021,747,818,956,1099,1198,1208,1222
VA298,739,739,739,739,776,837,901,972,1068,838,931,1017,1093,1194,915,1004,1108,782,834,1014,1237,1402,1413,1430
VA300,583,583,583,583,613,677,711,763,853,678,727,775,809,861,719,765,816,620,676,770,872,982,985,1057
VA301,730,730,730,730,786,809,864,924,1001,810,888,961,1016,1080,876,950,1026,788,809,958,1107,1211,1221,1235
VA302,1118,1118,1118,1118,1214,1261,1336,1417,1501,1263,1369,1468,1514,1566,1352,1453,1522,1219,1260,1464,1589,1675,1689,1708
VA303,531,531,531,531,598,646,714,789,870,647,745,836,882,936,729,822,891,603,645,833,959,1047,1055,1068
VA304,524,524,524,524,566,646,688,734,786,647,738,802,816,879,697,769,827,575,644,760,912,1008,1019,1049
VA362,530,530,530,530,588,649,690,735,793,650,708,763,800,861,699,755,806,592,648,761,865,993,1000,1020
VA368,741,741,741,741,798,822,846,872,934,823,856,888,922,962,851,883,928,801,822,887,979,1051,1053,1106
VT305,819,819,819,819,891,1077,1111,1149,1216,1078,1127,1172,1234,1305,1119,1165,1245,912,1073,1170,1335,1451,1463,1480
WA306,728,728,728,728,821,940,962,985,1043,941,971,1000,1060,1129,966,996,1070,834,938,999,1158,1271,1281,1296
WA307,927,927,927,927,1001,1140,1208,1283,1355,1141,1239,1329,1364,1406,1223,1315,1371,1017,1137,1326,1423,1540,1553,1571
WA308,566,566,566,566,651,719,760,815,876,720,779,854,885,921,769,842,891,659,718,851,937,996,1004,1016
WA309,1074,1074,1074,1074,1171,1258,1347,1444,1566,1260,1386,1504,1590,1689,1366,1486,1605,1181,1256,1500,1731,1892,1907,1930
WA310,593,593,593,593,649,723,757,794,841,724,772,817,857,924,764,810,867,657,722,815,953,1062,1071,1083
WA311,795,795,795,795,892,976,1034,1098,1170,977,1060,1138,1182,1233,1047,1126,1190,901,974,1135,1255,1338,1349,1364
WA312,725,725,725,725,782,919,1014,1118,1201,921,1057,1183,1208,1238,1035,1164,1213,797,916,1178,1251,1299,1309,1325
WA313,574,574,574,574,649,785,840,916,1006,785,871,963,1023,1092,855,949,1033,663,781,959,1121,1233,1243,1257
WA315,501,501,501,501,540,616,643,709,770,655,655,751,788,847,648,704,799,546,614,716,852,968,1057,1140
WI316,752,752,752,752,802,887,964,1048,1128,889,998,1112,1134,1168,980,1089,1139,811,885,1106,1184,1244,1254,1269
WI317,843,843,843,843,884,885,923,963,1022,886,939,989,1035,1087,931,981,1043,884,885,987,1110,1196,1206,1220
WI318,524,524,524,524,602,668,699,734,766,669,713,755,771,794,706,749,774,609,667,753,820,922,951,1025
WI319,540,540,540,540,587,642,676,712,787,643,691,747,797,857,683,728,792,593,641,733,871,968,975,988
WI358,550,550,550,550,620,772,808,847,896,773,824,872,905,942,816,865,910,637,769,870,958,1058,1066,1079
WI359,497,497,497,497,537,645,697,753,809,646,720,788,817,851,708,778,823,549,643,785,866,933,963,1053
WI453,469,469,469,469,525,704,757,826,893,705,784,870,902,940,769,857,908,539,700,867,956,1017,1025,1046
WV320,548,548,548,548,600,654,696,742,796,655,715,770,806,848,705,762,813,606,653,768,866,939,946,957
WV322,545,545,545,545,593,712,743,797,852,712,765,831,860,894,754,821,866,604,707,828,909,964,972,983
WV323,543,543,543,543,608,616,682,754,829,617,711,799,841,889,696,786,848,609,616,796,910,989,1007,1053
WV360,485,485,485,485,516,567,602,641,705,568,618,665,719,781,610,658,724,522,567,669,807,907,924,946
WV454,603,603,603,603,669,741,800,866,930,742,827,906,940,979,813,894,946,677,740,903,995,1059,1067,1080
WV455,476,476,476,476,518,609,652,698,746,610,671,727,753,790,661,718,757,528,607,725,816,918,947,1000
WV456,500,500,500,500,545,642,694,750,806,643,717,785,814,848,705,775,819,556,640,782,862,926,956,1045
WY324,554,554,554,554,642,662,714,771,836,663,737,806,848,896,725,796,855,644,662,803,917,996,1004,1016
ZZ510,410,410,410,410,447,507,534,563,605,507,546,581,614,652,540,576,620,454,506,580,668,730,736,744
ZZ520,432,432,432,432,470,533,562,594,638,534,575,613,647,686,568,607,653,477,532,612,702,766,772,781
ZZ530,453,453,453,453,492,560,590,624,670,560,604,645,680,720,597,639,686,500,558,644,737,802,809,818
ZZ540,474,474,474,474,515,586,619,655,703,586,633,677,713,754,626,670,719,523,584,675,771,838,845,855
ZZ550,495,495,495,495,538,612,647,685,735,613,663,709,745,788,654,702,752,547,610,707,805,874,881,892
ZZ560,516,516,516,516,561,638,675,716,768,639,692,741,778,821,683,733,785,570,637,739,840,910,918,928
ZZ570,537,537,537,537,584,665,703,746,800,665,721,772,811,855,712,765,818,593,663,771,874,946,954,965
ZZ580,558,558,558,558,607,691,732,777,833,692,750,804,844,889,741,796,851,616,689,802,908,982,991,1002
ZZ590,579,579,579,579,630,717,760,807,865,718,779,836,876,923,769,828,884,640,715,834,943,1019,1027,1039
ZZ600,600,600,600,600,653,744,788,837,898,744,808,868,909,957,798,859,917,663,742,866,977,1055,1063,1076
ZZ610,621,621,621,621,675,770,817,868,930,771,838,900,942,991,827,890,950,686,768,898,1011,1091,1100,1112
ZZ620,643,643,643,643,698,796,845,898,963,797,867,932,975,1025,855,922,982,710,794,929,1046,1127,1136,1149
ZZ630,664,664,664,664,721,822,873,929,995,823,896,963,1008,1059,884,953,1015,733,820,961,1080,1163,1172,1186
ZZ640,685,685,685,685,744,849,901,959,1028,850,925,995,1040,1092,913,985,1048,756,846,993,1114,1199,1209,1223
ZZ650,706,706,706,706,767,875,930,990,1060,876,954,1027,1073,1126,942,1016,1081,779,873,1025,1149,1235,1245,1260
ZZ660,727,727,727,727,790,901,958,1020,1093,902,984,1059,1106,1160,970,1048,1114,803,899,1056,1183,1271,1282,1297
ZZ670,748,748,748,748,813,928,986,1051,1125,929,1013,1091,1139,1194,999,1079,1147,826,925,1088,1217,1307,1318,1333
ZZ680,769,769,769,769,836,954,1015,1081,1158,955,1042,1123,1171,1228,1028,1111,1180,849,951,1120,1252,1343,1354,1370
ZZ690,790,790,790,790,859,980,1043,1112,1191,981,1071,1155,1204,1262,1056,1142,1213,872,977,1151,1286,1379,1391,1407
ZZ700,811,811,811,811,881,1007,1071,1142,1223,1008,1100,1186,1237,1296,1085,1173,1246,896,1004,1183,1320,1416,1427,1444
ZZ710,832,832,832,832,904,1033,1099,1173,1256,1034,1129,1218,1270,1329,1114,1205,1279,919,1030,1215,1355,1452,1464,1481
ZZ720,854,854,854,854,927,1059,1128,1203,1288,1060,1159,1250,1303,1363,1143,1236,1312,942,1056,1247,1389,1488,1500,1517
ZZ730,875,875,875,875,950,1085,1156,1234,1321,1087,1188,1282,1335,1397,1171,1268,1345,966,1082,1278,1423,1524,1536,1554
ZZ740,896,896,896,896,973,1112,1184,1264,1353,1113,1217,1314,1368,1431,1200,1299,1378,989,1109,1310,1458,1560,1573,1591
ZZ750,917,917,917,917,996,1138,1213,1295,1386,1139,1246,1346,1401,1465,1229,1331,1411,1012,1135,1342,1492,1596,1609,1628
ZZ760,938,938,938,938,1019,1164,1241,1325,1418,1166,1275,1377,1434,1499,1257,1362,1444,1035,1161,1374,1526,1632,1645,1665
ZZ770,959,959,959,959,1042,1191,1269,1356,1451,1192,1305,1409,1466,1533,1286,1394,1477,1059,1187,1405,1561,1668,1682,1701
ZZ780,980,980,980,980,1065,1217,1297,1386,1483,1218,1334,1441,1499,1567,1315,1425,1510,1082,1213,1437,1595,1704,1718,1738
ZZ790,1001,1001,1001,1001,1087,1243,1326,1417,1516,1245,1363,1473,1532,1600,1344,1456,1543,1105,1240,1469,1629,1740,1755,1775
ZZ800,1022,1022,1022,1022,1110,1269,1354,1447,1548,1271,1392,1505,1565,1634,1372,1488,1576,1128,1266,1501,1664,1776,1791,1812
ZZ810,1044,1044,1044,1044,1133,1296,1382,1478,1581,1297,1421,1537,1598,1668,1401,1519,1609,1152,1292,1532,1698,1812,1827,1849
ZZ820,1065,1065,1065,1065,1156,1322,1411,1508,1613,1323,1450,1569,1630,1702,1430,1551,1641,1175,1318,1564,1732,1849,1864,1885
ZZ830,1086,1086,1086,1086,1179,1348,1439,1539,1646,1350,1480,1600,1663,1736,1458,1582,1674,1198,1344,1596,1767,1885,1900,1922
ZZ840,1107,1107,1107,1107,1202,1375,1467,1569,1678,1376,1509,1632,1696,1770,1487,1614,1707,1222,1371,1628,1801,1921,1937,1959
ZZ850,1128,1128,1128,1128,1225,1401,1495,1599,1711,1402,1538,1664,1729,1804,1516,1645,1740,1245,1397,1659,1835,1957,1973,1996
ZZ860,1149,1149,1149,1149,1248,1427,1524,1630,1743,1429,1567,1696,1762,1837,1545,1677,1773,1268,1423,1691,1870,1993,2009,2033
ZZ870,1170,1170,1170,1170,1271,1453,1552,1660,1776,1455,1596,1728,1794,1871,1573,1708,1806,1291,1449,1723,1904,2029,2046,2069
ZZ880,1191,1191,1191,1191,1293,1480,1580,1691,1808,1481,1626,1760,1827,1905,1602,1739,1839,1315,1476,1755,1938,2065,2082,2106
ZZ890,1212,1212,1212,1212,1316,1506,1609,1721,1841,1508,1655,1791,1860,1939,1631,1771,1872,1338,1502,1786,1972,2101,2118,2143
