AK400,1329.00,1329.00,1329.00,1329.00,1488.00,1494.00,1623.00,1812.00,1878.00,1554.00,1809.00,1884.00,2001.00,2082.00,1770.00,1863.00,1983.00,1491.00,1716.00,1905.00,2070.00,2121.00,2205.00,2250.00,2250.00,2250.00,2250.00
AK401,1248.00,1248.00,1248.00,1248.00,1479.00,1485.00,1557.00,1725.00,1821.00,1488.00,1722.00,1830.00,1998.00,2103.00,1665.00,1800.00,1971.00,1482.00,1617.00,1860.00,2088.00,2157.00,2265.00,2310.00,2310.00,2310.00,2310.00
AK402,1431.00,1431.00,1431.00,1431.00,1794.00,1800.00,1824.00,2007.00,2154.00,1803.00,2001.00,2169.00,2403.00,2442.00,1908.00,2121.00,2391.00,1797.00,1851.00,2217.00,2439.00,2463.00,2505.00,2556.00,2556.00,2556.00,2556.00
AK403,1425.00,1425.00,1425.00,1425.00,1605.00,1719.00,1809.00,1941.00,2004.00,1767.00,1938.00,2010.00,2139.00,2283.00,1899.00,1989.00,2103.00,1707.00,1866.00,2028.00,2262.00,2355.00,2502.00,2553.00,2553.00,2553.00,2553.00
AK404,1272.00,1272.00,1272.00,1272.00,1572.00,1578.00,1680.00,1794.00,1935.00,1581.00,1773.00,1938.00,2133.00,2274.00,1701.00,1872.00,2097.00,1575.00,1683.00,1953.00,2253.00,2346.00,2490.00,2541.00,2541.00,2541.00,2541.00
AK405,1221.00,1221.00,1221.00,1221.00,1521.00,1527.00,1596.00,1707.00,1830.00,1530.00,1704.00,1842.00,2052.00,2151.00,1626.00,1803.00,2025.00,1524.00,1599.00,1881.00,2139.00,2202.00,2307.00,2352.00,2352.00,2352.00,2352.00
AL001,678.00,678.00,678.00,678.00,765.00,813.00,864.00,939.00,969.00,840.00,936.00,972.00,1026.00,1062.00,915.00,960.00,1020.00,807.00,897.00,981.00,1056.00,1098.00,1113.00,1134.00,1134.00,1134.00,1134.00
AL002,702.00,702.00,702.00,702.00,792.00,924.00,1005.00,1092.00,1203.00,927.00,1086.00,1206.00,1257.00,1365.00,1053.00,1131.00,1236.00,822.00,1014.00,1209.00,1350.00,1485.00,1530.00,1563.00,1563.00,1563.00,1563.00
AL003,834.00,834.00,834.00,834.00,909.00,1062.00,1113.00,1170.00,1263.00,1065.00,1158.00,1269.00,1431.00,1503.00,1125.00,1236.00,1413.00,945.00,1116.00,1299.00,1491.00,1554.00,1611.00,1641.00,1641.00,1641.00,1641.00
AL004,798.00,798.00,798.00,798.00,897.00,951.00,1005.00,1080.00,1101.00,981.00,1077.00,1104.00,1155.00,1227.00,1059.00,1098.00,1143.00,945.00,1041.00,1113.00,1224.00,1425.00,1440.00,1455.00,1455.00,1455.00,1455.00
AL005,912.00,912.00,912.00,912.00,972.00,1011.00,1065.00,1140.00,1239.00,1038.00,1137.00,1242.00,1263.00,1392.00,1119.00,1185.00,1260.00,1002.00,1098.00,1245.00,1371.00,1461.00,1608.00,1638.00,1638.00,1638.00,1638.00
AL006,795.00,795.00,795.00,795.00,915.00,996.00,1059.00,1128.00,1221.00,1008.00,1125.00,1224.00,1347.00,1434.00,1077.00,1188.00,1326.00,975.00,1062.00,1236.00,1422.00,1479.00,1563.00,1593.00,1593.00,1593.00,1593.00
AL007,783.00,783.00,783.00,783.00,876.00,1020.00,1092.00,1170.00,1308.00,1023.00,1161.00,1311.00,1383.00,1545.00,1113.00,1221.00,1362.00,921.00,1095.00,1314.00,1542.00,1776.00,1794.00,1812.00,1812.00,1812.00,1812.00
AL008,801.00,801.00,801.00,801.00,915.00,1002.00,1071.00,1176.00,1224.00,1038.00,1173.00,1227.00,1317.00,1386.00,1143.00,1212.00,1299.00,990.00,1119.00,1242.00,1377.00,1560.00,1575.00,1590.00,1590.00,1590.00,1590.00
AR010,774.00,774.00,774.00,774.00,879.00,942.00,1020.00,1125.00,1170.00,981.00,1122.00,1173.00,1257.00,1353.00,1098.00,1158.00,1236.00,930.00,1068.00,1185.00,1338.00,1431.00,1494.00,1524.00,1524.00,1524.00,1524.00
AR011,624.00,624.00,624.00,624.00,708.00,831.00,855.00,918.00,990.00,834.00,915.00,999.00,1116.00,1149.00,870.00,975.00,1107.00,747.00,858.00,1020.00,1143.00,1164.00,1197.00,1221.00,1221.00,1221.00,1221.00
AR012,576.00,576.00,576.00,576.00,681.00,762.00,816.00,930.00,963.00,765.00,927.00,966.00,1032.00,1110.00,906.00,954.00,1014.00,690.00,861.00,975.00,1098.00,1191.00,1224.00,1251.00,1251.00,1251.00,1251.00
AR411,648.00,648.00,648.00,648.00,729.00,807.00,861.00,924.00,1050.00,810.00,894.00,1053.00,1110.00,1287.00,873.00,951.00,1107.00,768.00,864.00,1056.00,1284.00,1518.00,1533.00,1548.00,1548.00,1548.00,1548.00
AR419,717.00,717.00,717.00,717.00,795.00,888.00,960.00,1050.00,1074.00,924.00,1047.00,1077.00,1125.00,1155.00,1029.00,1068.00,1116.00,879.00,1005.00,1086.00,1149.00,1275.00,1287.00,1302.00,1302.00,1302.00,1302.00
AZ013,966.00,966.00,966.00,966.00,1098.00,1134.00,1296.00,1476.00,1488.00,1218.00,1473.00,1491.00,1521.00,1554.00,1461.00,1485.00,1512.00,1110.00,1401.00,1494.00,1548.00,1569.00,1605.00,1635.00,1635.00,1635.00,1635.00
AZ014,747.00,747.00,747.00,747.00,858.00,921.00,972.00,1038.00,1104.00,948.00,1035.00,1107.00,1134.00,1230.00,1026.00,1047.00,1131.00,912.00,1005.00,1110.00,1218.00,1332.00,1416.00,1443.00,1443.00,1443.00,1443.00
AZ015,795.00,795.00,795.00,795.00,882.00,960.00,1068.00,1188.00,1197.00,1017.00,1185.00,1200.00,1233.00,1311.00,1176.00,1194.00,1215.00,945.00,1137.00,1203.00,1302.00,1350.00,1431.00,1461.00,1461.00,1461.00,1461.00
AZ016,810.00,810.00,810.00,810.00,894.00,996.00,1056.00,1182.00,1239.00,999.00,1179.00,1245.00,1347.00,1428.00,1146.00,1227.00,1329.00,933.00,1110.00,1263.00,1419.00,1470.00,1551.00,1584.00,1584.00,1584.00,1584.00
CA018,1653.00,1653.00,1653.00,1653.00,1857.00,2130.00,2307.00,2502.00,2712.00,2133.00,2490.00,2715.00,2898.00,3135.00,2409.00,2598.00,2838.00,2004.00,2340.00,2718.00,3102.00,3255.00,3501.00,3570.00,3570.00,3570.00,3570.00
CA019,2181.00,2181.00,2181.00,2181.00,2490.00,2661.00,2793.00,2979.00,3060.00,2730.00,2976.00,3066.00,3210.00,3312.00,2928.00,3042.00,3183.00,2640.00,2880.00,3093.00,3297.00,3363.00,3468.00,3537.00,3537.00,3537.00,3537.00
CA021,654.00,654.00,654.00,654.00,741.00,864.00,951.00,1044.00,1149.00,867.00,987.00,1152.00,1179.00,1296.00,969.00,1086.00,1176.00,798.00,954.00,1155.00,1278.00,1383.00,1473.00,1500.00,1500.00,1500.00,1500.00
CA022,912.00,912.00,912.00,912.00,1029.00,1104.00,1206.00,1332.00,1368.00,1158.00,1329.00,1371.00,1437.00,1494.00,1308.00,1359.00,1425.00,1089.00,1269.00,1383.00,1488.00,1707.00,1725.00,1743.00,1743.00,1743.00,1743.00
CA023,822.00,822.00,822.00,822.00,921.00,1101.00,1134.00,1275.00,1350.00,1104.00,1272.00,1356.00,1479.00,1521.00,1227.00,1332.00,1467.00,966.00,1182.00,1380.00,1515.00,1545.00,1590.00,1620.00,1620.00,1620.00,1620.00
CA024,1392.00,1392.00,1392.00,1392.00,1554.00,1710.00,1866.00,2034.00,2040.00,1791.00,2031.00,2043.00,2088.00,2247.00,2025.00,2037.00,2049.00,1686.00,1968.00,2046.00,2226.00,2328.00,2490.00,2541.00,2541.00,2541.00,2541.00
CA025,1362.00,1362.00,1362.00,1362.00,1527.00,1620.00,1707.00,1833.00,1893.00,1665.00,1830.00,1899.00,2025.00,2163.00,1794.00,1881.00,1989.00,1608.00,1761.00,1920.00,2145.00,2232.00,2373.00,2421.00,2421.00,2421.00,2421.00
CA026,1029.00,1029.00,1029.00,1029.00,1170.00,1371.00,1410.00,1614.00,1695.00,1374.00,1611.00,1704.00,1839.00,1893.00,1560.00,1677.00,1827.00,1191.00,1491.00,1731.00,1887.00,1920.00,1977.00,2016.00,2016.00,2016.00,2016.00
CA027,1551.00,1551.00,1551.00,1551.00,1725.00,1821.00,1902.00,2001.00,2019.00,1863.00,1998.00,2022.00,2067.00,2118.00,1983.00,2016.00,2055.00,1809.00,1953.00,2028.00,2109.00,2331.00,2355.00,2379.00,2379.00,2379.00,2379.00
CA028,771.00,771.00,771.00,771.00,837.00,879.00,936.00,1029.00,1074.00,909.00,1026.00,1077.00,1161.00,1224.00,996.00,1062.00,1146.00,870.00,975.00,1092.00,1215.00,1275.00,1320.00,1344.00,1344.00,1344.00,1344.00
CA031,984.00,984.00,984.00,984.00,1068.00,1152.00,1257.00,1419.00,1464.00,1197.00,1416.00,1467.00,1539.00,1560.00,1389.00,1452.00,1533.00,1110.00,1341.00,1482.00,1557.00,1572.00,1596.00,1626.00,1626.00,1626.00,1626.00
CA032,696.00,696.00,696.00,696.00,780.00,879.00,912.00,1029.00,1083.00,882.00,1026.00,1089.00,1179.00,1206.00,993.00,1071.00,1170.00,822.00,963.00,1107.00,1203.00,1221.00,1251.00,1275.00,1275.00,1275.00,1275.00
CA033,996.00,996.00,996.00,996.00,1164.00,1335.00,1383.00,1599.00,1668.00,1338.00,1596.00,1677.00,1797.00,1860.00,1551.00,1653.00,1782.00,1182.00,1476.00,1698.00,1851.00,1890.00,1956.00,1995.00,1995.00,1995.00,1995.00
CA034,1260.00,1260.00,1260.00,1260.00,1446.00,1572.00,1689.00,1836.00,1872.00,1632.00,1833.00,1878.00,1953.00,2025.00,1806.00,1863.00,1935.00,1554.00,1764.00,1890.00,2016.00,2127.00,2148.00,2181.00,2181.00,2181.00,2181.00
CA035,885.00,885.00,885.00,885.00,984.00,1035.00,1044.00,1098.00,1188.00,1038.00,1095.00,1191.00,1299.00,1380.00,1050.00,1152.00,1278.00,1032.00,1047.00,1197.00,1368.00,1515.00,1530.00,1545.00,1545.00,1545.00,1545.00
CA036,1293.00,1293.00,1293.00,1293.00,1500.00,1605.00,1614.00,1629.00,1635.00,1608.00,1626.00,1638.00,1674.00,1791.00,1623.00,1632.00,1644.00,1602.00,1620.00,1641.00,1776.00,1851.00,1971.00,2010.00,2010.00,2010.00,2010.00
CA037,1545.00,1545.00,1545.00,1545.00,1731.00,1860.00,2073.00,2301.00,2310.00,1971.00,2298.00,2313.00,2373.00,2562.00,2292.00,2307.00,2325.00,1827.00,2211.00,2316.00,2535.00,2655.00,2850.00,2907.00,2907.00,2907.00,2907.00
CA038,1491.00,1491.00,1491.00,1491.00,1719.00,1854.00,1995.00,2157.00,2178.00,1929.00,2154.00,2181.00,2232.00,2313.00,2139.00,2172.00,2214.00,1833.00,2088.00,2187.00,2304.00,2355.00,2439.00,2487.00,2487.00,2487.00,2487.00
CA039,1332.00,1332.00,1332.00,1332.00,1506.00,1653.00,1785.00,1971.00,2049.00,1722.00,1968.00,2058.00,2217.00,2391.00,1920.00,2031.00,2175.00,1632.00,1869.00,2082.00,2367.00,2475.00,2652.00,2706.00,2706.00,2706.00,2706.00
CA040,774.00,774.00,774.00,774.00,876.00,966.00,1038.00,1158.00,1206.00,996.00,1155.00,1212.00,1299.00,1344.00,1125.00,1197.00,1287.00,939.00,1092.00,1227.00,1338.00,1368.00,1413.00,1443.00,1443.00,1443.00,1443.00
CA041,1218.00,1218.00,1218.00,1218.00,1386.00,1488.00,1611.00,1746.00,1755.00,1551.00,1743.00,1758.00,1800.00,1926.00,1737.00,1752.00,1770.00,1470.00,1692.00,1761.00,1908.00,2019.00,2115.00,2157.00,2157.00,2157.00,2157.00
CA042,855.00,855.00,855.00,855.00,1011.00,1164.00,1221.00,1284.00,1377.00,1167.00,1251.00,1380.00,1572.00,1647.00,1236.00,1344.00,1551.00,1101.00,1224.00,1419.00,1638.00,1686.00,1767.00,1800.00,1800.00,1800.00,1800.00
CA044,1884.00,1884.00,1884.00,1884.00,2148.00,2298.00,2418.00,2604.00,2697.00,2361.00,2601.00,2706.00,2868.00,2964.00,2544.00,2676.00,2844.00,2280.00,2499.00,2736.00,2952.00,3012.00,3111.00,3174.00,3174.00,3174.00,3174.00
CA392,1065.00,1065.00,1065.00,1065.00,1161.00,1398.00,1461.00,1611.00,1707.00,1401.00,1605.00,1719.00,1884.00,1971.00,1545.00,1686.00,1863.00,1296.00,1503.00,1749.00,1959.00,2112.00,2133.00,2154.00,2154.00,2154.00,2154.00
CA393,1032.00,1032.00,1032.00,1032.00,1224.00,1335.00,1377.00,1434.00,1446.00,1356.00,1431.00,1449.00,1482.00,1551.00,1425.00,1443.00,1464.00,1326.00,1407.00,1452.00,1542.00,1584.00,1656.00,1689.00,1689.00,1689.00,1689.00
CA420,726.00,726.00,726.00,726.00,813.00,936.00,984.00,1098.00,1155.00,939.00,1095.00,1161.00,1266.00,1329.00,1059.00,1143.00,1248.00,879.00,1029.00,1182.00,1320.00,1362.00,1428.00,1458.00,1458.00,1458.00,1458.00
CA421,870.00,870.00,870.00,870.00,996.00,1200.00,1293.00,1398.00,1500.00,1203.00,1338.00,1503.00,1629.00,1758.00,1317.00,1446.00,1599.00,1059.00,1296.00,1506.00,1740.00,1821.00,1953.00,1992.00,1992.00,1992.00,1992.00
CA457,903.00,903.00,903.00,903.00,1005.00,1071.00,1161.00,1260.00,1368.00,1089.00,1221.00,1371.00,1458.00,1578.00,1182.00,1305.00,1428.00,1053.00,1164.00,1374.00,1560.00,1638.00,1764.00,1797.00,1797.00,1797.00,1797.00
CO045,1104.00,1104.00,1104.00,1104.00,1227.00,1335.00,1482.00,1650.00,1668.00,1413.00,1647.00,1671.00,1722.00,1824.00,1635.00,1662.00,1698.00,1311.00,1578.00,1674.00,1812.00,1875.00,1980.00,2022.00,2022.00,2022.00,2022.00
CO046,921.00,921.00,921.00,921.00,1032.00,1146.00,1236.00,1386.00,1440.00,1182.00,1383.00,1446.00,1533.00,1560.00,1350.00,1428.00,1527.00,1104.00,1308.00,1464.00,1557.00,1665.00,1683.00,1698.00,1698.00,1698.00,1698.00
CO047,900.00,900.00,900.00,900.00,993.00,1050.00,1116.00,1224.00,1299.00,1086.00,1221.00,1302.00,1404.00,1512.00,1185.00,1269.00,1374.00,1038.00,1161.00,1308.00,1497.00,1569.00,1683.00,1716.00,1716.00,1716.00,1716.00
CO422,1080.00,1080.00,1080.00,1080.00,1212.00,1425.00,1494.00,1674.00,1761.00,1428.00,1671.00,1770.00,1923.00,2019.00,1617.00,1740.00,1899.00,1263.00,1557.00,1797.00,2016.00,2307.00,2331.00,2355.00,2355.00,2355.00,2355.00
CT049,1038.00,1038.00,1038.00,1038.00,1191.00,1278.00,1359.00,1476.00,1602.00,1317.00,1473.00,1605.00,1707.00,1848.00,1425.00,1536.00,1674.00,1269.00,1398.00,1608.00,1827.00,1917.00,2058.00,2100.00,2100.00,2100.00,2100.00
CT050,1353.00,1353.00,1353.00,1353.00,1602.00,1737.00,1806.00,1941.00,2043.00,1773.00,1938.00,2052.00,2220.00,2304.00,1878.00,2019.00,2199.00,1725.00,1851.00,2082.00,2292.00,2526.00,2550.00,2574.00,2574.00,2574.00,2574.00
CT051,1575.00,1575.00,1575.00,1575.00,1854.00,2013.00,2109.00,2274.00,2382.00,2064.00,2271.00,2394.00,2580.00,2682.00,2202.00,2358.00,2553.00,2001.00,2169.00,2427.00,2667.00,2733.00,2838.00,2895.00,2895.00,2895.00,2895.00
DC053,1554.00,1554.00,1554.00,1554.00,1770.00,2010.00,2043.00,2289.00,2442.00,2013.00,2286.00,2454.00,2691.00,2733.00,2193.00,2406.00,2679.00,1875.00,2139.00,2505.00,2727.00,2757.00,2802.00,2859.00,2859.00,2859.00,2859.00
DE054,918.00,918.00,918.00,918.00,1038.00,1203.00,1236.00,1389.00,1473.00,1206.00,1386.00,1479.00,1614.00,1662.00,1335.00,1452.00,1605.00,1110.00,1296.00,1506.00,1653.00,1683.00,1731.00,1764.00,1764.00,1764.00,1764.00
DE055,1029.00,1029.00,1029.00,1029.00,1179.00,1263.00,1320.00,1404.00,1440.00,1293.00,1401.00,1443.00,1512.00,1569.00,1380.00,1431.00,1497.00,1254.00,1359.00,1455.00,1560.00,1596.00,1656.00,1689.00,1689.00,1689.00,1689.00
FL056,903.00,903.00,903.00,903.00,1083.00,1176.00,1194.00,1242.00,1350.00,1185.00,1239.00,1353.00,1386.00,1524.00,1215.00,1281.00,1380.00,1173.00,1206.00,1356.00,1506.00,1611.00,1734.00,1767.00,1767.00,1767.00,1767.00
FL057,921.00,921.00,921.00,921.00,1038.00,1107.00,1203.00,1329.00,1371.00,1158.00,1326.00,1374.00,1449.00,1512.00,1302.00,1359.00,1437.00,1092.00,1266.00,1386.00,1509.00,1752.00,1767.00,1785.00,1785.00,1785.00,1785.00
FL058,1005.00,1005.00,1005.00,1005.00,1122.00,1188.00,1248.00,1347.00,1401.00,1221.00,1344.00,1407.00,1503.00,1572.00,1311.00,1389.00,1485.00,1179.00,1290.00,1422.00,1563.00,1605.00,1677.00,1710.00,1710.00,1710.00,1710.00
FL059,870.00,870.00,870.00,870.00,972.00,1158.00,1218.00,1335.00,1416.00,1161.00,1332.00,1425.00,1566.00,1644.00,1281.00,1398.00,1545.00,1038.00,1239.00,1449.00,1632.00,1710.00,1761.00,1797.00,1797.00,1797.00,1797.00
FL061,1437.00,1437.00,1437.00,1437.00,1608.00,1710.00,1827.00,1983.00,2034.00,1773.00,1980.00,2040.00,2151.00,2298.00,1950.00,2022.00,2115.00,1692.00,1905.00,2055.00,2277.00,2424.00,2523.00,2574.00,2574.00,2574.00,2574.00
FL062,1026.00,1026.00,1026.00,1026.00,1158.00,1227.00,1263.00,1350.00,1422.00,1245.00,1347.00,1428.00,1551.00,1614.00,1302.00,1404.00,1536.00,1221.00,1287.00,1452.00,1605.00,1647.00,1710.00,1746.00,1746.00,1746.00,1746.00
FL063,948.00,948.00,948.00,948.00,1032.00,1077.00,1092.00,1164.00,1260.00,1086.00,1161.00,1263.00,1392.00,1476.00,1110.00,1224.00,1371.00,1074.00,1104.00,1278.00,1464.00,1563.00,1602.00,1635.00,1635.00,1635.00,1635.00
FL064,900.00,900.00,900.00,900.00,978.00,1023.00,1068.00,1158.00,1221.00,1047.00,1155.00,1227.00,1332.00,1380.00,1116.00,1206.00,1320.00,1017.00,1098.00,1245.00,1371.00,1401.00,1449.00,1479.00,1479.00,1479.00,1479.00
FL065,990.00,990.00,990.00,990.00,1071.00,1128.00,1227.00,1335.00,1344.00,1179.00,1332.00,1347.00,1380.00,1473.00,1329.00,1341.00,1356.00,1113.00,1290.00,1350.00,1458.00,1518.00,1614.00,1644.00,1644.00,1644.00,1644.00
FL066,1107.00,1107.00,1107.00,1107.00,1248.00,1314.00,1485.00,1680.00,1698.00,1404.00,1677.00,1701.00,1761.00,1866.00,1662.00,1695.00,1734.00,1287.00,1599.00,1707.00,1851.00,1989.00,2028.00,2067.00,2067.00,2067.00,2067.00
FL067,1203.00,1203.00,1203.00,1203.00,1350.00,1515.00,1623.00,1782.00,1872.00,1518.00,1779.00,1881.00,2055.00,2199.00,1722.00,1854.00,2019.00,1425.00,1671.00,1911.00,2178.00,2271.00,2418.00,2466.00,2466.00,2466.00,2466.00
FL068,822.00,822.00,822.00,822.00,972.00,1071.00,1098.00,1161.00,1215.00,1086.00,1158.00,1221.00,1320.00,1392.00,1125.00,1203.00,1302.00,1068.00,1113.00,1236.00,1380.00,1521.00,1536.00,1551.00,1551.00,1551.00,1551.00
FL069,1446.00,1446.00,1446.00,1446.00,1620.00,1803.00,1941.00,2208.00,2283.00,1839.00,2205.00,2292.00,2445.00,2610.00,2160.00,2265.00,2403.00,1695.00,2082.00,2316.00,2589.00,2694.00,2868.00,2925.00,2925.00,2925.00,2925.00
FL070,939.00,939.00,939.00,939.00,1053.00,1119.00,1185.00,1284.00,1332.00,1155.00,1281.00,1335.00,1419.00,1467.00,1254.00,1320.00,1407.00,1110.00,1230.00,1350.00,1461.00,1500.00,1542.00,1572.00,1572.00,1572.00,1572.00
FL397,744.00,744.00,744.00,744.00,858.00,921.00,981.00,1068.00,1101.00,951.00,1065.00,1104.00,1170.00,1218.00,1041.00,1092.00,1158.00,912.00,1020.00,1116.00,1212.00,1242.00,1290.00,1317.00,1317.00,1317.00,1317.00
FL423,1005.00,1005.00,1005.00,1005.00,1158.00,1263.00,1344.00,1443.00,1458.00,1305.00,1440.00,1461.00,1503.00,1551.00,1428.00,1455.00,1488.00,1251.00,1398.00,1467.00,1545.00,1578.00,1629.00,1662.00,1662.00,1662.00,1662.00
FL424,951.00,951.00,951.00,951.00,1083.00,1239.00,1320.00,1407.00,1518.00,1242.00,1401.00,1521.00,1680.00,1788.00,1344.00,1479.00,1653.00,1146.00,1323.00,1542.00,1773.00,1839.00,1950.00,1989.00,1989.00,1989.00,1989.00
GA071,861.00,861.00,861.00,861.00,975.00,1095.00,1128.00,1224.00,1314.00,1098.00,1221.00,1323.00,1470.00,1518.00,1164.00,1293.00,1458.00,1029.00,1140.00,1353.00,1509.00,1662.00,1680.00,1695.00,1695.00,1695.00,1695.00
GA072,699.00,699.00,699.00,699.00,801.00,861.00,921.00,1011.00,1086.00,891.00,1008.00,1089.00,1161.00,1248.00,978.00,1050.00,1137.00,852.00,957.00,1092.00,1236.00,1326.00,1386.00,1413.00,1413.00,1413.00,1413.00
GA073,777.00,777.00,777.00,777.00,909.00,990.00,1041.00,1116.00,1152.00,1017.00,1113.00,1155.00,1227.00,1368.00,1092.00,1143.00,1212.00,984.00,1074.00,1167.00,1365.00,1602.00,1617.00,1632.00,1632.00,1632.00,1632.00
GA074,780.00,780.00,780.00,780.00,843.00,930.00,966.00,1029.00,1110.00,933.00,1026.00,1119.00,1251.00,1299.00,978.00,1092.00,1239.00,873.00,969.00,1146.00,1293.00,1320.00,1368.00,1395.00,1395.00,1395.00,1395.00
GA075,945.00,945.00,945.00,945.00,1089.00,1167.00,1236.00,1317.00,1332.00,1203.00,1314.00,1335.00,1389.00,1506.00,1305.00,1329.00,1359.00,1158.00,1278.00,1338.00,1491.00,1566.00,1689.00,1722.00,1722.00,1722.00,1722.00
GA076,900.00,900.00,900.00,900.00,972.00,1017.00,1077.00,1158.00,1185.00,1050.00,1155.00,1188.00,1248.00,1320.00,1137.00,1179.00,1230.00,1008.00,1116.00,1197.00,1311.00,1398.00,1428.00,1458.00,1458.00,1458.00,1458.00
GA077,1050.00,1050.00,1050.00,1050.00,1176.00,1251.00,1332.00,1443.00,1491.00,1293.00,1440.00,1497.00,1572.00,1584.00,1410.00,1479.00,1569.00,1239.00,1383.00,1512.00,1581.00,1650.00,1668.00,1683.00,1683.00,1683.00,1683.00
GA078,768.00,768.00,768.00,768.00,852.00,906.00,963.00,1038.00,1065.00,933.00,1035.00,1068.00,1140.00,1359.00,1020.00,1053.00,1137.00,897.00,999.00,1071.00,1356.00,1650.00,1665.00,1680.00,1680.00,1680.00,1680.00
GA079,735.00,735.00,735.00,735.00,807.00,858.00,930.00,1011.00,1098.00,882.00,1008.00,1101.00,1167.00,1263.00,975.00,1050.00,1143.00,840.00,954.00,1104.00,1248.00,1311.00,1407.00,1437.00,1437.00,1437.00,1437.00
GA080,969.00,969.00,969.00,969.00,1056.00,1104.00,1137.00,1212.00,1281.00,1122.00,1209.00,1287.00,1392.00,1410.00,1167.00,1266.00,1389.00,1101.00,1155.00,1308.00,1407.00,1452.00,1467.00,1482.00,1482.00,1482.00,1482.00
GA081,711.00,711.00,711.00,711.00,822.00,927.00,984.00,1059.00,1128.00,930.00,1056.00,1134.00,1257.00,1332.00,1014.00,1113.00,1236.00,879.00,990.00,1158.00,1320.00,1368.00,1446.00,1473.00,1473.00,1473.00,1473.00
HI407,1245.00,1245.00,1245.00,1245.00,1374.00,1593.00,1620.00,1827.00,1941.00,1596.00,1821.00,1953.00,2130.00,2169.00,1752.00,1914.00,2121.00,1434.00,1698.00,1989.00,2163.00,2208.00,2232.00,2271.00,2271.00,2271.00,2271.00
HI408,1680.00,1680.00,1680.00,1680.00,1953.00,2100.00,2178.00,2337.00,2463.00,2142.00,2334.00,2475.00,2706.00,2880.00,2256.00,2436.00,2664.00,2088.00,2229.00,2517.00,2856.00,2964.00,3141.00,3204.00,3204.00,3204.00,3204.00
HI409,999.00,999.00,999.00,999.00,1128.00,1320.00,1341.00,1512.00,1608.00,1323.00,1509.00,1617.00,1764.00,1776.00,1449.00,1587.00,1761.00,1215.00,1410.00,1650.00,1773.00,1779.00,1788.00,1824.00,1824.00,1824.00,1824.00
HI414,1329.00,1329.00,1329.00,1329.00,1509.00,1617.00,1737.00,1890.00,1938.00,1680.00,1887.00,1941.00,2025.00,2085.00,1860.00,1926.00,2013.00,1599.00,1815.00,1956.00,2076.00,2244.00,2265.00,2289.00,2289.00,2289.00,2289.00
IA082,861.00,861.00,861.00,861.00,927.00,1227.00,1305.00,1389.00,1485.00,1230.00,1341.00,1488.00,1659.00,1767.00,1323.00,1431.00,1635.00,957.00,1308.00,1491.00,1752.00,1818.00,1926.00,1965.00,1965.00,1965.00,1965.00
IA083,693.00,693.00,693.00,693.00,774.00,939.00,999.00,1077.00,1155.00,942.00,1074.00,1158.00,1272.00,1353.00,1032.00,1128.00,1251.00,813.00,1002.00,1170.00,1341.00,1395.00,1482.00,1512.00,1512.00,1512.00,1512.00
IA330,651.00,651.00,651.00,651.00,732.00,900.00,909.00,972.00,1059.00,903.00,969.00,1068.00,1200.00,1215.00,915.00,1041.00,1197.00,771.00,912.00,1095.00,1212.00,1221.00,1236.00,1260.00,1260.00,1260.00,1260.00
IA331,918.00,918.00,918.00,918.00,1044.00,1179.00,1230.00,1290.00,1299.00,1206.00,1287.00,1302.00,1317.00,1332.00,1278.00,1296.00,1314.00,1173.00,1260.00,1305.00,1329.00,1335.00,1347.00,1374.00,1374.00,1374.00,1374.00
IA332,669.00,669.00,669.00,669.00,789.00,870.00,918.00,966.00,1065.00,873.00,963.00,1068.00,1176.00,1242.00,927.00,1023.00,1161.00,846.00,921.00,1071.00,1239.00,1413.00,1428.00,1440.00,1440.00,1440.00,1440.00
IA389,750.00,750.00,750.00,750.00,807.00,933.00,951.00,1011.00,1101.00,936.00,1008.00,1110.00,1251.00,1275.00,957.00,1080.00,1245.00,837.00,954.00,1140.00,1272.00,1287.00,1311.00,1338.00,1338.00,1338.00,1338.00
IA425,858.00,858.00,858.00,858.00,960.00,1215.00,1248.00,1347.00,1452.00,1218.00,1344.00,1464.00,1632.00,1674.00,1278.00,1428.00,1620.00,1011.00,1251.00,1497.00,1668.00,1695.00,1740.00,1776.00,1776.00,1776.00,1776.00
ID084,666.00,666.00,666.00,666.00,762.00,882.00,891.00,981.00,1056.00,885.00,978.00,1065.00,1179.00,1194.00,933.00,1041.00,1176.00,810.00,912.00,1089.00,1191.00,1218.00,1230.00,1242.00,1242.00,1242.00,1242.00
ID085,639.00,639.00,639.00,639.00,738.00,870.00,906.00,1020.00,1074.00,873.00,1017.00,1080.00,1173.00,1218.00,981.00,1062.00,1161.00,750.00,939.00,1098.00,1212.00,1239.00,1287.00,1314.00,1314.00,1314.00,1314.00
ID086,666.00,666.00,666.00,666.00,765.00,828.00,885.00,975.00,1026.00,852.00,972.00,1029.00,1122.00,1197.00,942.00,1014.00,1104.00,813.00,921.00,1047.00,1188.00,1233.00,1311.00,1335.00,1335.00,1335.00,1335.00
ID333,627.00,627.00,627.00,627.00,726.00,828.00,858.00,996.00,1038.00,831.00,993.00,1041.00,1116.00,1155.00,966.00,1026.00,1104.00,735.00,921.00,1056.00,1149.00,1173.00,1215.00,1239.00,1239.00,1239.00,1239.00
IL088,813.00,813.00,813.00,813.00,951.00,1023.00,1035.00,1089.00,1155.00,1029.00,1086.00,1161.00,1260.00,1275.00,1047.00,1140.00,1257.00,1020.00,1041.00,1182.00,1272.00,1278.00,1290.00,1317.00,1317.00,1317.00,1317.00
IL089,792.00,792.00,792.00,792.00,879.00,1170.00,1320.00,1485.00,1644.00,1173.00,1386.00,1647.00,1680.00,1809.00,1353.00,1560.00,1677.00,924.00,1323.00,1650.00,1785.00,1929.00,2118.00,2160.00,2160.00,2160.00,2160.00
IL090,723.00,723.00,723.00,723.00,810.00,921.00,987.00,1095.00,1146.00,927.00,1092.00,1152.00,1251.00,1338.00,1059.00,1134.00,1227.00,867.00,1026.00,1167.00,1326.00,1380.00,1470.00,1500.00,1500.00,1500.00,1500.00
IL092,954.00,954.00,954.00,954.00,1113.00,1230.00,1284.00,1515.00,1563.00,1233.00,1512.00,1566.00,1644.00,1659.00,1482.00,1551.00,1638.00,1125.00,1410.00,1581.00,1656.00,1668.00,1683.00,1716.00,1716.00,1716.00,1716.00
IL093,789.00,789.00,789.00,789.00,897.00,1059.00,1113.00,1197.00,1281.00,1062.00,1194.00,1287.00,1431.00,1503.00,1143.00,1260.00,1413.00,963.00,1116.00,1314.00,1494.00,1539.00,1611.00,1644.00,1644.00,1644.00,1644.00
IL325,1212.00,1212.00,1212.00,1212.00,1395.00,1503.00,1620.00,1785.00,1851.00,1563.00,1782.00,1857.00,1980.00,2067.00,1740.00,1836.00,1959.00,1485.00,1695.00,1881.00,2055.00,2109.00,2196.00,2241.00,2241.00,2241.00,2241.00
IL335,723.00,723.00,723.00,723.00,822.00,900.00,966.00,1050.00,1068.00,936.00,1047.00,1071.00,1119.00,1233.00,1032.00,1062.00,1101.00,891.00,1008.00,1077.00,1230.00,1404.00,1419.00,1434.00,1434.00,1434.00,1434.00
IL366,846.00,846.00,846.00,846.00,942.00,1152.00,1179.00,1266.00,1371.00,1155.00,1263.00,1380.00,1545.00,1581.00,1200.00,1347.00,1536.00,990.00,1182.00,1413.00,1575.00,1599.00,1638.00,1671.00,1671.00,1671.00,1671.00
IL427,660.00,660.00,660.00,660.00,753.00,837.00,882.00,969.00,1026.00,840.00,966.00,1032.00,1131.00,1191.00,933.00,1014.00,1116.00,798.00,909.00,1050.00,1182.00,1221.00,1284.00,1308.00,1308.00,1308.00,1308.00
IN094,882.00,882.00,882.00,882.00,993.00,1059.00,1152.00,1257.00,1269.00,1107.00,1254.00,1272.00,1302.00,1359.00,1245.00,1266.00,1290.00,1047.00,1212.00,1275.00,1350.00,1386.00,1443.00,1470.00,1470.00,1470.00,1470.00
IN096,753.00,753.00,753.00,753.00,843.00,1050.00,1077.00,1167.00,1257.00,1053.00,1164.00,1266.00,1407.00,1446.00,1110.00,1236.00,1398.00,888.00,1080.00,1293.00,1440.00,1464.00,1503.00,1533.00,1533.00,1533.00,1533.00
IN097,690.00,690.00,690.00,690.00,765.00,858.00,879.00,987.00,1047.00,861.00,984.00,1053.00,1146.00,1158.00,948.00,1035.00,1143.00,801.00,924.00,1074.00,1155.00,1164.00,1176.00,1200.00,1200.00,1200.00,1200.00
IN099,750.00,750.00,750.00,750.00,837.00,984.00,1005.00,1155.00,1215.00,987.00,1152.00,1221.00,1320.00,1347.00,1116.00,1203.00,1311.00,879.00,1077.00,1242.00,1344.00,1362.00,1392.00,1419.00,1419.00,1419.00,1419.00
IN337,729.00,729.00,729.00,729.00,819.00,870.00,978.00,1107.00,1125.00,927.00,1104.00,1128.00,1164.00,1194.00,1092.00,1119.00,1158.00,852.00,1050.00,1134.00,1188.00,1206.00,1236.00,1260.00,1260.00,1260.00,1260.00
IN338,717.00,717.00,717.00,717.00,804.00,855.00,963.00,1080.00,1086.00,912.00,1077.00,1089.00,1098.00,1107.00,1071.00,1083.00,1095.00,837.00,1032.00,1092.00,1104.00,1110.00,1119.00,1140.00,1140.00,1140.00,1140.00
IN399,765.00,765.00,765.00,765.00,861.00,912.00,1029.00,1161.00,1176.00,972.00,1158.00,1179.00,1221.00,1287.00,1149.00,1173.00,1203.00,894.00,1104.00,1185.00,1278.00,1320.00,1389.00,1416.00,1416.00,1416.00,1416.00
KS100,804.00,804.00,804.00,804.00,906.00,1155.00,1164.00,1230.00,1350.00,1158.00,1227.00,1362.00,1542.00,1557.00,1170.00,1323.00,1539.00,957.00,1167.00,1401.00,1554.00,1560.00,1575.00,1605.00,1605.00,1605.00,1605.00
KS101,681.00,681.00,681.00,681.00,765.00,921.00,954.00,1062.00,1125.00,924.00,1059.00,1131.00,1239.00,1284.00,1017.00,1110.00,1230.00,795.00,981.00,1152.00,1278.00,1413.00,1425.00,1440.00,1440.00,1440.00,1440.00
KS102,705.00,705.00,705.00,705.00,774.00,909.00,999.00,1098.00,1206.00,912.00,1062.00,1209.00,1242.00,1362.00,1026.00,1146.00,1230.00,807.00,1002.00,1212.00,1347.00,1428.00,1551.00,1581.00,1581.00,1581.00,1581.00
KS104,867.00,867.00,867.00,867.00,939.00,981.00,1023.00,1104.00,1161.00,1002.00,1101.00,1167.00,1263.00,1287.00,1065.00,1149.00,1254.00,975.00,1050.00,1185.00,1284.00,1440.00,1455.00,1470.00,1470.00,1470.00,1470.00
KS105,702.00,702.00,702.00,702.00,789.00,1080.00,1092.00,1131.00,1251.00,1083.00,1125.00,1263.00,1446.00,1461.00,1098.00,1224.00,1440.00,822.00,1095.00,1302.00,1458.00,1470.00,1485.00,1515.00,1515.00,1515.00,1515.00
KS334,591.00,591.00,591.00,591.00,675.00,738.00,792.00,879.00,918.00,765.00,876.00,921.00,1002.00,1071.00,849.00,909.00,984.00,726.00,828.00,936.00,1062.00,1107.00,1179.00,1203.00,1203.00,1203.00,1203.00
KY106,822.00,822.00,822.00,822.00,951.00,1017.00,1056.00,1155.00,1248.00,1020.00,1095.00,1251.00,1314.00,1437.00,1077.00,1200.00,1284.00,1014.00,1059.00,1254.00,1419.00,1500.00,1626.00,1659.00,1659.00,1659.00,1659.00
KY107,738.00,738.00,738.00,738.00,834.00,945.00,987.00,1113.00,1167.00,948.00,1110.00,1173.00,1275.00,1332.00,1074.00,1155.00,1260.00,879.00,1041.00,1191.00,1323.00,1440.00,1455.00,1467.00,1467.00,1467.00,1467.00
KY109,897.00,897.00,897.00,897.00,1011.00,1077.00,1149.00,1251.00,1293.00,1113.00,1248.00,1299.00,1377.00,1437.00,1218.00,1284.00,1368.00,1068.00,1194.00,1314.00,1434.00,1662.00,1680.00,1695.00,1695.00,1695.00,1695.00
KY110,717.00,717.00,717.00,717.00,798.00,990.00,1035.00,1086.00,1176.00,993.00,1083.00,1185.00,1335.00,1395.00,1047.00,1158.00,1320.00,888.00,1038.00,1215.00,1389.00,1425.00,1488.00,1518.00,1518.00,1518.00,1518.00
KY112,594.00,594.00,594.00,594.00,660.00,825.00,858.00,894.00,990.00,828.00,873.00,993.00,1110.00,1179.00,864.00,933.00,1098.00,693.00,861.00,996.00,1176.00,1359.00,1374.00,1386.00,1386.00,1386.00,1386.00
KY339,648.00,648.00,648.00,648.00,717.00,801.00,867.00,981.00,1011.00,825.00,978.00,1014.00,1077.00,1116.00,957.00,1005.00,1065.00,768.00,924.00,1026.00,1110.00,1203.00,1215.00,1227.00,1227.00,1227.00,1227.00
KY429,705.00,705.00,705.00,705.00,756.00,840.00,867.00,948.00,1014.00,843.00,945.00,1020.00,1131.00,1164.00,903.00,999.00,1122.00,780.00,882.00,1044.00,1158.00,1338.00,1350.00,1365.00,1365.00,1365.00,1365.00
KY430,684.00,684.00,684.00,684.00,807.00,888.00,924.00,1098.00,1131.00,891.00,1095.00,1134.00,1194.00,1236.00,1074.00,1122.00,1185.00,816.00,1020.00,1146.00,1230.00,1275.00,1299.00,1326.00,1326.00,1326.00,1326.00
LA113,783.00,783.00,783.00,783.00,885.00,984.00,1056.00,1170.00,1224.00,1011.00,1167.00,1230.00,1335.00,1431.00,1134.00,1212.00,1314.00,954.00,1104.00,1248.00,1416.00,1476.00,1572.00,1602.00,1602.00,1602.00,1602.00
LA114,1032.00,1032.00,1032.00,1032.00,1140.00,1203.00,1278.00,1362.00,1368.00,1242.00,1359.00,1371.00,1404.00,1497.00,1353.00,1365.00,1380.00,1194.00,1326.00,1374.00,1485.00,1542.00,1638.00,1671.00,1671.00,1671.00,1671.00
LA115,669.00,669.00,669.00,669.00,762.00,885.00,900.00,1011.00,1077.00,888.00,1008.00,1083.00,1185.00,1203.00,969.00,1062.00,1179.00,819.00,942.00,1104.00,1200.00,1314.00,1329.00,1341.00,1341.00,1341.00,1341.00
LA116,930.00,930.00,930.00,930.00,1092.00,1248.00,1257.00,1365.00,1482.00,1251.00,1362.00,1494.00,1668.00,1680.00,1290.00,1455.00,1665.00,1185.00,1272.00,1530.00,1677.00,1689.00,1707.00,1731.00,1731.00,1731.00,1731.00
LA117,942.00,942.00,942.00,942.00,1056.00,1197.00,1245.00,1410.00,1482.00,1200.00,1407.00,1488.00,1608.00,1659.00,1362.00,1464.00,1593.00,1113.00,1320.00,1512.00,1653.00,1686.00,1737.00,1773.00,1773.00,1773.00,1773.00
LA118,867.00,867.00,867.00,867.00,987.00,1080.00,1164.00,1344.00,1380.00,1092.00,1341.00,1383.00,1452.00,1500.00,1317.00,1371.00,1440.00,999.00,1263.00,1395.00,1494.00,1668.00,1686.00,1701.00,1701.00,1701.00,1701.00
LA326,879.00,879.00,879.00,879.00,999.00,1143.00,1161.00,1305.00,1389.00,1146.00,1302.00,1398.00,1530.00,1548.00,1251.00,1371.00,1524.00,1059.00,1218.00,1425.00,1545.00,1557.00,1575.00,1608.00,1608.00,1608.00,1608.00
LA370,909.00,909.00,909.00,909.00,1062.00,1140.00,1146.00,1161.00,1170.00,1143.00,1158.00,1173.00,1194.00,1251.00,1155.00,1167.00,1182.00,1137.00,1152.00,1176.00,1245.00,1338.00,1353.00,1365.00,1365.00,1365.00,1365.00
LA371,705.00,705.00,705.00,705.00,786.00,855.00,903.00,951.00,1020.00,858.00,921.00,1023.00,1155.00,1218.00,912.00,990.00,1140.00,825.00,906.00,1044.00,1209.00,1248.00,1311.00,1338.00,1338.00,1338.00,1338.00
MA119,1665.00,1665.00,1665.00,1665.00,1998.00,2175.00,2226.00,2361.00,2499.00,2202.00,2358.00,2514.00,2763.00,2949.00,2274.00,2469.00,2715.00,2169.00,2256.00,2556.00,2925.00,3042.00,3234.00,3300.00,3300.00,3300.00,3300.00
MA120,1800.00,1800.00,1800.00,1800.00,2106.00,2271.00,2361.00,2481.00,2574.00,2319.00,2478.00,2577.00,2652.00,2931.00,2454.00,2511.00,2613.00,2259.00,2421.00,2580.00,2892.00,3069.00,3351.00,3420.00,3420.00,3420.00,3420.00
MA121,1179.00,1179.00,1179.00,1179.00,1365.00,1488.00,1578.00,1707.00,1764.00,1536.00,1704.00,1770.00,1875.00,1956.00,1671.00,1752.00,1854.00,1473.00,1638.00,1788.00,1944.00,1998.00,2082.00,2124.00,2124.00,2124.00,2124.00
MA122,1101.00,1101.00,1101.00,1101.00,1212.00,1413.00,1428.00,1572.00,1692.00,1416.00,1569.00,1704.00,1887.00,1908.00,1497.00,1665.00,1884.00,1266.00,1458.00,1743.00,1905.00,2208.00,2229.00,2250.00,2250.00,2250.00,2250.00
MA123,1101.00,1101.00,1101.00,1101.00,1239.00,1389.00,1467.00,1605.00,1710.00,1392.00,1602.00,1713.00,1878.00,1983.00,1542.00,1677.00,1851.00,1308.00,1503.00,1740.00,1980.00,2250.00,2274.00,2295.00,2295.00,2295.00,2295.00
MA124,1248.00,1248.00,1248.00,1248.00,1431.00,1539.00,1641.00,1791.00,1860.00,1593.00,1788.00,1866.00,1983.00,2061.00,1749.00,1842.00,1965.00,1521.00,1710.00,1887.00,2052.00,2106.00,2181.00,2226.00,2226.00,2226.00,2226.00
MA125,1311.00,1311.00,1311.00,1311.00,1524.00,1713.00,1842.00,1983.00,2130.00,1716.00,1926.00,2133.00,2325.00,2499.00,1872.00,2049.00,2283.00,1656.00,1845.00,2136.00,2475.00,2586.00,2763.00,2820.00,2820.00,2820.00,2820.00
MA126,1119.00,1119.00,1119.00,1119.00,1281.00,1449.00,1509.00,1683.00,1779.00,1452.00,1680.00,1788.00,1950.00,2031.00,1620.00,1755.00,1929.00,1362.00,1575.00,1818.00,2019.00,2073.00,2157.00,2199.00,2199.00,2199.00,2199.00
MA151,1422.00,1422.00,1422.00,1422.00,1569.00,1659.00,1773.00,1941.00,2025.00,1719.00,1938.00,2034.00,2190.00,2319.00,1887.00,2007.00,2160.00,1644.00,1845.00,2061.00,2301.00,2382.00,2514.00,2565.00,2565.00,2565.00,2565.00
MA377,1593.00,1593.00,1593.00,1593.00,1779.00,1911.00,2139.00,2391.00,2415.00,2031.00,2388.00,2418.00,2484.00,2586.00,2373.00,2409.00,2460.00,1878.00,2289.00,2427.00,2571.00,2634.00,2739.00,2793.00,2793.00,2793.00,2793.00
MD127,1122.00,1122.00,1122.00,1122.00,1257.00,1347.00,1458.00,1620.00,1689.00,1401.00,1617.00,1695.00,1812.00,1872.00,1575.00,1674.00,1797.00,1323.00,1533.00,1716.00,1866.00,1902.00,1965.00,2004.00,2004.00,2004.00,2004.00
MD128,1446.00,1446.00,1446.00,1446.00,1656.00,1773.00,1845.00,2004.00,2133.00,1812.00,1998.00,2145.00,2349.00,2400.00,1920.00,2103.00,2337.00,1761.00,1893.00,2187.00,2391.00,2424.00,2475.00,2523.00,2523.00,2523.00,2523.00
MD129,1365.00,1365.00,1365.00,1365.00,1560.00,1680.00,1818.00,2001.00,2064.00,1752.00,1998.00,2070.00,2181.00,2259.00,1959.00,2049.00,2163.00,1659.00,1908.00,2091.00,2247.00,2298.00,2376.00,2424.00,2424.00,2424.00,2424.00
MD130,1137.00,1137.00,1137.00,1137.00,1326.00,1437.00,1518.00,1668.00,1764.00,1479.00,1665.00,1773.00,1920.00,1950.00,1605.00,1740.00,1914.00,1422.00,1575.00,1803.00,1947.00,1977.00,1998.00,2037.00,2037.00,2037.00,2037.00
MD133,1380.00,1380.00,1380.00,1380.00,1584.00,1743.00,1803.00,1992.00,2121.00,1755.00,1986.00,2133.00,2334.00,2367.00,1908.00,2091.00,2325.00,1686.00,1869.00,2175.00,2364.00,2385.00,2421.00,2469.00,2469.00,2469.00,2469.00
MD134,1485.00,1485.00,1485.00,1485.00,1671.00,1776.00,1878.00,2013.00,2055.00,1830.00,2010.00,2058.00,2127.00,2148.00,1983.00,2046.00,2124.00,1761.00,1944.00,2073.00,2145.00,2187.00,2211.00,2232.00,2232.00,2232.00,2232.00
MD135,1149.00,1149.00,1149.00,1149.00,1365.00,1476.00,1527.00,1629.00,1710.00,1503.00,1626.00,1719.00,1854.00,1908.00,1575.00,1692.00,1842.00,1470.00,1557.00,1746.00,1899.00,1971.00,1989.00,2025.00,2025.00,2025.00,2025.00
MD340,609.00,609.00,609.00,609.00,672.00,759.00,855.00,957.00,1038.00,780.00,918.00,1041.00,1050.00,1170.00,894.00,1005.00,1047.00,726.00,867.00,1044.00,1152.00,1233.00,1365.00,1392.00,1392.00,1392.00,1392.00
MD432,927.00,927.00,927.00,927.00,1062.00,1218.00,1305.00,1458.00,1521.00,1221.00,1455.00,1527.00,1653.00,1767.00,1416.00,1506.00,1623.00,1077.00,1353.00,1548.00,1752.00,1824.00,1941.00,1980.00,1980.00,1980.00,1980.00
MD458,1074.00,1074.00,1074.00,1074.00,1185.00,1374.00,1398.00,1629.00,1710.00,1377.00,1626.00,1716.00,1842.00,1872.00,1578.00,1692.00,1833.00,1206.00,1512.00,1743.00,1869.00,1920.00,1938.00,1959.00,1959.00,1959.00,1959.00
ME136,690.00,690.00,690.00,690.00,771.00,870.00,975.00,1089.00,1191.00,882.00,1050.00,1194.00,1209.00,1335.00,1026.00,1143.00,1206.00,816.00,990.00,1197.00,1317.00,1407.00,1551.00,1581.00,1581.00,1581.00,1581.00
ME137,582.00,582.00,582.00,582.00,648.00,747.00,798.00,888.00,927.00,750.00,885.00,933.00,1014.00,1083.00,858.00,918.00,996.00,696.00,831.00,945.00,1074.00,1119.00,1191.00,1215.00,1215.00,1215.00,1215.00
ME139,1029.00,1029.00,1029.00,1029.00,1170.00,1269.00,1377.00,1509.00,1608.00,1326.00,1506.00,1611.00,1629.00,1827.00,1488.00,1566.00,1617.00,1254.00,1449.00,1614.00,1797.00,1923.00,2127.00,2169.00,2169.00,2169.00,2169.00
ME141,918.00,918.00,918.00,918.00,984.00,1050.00,1104.00,1215.00,1287.00,1062.00,1212.00,1293.00,1416.00,1491.00,1170.00,1269.00,1398.00,1014.00,1143.00,1317.00,1482.00,1530.00,1605.00,1638.00,1638.00,1638.00,1638.00
ME390,807.00,807.00,807.00,807.00,903.00,1038.00,1083.00,1242.00,1296.00,1041.00,1239.00,1302.00,1398.00,1446.00,1203.00,1284.00,1383.00,945.00,1161.00,1320.00,1440.00,1473.00,1524.00,1557.00,1557.00,1557.00,1557.00
MI142,996.00,996.00,996.00,996.00,1140.00,1188.00,1338.00,1536.00,1554.00,1254.00,1533.00,1557.00,1605.00,1755.00,1521.00,1548.00,1584.00,1146.00,1455.00,1560.00,1752.00,2034.00,2055.00,2076.00,2076.00,2076.00,2076.00
MI143,636.00,636.00,636.00,636.00,708.00,912.00,924.00,936.00,1032.00,915.00,933.00,1044.00,1218.00,1236.00,930.00,1005.00,1215.00,744.00,927.00,1080.00,1233.00,1422.00,1437.00,1449.00,1449.00,1449.00,1449.00
MI145,588.00,588.00,588.00,588.00,669.00,738.00,786.00,864.00,897.00,762.00,861.00,900.00,966.00,1017.00,837.00,888.00,951.00,729.00,819.00,912.00,1011.00,1044.00,1098.00,1122.00,1122.00,1122.00,1122.00
MI146,777.00,777.00,777.00,777.00,855.00,1038.00,1095.00,1158.00,1245.00,1041.00,1155.00,1254.00,1404.00,1476.00,1107.00,1227.00,1383.00,894.00,1098.00,1284.00,1467.00,1515.00,1590.00,1623.00,1623.00,1623.00,1623.00
MI148,648.00,648.00,648.00,648.00,717.00,765.00,834.00,918.00,933.00,801.00,915.00,936.00,981.00,1062.00,903.00,930.00,960.00,753.00,879.00,939.00,1050.00,1116.00,1188.00,1212.00,1212.00,1212.00,1212.00
MI152,768.00,768.00,768.00,768.00,921.00,981.00,1035.00,1245.00,1266.00,984.00,1242.00,1269.00,1317.00,1362.00,1227.00,1263.00,1305.00,927.00,1158.00,1278.00,1356.00,1386.00,1434.00,1461.00,1461.00,1461.00,1461.00
MI153,819.00,819.00,819.00,819.00,918.00,1047.00,1128.00,1260.00,1314.00,1050.00,1257.00,1317.00,1422.00,1530.00,1224.00,1302.00,1398.00,933.00,1176.00,1335.00,1515.00,1581.00,1692.00,1725.00,1725.00,1725.00,1725.00
MI154,696.00,696.00,696.00,696.00,783.00,885.00,990.00,1104.00,1221.00,888.00,1047.00,1224.00,1254.00,1353.00,1017.00,1155.00,1251.00,828.00,993.00,1227.00,1341.00,1464.00,1566.00,1599.00,1599.00,1599.00,1599.00
MI155,954.00,954.00,954.00,954.00,1059.00,1131.00,1251.00,1392.00,1413.00,1194.00,1389.00,1416.00,1479.00,1593.00,1374.00,1407.00,1449.00,1113.00,1329.00,1422.00,1575.00,1698.00,1764.00,1800.00,1800.00,1800.00,1800.00
MI156,672.00,672.00,672.00,672.00,753.00,825.00,900.00,993.00,1017.00,864.00,990.00,1020.00,1077.00,1158.00,975.00,1011.00,1056.00,816.00,948.00,1026.00,1146.00,1197.00,1278.00,1305.00,1305.00,1305.00,1305.00
MI157,537.00,537.00,537.00,537.00,621.00,720.00,759.00,807.00,870.00,723.00,804.00,873.00,972.00,1023.00,768.00,852.00,960.00,666.00,762.00,891.00,1017.00,1101.00,1110.00,1125.00,1125.00,1125.00,1125.00
MI434,675.00,675.00,675.00,675.00,759.00,927.00,954.00,1059.00,1125.00,930.00,1056.00,1134.00,1245.00,1284.00,1014.00,1110.00,1236.00,789.00,975.00,1155.00,1278.00,1302.00,1341.00,1368.00,1368.00,1368.00,1368.00
MN158,921.00,921.00,921.00,921.00,1035.00,1191.00,1248.00,1422.00,1488.00,1194.00,1419.00,1494.00,1608.00,1683.00,1380.00,1473.00,1587.00,1077.00,1329.00,1512.00,1674.00,1722.00,1803.00,1839.00,1839.00,1839.00,1839.00
MN159,948.00,948.00,948.00,948.00,1089.00,1206.00,1275.00,1482.00,1530.00,1209.00,1479.00,1536.00,1617.00,1653.00,1449.00,1521.00,1608.00,1101.00,1386.00,1551.00,1647.00,1671.00,1707.00,1743.00,1743.00,1743.00,1743.00
MN376,696.00,696.00,696.00,696.00,789.00,900.00,936.00,1083.00,1128.00,903.00,1080.00,1131.00,1206.00,1230.00,1053.00,1116.00,1200.00,804.00,1011.00,1146.00,1227.00,1290.00,1302.00,1314.00,1314.00,1314.00,1314.00
MN436,696.00,696.00,696.00,696.00,762.00,900.00,1002.00,1110.00,1206.00,903.00,1047.00,1209.00,1236.00,1368.00,1023.00,1161.00,1224.00,795.00,1005.00,1212.00,1350.00,1437.00,1575.00,1608.00,1608.00,1608.00,1608.00
MO160,825.00,825.00,825.00,825.00,945.00,1014.00,1086.00,1188.00,1308.00,1050.00,1185.00,1311.00,1362.00,1533.00,1158.00,1224.00,1359.00,1002.00,1131.00,1314.00,1530.00,1752.00,1767.00,1785.00,1785.00,1785.00,1785.00
MO161,951.00,951.00,951.00,951.00,1041.00,1119.00,1224.00,1365.00,1419.00,1164.00,1362.00,1422.00,1527.00,1665.00,1332.00,1401.00,1491.00,1086.00,1290.00,1434.00,1647.00,1734.00,1878.00,1917.00,1917.00,1917.00,1917.00
MO162,639.00,639.00,639.00,639.00,678.00,837.00,918.00,1005.00,1104.00,840.00,954.00,1107.00,1140.00,1248.00,936.00,1044.00,1128.00,696.00,921.00,1110.00,1233.00,1326.00,1413.00,1443.00,1443.00,1443.00,1443.00
MO163,747.00,747.00,747.00,747.00,879.00,969.00,996.00,1071.00,1140.00,984.00,1068.00,1146.00,1260.00,1302.00,1026.00,1125.00,1248.00,963.00,1014.00,1167.00,1296.00,1323.00,1365.00,1392.00,1392.00,1392.00,1392.00
MO164,660.00,660.00,660.00,660.00,756.00,810.00,861.00,951.00,999.00,837.00,948.00,1002.00,1086.00,1113.00,915.00,987.00,1077.00,801.00,897.00,1020.00,1110.00,1128.00,1155.00,1179.00,1179.00,1179.00,1179.00
MO165,732.00,732.00,732.00,732.00,801.00,837.00,858.00,903.00,972.00,849.00,900.00,975.00,1020.00,1116.00,876.00,936.00,996.00,834.00,870.00,978.00,1104.00,1167.00,1266.00,1293.00,1293.00,1293.00,1293.00
MO343,648.00,648.00,648.00,648.00,753.00,975.00,1050.00,1131.00,1215.00,978.00,1083.00,1218.00,1326.00,1425.00,1065.00,1167.00,1302.00,777.00,1053.00,1221.00,1410.00,1473.00,1575.00,1608.00,1608.00,1608.00,1608.00
MO344,612.00,612.00,612.00,612.00,708.00,774.00,825.00,897.00,954.00,798.00,894.00,957.00,1041.00,1119.00,864.00,933.00,1023.00,768.00,849.00,966.00,1110.00,1158.00,1239.00,1263.00,1263.00,1263.00,1263.00
MS168,840.00,840.00,840.00,840.00,924.00,999.00,1068.00,1197.00,1248.00,1026.00,1194.00,1254.00,1347.00,1407.00,1161.00,1236.00,1332.00,966.00,1128.00,1269.00,1398.00,1521.00,1536.00,1551.00,1551.00,1551.00,1551.00
MS169,636.00,636.00,636.00,636.00,702.00,825.00,921.00,1023.00,1134.00,828.00,963.00,1137.00,1167.00,1260.00,942.00,1074.00,1164.00,735.00,924.00,1140.00,1251.00,1368.00,1455.00,1485.00,1485.00,1485.00,1485.00
MS170,888.00,888.00,888.00,888.00,981.00,1035.00,1110.00,1194.00,1272.00,1074.00,1191.00,1275.00,1305.00,1407.00,1185.00,1206.00,1302.00,1026.00,1158.00,1278.00,1392.00,1512.00,1635.00,1668.00,1668.00,1668.00,1668.00
MS171,774.00,774.00,774.00,774.00,840.00,1041.00,1095.00,1152.00,1242.00,1044.00,1146.00,1251.00,1407.00,1476.00,1104.00,1221.00,1389.00,873.00,1098.00,1281.00,1467.00,1518.00,1584.00,1614.00,1614.00,1614.00,1614.00
MS172,894.00,894.00,894.00,894.00,948.00,987.00,1056.00,1170.00,1224.00,1023.00,1167.00,1230.00,1323.00,1359.00,1134.00,1212.00,1314.00,972.00,1107.00,1248.00,1353.00,1422.00,1434.00,1449.00,1449.00,1449.00,1449.00
MS410,939.00,939.00,939.00,939.00,1044.00,1101.00,1107.00,1143.00,1176.00,1104.00,1140.00,1179.00,1251.00,1368.00,1116.00,1167.00,1233.00,1098.00,1113.00,1191.00,1365.00,1581.00,1596.00,1614.00,1614.00,1614.00,1614.00
MS437,720.00,720.00,720.00,720.00,831.00,891.00,903.00,951.00,993.00,897.00,948.00,999.00,1080.00,1149.00,921.00,984.00,1065.00,888.00,915.00,1011.00,1140.00,1185.00,1257.00,1281.00,1281.00,1281.00,1281.00
MS438,699.00,699.00,699.00,699.00,801.00,879.00,960.00,1047.00,1146.00,882.00,996.00,1149.00,1197.00,1305.00,978.00,1089.00,1173.00,852.00,963.00,1152.00,1290.00,1368.00,1473.00,1503.00,1503.00,1503.00,1503.00
MT175,654.00,654.00,654.00,654.00,756.00,825.00,891.00,1026.00,1056.00,828.00,1023.00,1059.00,1122.00,1212.00,1005.00,1047.00,1098.00,762.00,960.00,1065.00,1200.00,1266.00,1353.00,1380.00,1380.00,1380.00,1380.00
MT347,705.00,705.00,705.00,705.00,825.00,1044.00,1086.00,1155.00,1248.00,1047.00,1152.00,1257.00,1404.00,1464.00,1098.00,1227.00,1389.00,849.00,1089.00,1284.00,1455.00,1494.00,1554.00,1587.00,1587.00,1587.00,1587.00
MT379,786.00,786.00,786.00,786.00,921.00,975.00,1059.00,1245.00,1266.00,981.00,1242.00,1269.00,1326.00,1425.00,1230.00,1260.00,1302.00,927.00,1167.00,1275.00,1410.00,1473.00,1575.00,1608.00,1608.00,1608.00,1608.00
MT441,732.00,732.00,732.00,732.00,807.00,1062.00,1122.00,1188.00,1257.00,1065.00,1149.00,1260.00,1437.00,1518.00,1137.00,1227.00,1416.00,873.00,1125.00,1293.00,1506.00,1557.00,1641.00,1674.00,1674.00,1674.00,1674.00
NC176,1077.00,1077.00,1077.00,1077.00,1233.00,1326.00,1410.00,1548.00,1626.00,1371.00,1545.00,1632.00,1767.00,1857.00,1500.00,1608.00,1746.00,1311.00,1467.00,1656.00,1845.00,1902.00,1992.00,2034.00,2034.00,2034.00,2034.00
NC177,846.00,846.00,846.00,846.00,945.00,1086.00,1176.00,1272.00,1359.00,1089.00,1257.00,1362.00,1476.00,1596.00,1212.00,1317.00,1446.00,996.00,1179.00,1365.00,1581.00,1656.00,1779.00,1815.00,1815.00,1815.00,1815.00
NC178,828.00,828.00,828.00,828.00,948.00,1035.00,1110.00,1215.00,1254.00,1074.00,1212.00,1260.00,1335.00,1380.00,1185.00,1245.00,1323.00,1023.00,1158.00,1272.00,1374.00,1404.00,1449.00,1479.00,1479.00,1479.00,1479.00
NC179,978.00,978.00,978.00,978.00,1122.00,1194.00,1209.00,1239.00,1254.00,1203.00,1236.00,1257.00,1302.00,1410.00,1224.00,1251.00,1284.00,1191.00,1218.00,1263.00,1407.00,1626.00,1644.00,1659.00,1659.00,1659.00,1659.00
NC180,822.00,822.00,822.00,822.00,957.00,1047.00,1098.00,1173.00,1263.00,1074.00,1170.00,1266.00,1311.00,1461.00,1146.00,1200.00,1308.00,1041.00,1128.00,1269.00,1458.00,1653.00,1668.00,1686.00,1686.00,1686.00,1686.00
NC181,1152.00,1152.00,1152.00,1152.00,1248.00,1308.00,1374.00,1482.00,1539.00,1344.00,1479.00,1545.00,1650.00,1713.00,1443.00,1527.00,1635.00,1299.00,1419.00,1566.00,1704.00,1743.00,1809.00,1845.00,1845.00,1845.00,1845.00
NC182,894.00,894.00,894.00,894.00,963.00,1002.00,1044.00,1116.00,1182.00,1023.00,1113.00,1185.00,1257.00,1362.00,1086.00,1149.00,1230.00,996.00,1071.00,1188.00,1347.00,1413.00,1521.00,1551.00,1551.00,1551.00,1551.00
NC183,882.00,882.00,882.00,882.00,951.00,999.00,1083.00,1200.00,1245.00,1041.00,1197.00,1248.00,1335.00,1419.00,1170.00,1233.00,1317.00,984.00,1137.00,1263.00,1407.00,1521.00,1542.00,1572.00,1572.00,1572.00,1572.00
NC184,648.00,648.00,648.00,648.00,729.00,789.00,831.00,897.00,957.00,798.00,894.00,963.00,1065.00,1122.00,858.00,942.00,1050.00,771.00,843.00,981.00,1113.00,1149.00,1209.00,1233.00,1233.00,1233.00,1233.00
NC185,927.00,927.00,927.00,927.00,945.00,969.00,1044.00,1161.00,1212.00,1008.00,1158.00,1215.00,1311.00,1398.00,1125.00,1200.00,1293.00,954.00,1098.00,1233.00,1395.00,1590.00,1605.00,1623.00,1623.00,1623.00,1623.00
NC186,864.00,864.00,864.00,864.00,975.00,1041.00,1125.00,1230.00,1254.00,1086.00,1227.00,1257.00,1320.00,1440.00,1212.00,1248.00,1296.00,1029.00,1182.00,1266.00,1437.00,1623.00,1641.00,1656.00,1656.00,1656.00,1656.00
NC187,900.00,900.00,900.00,900.00,975.00,1026.00,1131.00,1245.00,1401.00,1068.00,1230.00,1404.00,1455.00,1620.00,1197.00,1299.00,1452.00,1011.00,1167.00,1407.00,1617.00,1833.00,1851.00,1869.00,1869.00,1869.00,1869.00
NC372,768.00,768.00,768.00,768.00,837.00,933.00,1068.00,1215.00,1362.00,936.00,1128.00,1365.00,1398.00,1506.00,1098.00,1281.00,1395.00,873.00,1071.00,1368.00,1503.00,1644.00,1743.00,1779.00,1779.00,1779.00,1779.00
ND188,693.00,693.00,693.00,693.00,777.00,1149.00,1290.00,1443.00,1548.00,1152.00,1353.00,1551.00,1578.00,1767.00,1320.00,1515.00,1557.00,819.00,1293.00,1554.00,1740.00,1860.00,2055.00,2097.00,2097.00,2097.00,2097.00
ND189,735.00,735.00,735.00,735.00,846.00,1164.00,1176.00,1215.00,1344.00,1167.00,1209.00,1359.00,1557.00,1572.00,1182.00,1317.00,1554.00,882.00,1179.00,1401.00,1569.00,1578.00,1593.00,1623.00,1623.00,1623.00,1623.00
ND190,687.00,687.00,687.00,687.00,783.00,999.00,1038.00,1104.00,1191.00,1002.00,1101.00,1200.00,1344.00,1395.00,1044.00,1173.00,1332.00,807.00,1041.00,1230.00,1389.00,1419.00,1470.00,1500.00,1500.00,1500.00,1500.00
ND191,1053.00,1053.00,1053.00,1053.00,1278.00,1524.00,1614.00,1767.00,1869.00,1527.00,1764.00,1878.00,2061.00,2181.00,1701.00,1845.00,2031.00,1305.00,1617.00,1911.00,2163.00,2241.00,2367.00,2412.00,2412.00,2412.00,2412.00
NE192,783.00,783.00,783.00,783.00,876.00,1002.00,1050.00,1194.00,1248.00,1005.00,1191.00,1254.00,1350.00,1407.00,1155.00,1236.00,1338.00,933.00,1116.00,1272.00,1398.00,1506.00,1521.00,1536.00,1536.00,1536.00,1536.00
NE193,807.00,807.00,807.00,807.00,885.00,1140.00,1182.00,1230.00,1344.00,1143.00,1227.00,1353.00,1533.00,1587.00,1191.00,1317.00,1521.00,921.00,1185.00,1389.00,1581.00,1614.00,1671.00,1704.00,1704.00,1704.00,1704.00
NH194,990.00,990.00,990.00,990.00,1140.00,1326.00,1398.00,1485.00,1593.00,1329.00,1482.00,1605.00,1791.00,1890.00,1416.00,1569.00,1767.00,1227.00,1401.00,1641.00,1875.00,1938.00,2037.00,2079.00,2079.00,2079.00,2079.00
NH195,1098.00,1098.00,1098.00,1098.00,1263.00,1356.00,1446.00,1581.00,1746.00,1404.00,1578.00,1749.00,1806.00,1986.00,1539.00,1629.00,1803.00,1344.00,1506.00,1752.00,1983.00,2223.00,2244.00,2268.00,2268.00,2268.00,2268.00
NJ196,1107.00,1107.00,1107.00,1107.00,1251.00,1461.00,1485.00,1620.00,1746.00,1464.00,1614.00,1758.00,1956.00,1989.00,1536.00,1719.00,1947.00,1323.00,1500.00,1800.00,1983.00,2235.00,2256.00,2277.00,2277.00,2277.00,2277.00
NJ198,1008.00,1008.00,1008.00,1008.00,1146.00,1239.00,1308.00,1446.00,1524.00,1269.00,1443.00,1533.00,1668.00,1743.00,1392.00,1506.00,1650.00,1212.00,1362.00,1557.00,1731.00,1854.00,1872.00,1890.00,1890.00,1890.00,1890.00
NJ200,1431.00,1431.00,1431.00,1431.00,1662.00,1935.00,2043.00,2163.00,2337.00,1938.00,2100.00,2340.00,2616.00,2763.00,2067.00,2247.00,2580.00,1833.00,2046.00,2367.00,2742.00,2850.00,2985.00,3045.00,3045.00,3045.00,3045.00
NJ201,1374.00,1374.00,1374.00,1374.00,1533.00,1758.00,1854.00,2058.00,2169.00,1773.00,2055.00,2181.00,2376.00,2505.00,1989.00,2145.00,2346.00,1677.00,1935.00,2217.00,2487.00,2568.00,2700.00,2754.00,2754.00,2754.00,2754.00
NJ202,1467.00,1467.00,1467.00,1467.00,1692.00,1809.00,1974.00,2289.00,2337.00,1842.00,2286.00,2340.00,2418.00,2439.00,2256.00,2325.00,2412.00,1704.00,2154.00,2355.00,2436.00,2448.00,2472.00,2520.00,2520.00,2520.00,2520.00
NJ203,1044.00,1044.00,1044.00,1044.00,1206.00,1596.00,1722.00,1860.00,2028.00,1599.00,1779.00,2031.00,2169.00,2337.00,1749.00,1923.00,2127.00,1293.00,1725.00,2034.00,2313.00,2451.00,2595.00,2646.00,2646.00,2646.00,2646.00
NJ204,1113.00,1113.00,1113.00,1113.00,1323.00,1452.00,1494.00,1620.00,1740.00,1464.00,1617.00,1752.00,1950.00,2007.00,1542.00,1713.00,1935.00,1431.00,1521.00,1794.00,2001.00,2037.00,2100.00,2142.00,2142.00,2142.00,2142.00
NM205,696.00,696.00,696.00,696.00,774.00,921.00,948.00,984.00,1080.00,924.00,981.00,1089.00,1239.00,1275.00,954.00,1059.00,1230.00,810.00,951.00,1119.00,1269.00,1368.00,1383.00,1395.00,1395.00,1395.00,1395.00
NM206,942.00,942.00,942.00,942.00,1041.00,1107.00,1200.00,1311.00,1323.00,1155.00,1308.00,1326.00,1365.00,1419.00,1296.00,1320.00,1350.00,1092.00,1263.00,1332.00,1413.00,1449.00,1506.00,1536.00,1536.00,1536.00,1536.00
NM207,738.00,738.00,738.00,738.00,831.00,948.00,1035.00,1140.00,1227.00,951.00,1137.00,1230.00,1293.00,1407.00,1107.00,1176.00,1263.00,864.00,1065.00,1233.00,1392.00,1464.00,1584.00,1617.00,1617.00,1617.00,1617.00
NM209,756.00,756.00,756.00,756.00,846.00,906.00,1002.00,1110.00,1122.00,957.00,1107.00,1125.00,1167.00,1254.00,1098.00,1119.00,1146.00,891.00,1062.00,1128.00,1242.00,1299.00,1389.00,1416.00,1416.00,1416.00,1416.00
NM210,933.00,933.00,933.00,933.00,1044.00,1140.00,1146.00,1221.00,1335.00,1143.00,1215.00,1347.00,1524.00,1533.00,1152.00,1311.00,1521.00,1098.00,1149.00,1386.00,1530.00,1536.00,1545.00,1575.00,1575.00,1575.00,1575.00
NV199,906.00,906.00,906.00,906.00,1017.00,1215.00,1305.00,1407.00,1503.00,1218.00,1404.00,1506.00,1647.00,1770.00,1356.00,1470.00,1617.00,1059.00,1308.00,1524.00,1752.00,1830.00,1953.00,1992.00,1992.00,1992.00,1992.00
NV211,654.00,654.00,654.00,654.00,750.00,810.00,888.00,972.00,1056.00,822.00,924.00,1059.00,1104.00,1209.00,906.00,1011.00,1080.00,798.00,891.00,1062.00,1194.00,1263.00,1371.00,1398.00,1398.00,1398.00,1398.00
NV212,867.00,867.00,867.00,867.00,969.00,1032.00,1110.00,1221.00,1266.00,1071.00,1218.00,1272.00,1362.00,1443.00,1188.00,1257.00,1344.00,1020.00,1158.00,1287.00,1431.00,1482.00,1566.00,1596.00,1596.00,1596.00,1596.00
NV213,735.00,735.00,735.00,735.00,849.00,921.00,984.00,1068.00,1095.00,954.00,1065.00,1098.00,1158.00,1248.00,1050.00,1089.00,1137.00,909.00,1026.00,1104.00,1236.00,1374.00,1389.00,1413.00,1413.00,1413.00,1413.00
NY215,1152.00,1152.00,1152.00,1152.00,1290.00,1404.00,1545.00,1734.00,1788.00,1476.00,1731.00,1791.00,1875.00,1890.00,1698.00,1773.00,1872.00,1377.00,1641.00,1809.00,1887.00,2073.00,2091.00,2112.00,2112.00,2112.00,2112.00
NY216,897.00,897.00,897.00,897.00,1059.00,1236.00,1320.00,1458.00,1533.00,1239.00,1455.00,1539.00,1677.00,1785.00,1410.00,1515.00,1650.00,1077.00,1332.00,1563.00,1770.00,1857.00,1953.00,1992.00,1992.00,1992.00,1992.00
NY217,1530.00,1530.00,1530.00,1530.00,1722.00,1920.00,2055.00,2349.00,2430.00,1944.00,2346.00,2439.00,2571.00,2625.00,2295.00,2412.00,2559.00,1788.00,2208.00,2463.00,2616.00,2649.00,2703.00,2757.00,2757.00,2757.00,2757.00
NY218,1650.00,1650.00,1650.00,1650.00,1908.00,2079.00,2211.00,2370.00,2403.00,2148.00,2367.00,2406.00,2484.00,2586.00,2343.00,2394.00,2460.00,2058.00,2295.00,2418.00,2574.00,2766.00,2793.00,2823.00,2823.00,2823.00,2823.00
NY219,2304.00,2304.00,2304.00,2304.00,2646.00,2910.00,3084.00,3282.00,3318.00,3000.00,3279.00,3321.00,3381.00,3423.00,3258.00,3309.00,3372.00,2883.00,3195.00,3330.00,3417.00,3441.00,3483.00,3552.00,3552.00,3552.00,3552.00
NY221,885.00,885.00,885.00,885.00,1008.00,1092.00,1269.00,1458.00,1644.00,1119.00,1365.00,1647.00,1689.00,1818.00,1344.00,1545.00,1686.00,1017.00,1287.00,1650.00,1815.00,1989.00,2106.00,2148.00,2148.00,2148.00,2148.00
NY222,819.00,819.00,819.00,819.00,987.00,1095.00,1140.00,1347.00,1389.00,1098.00,1344.00,1392.00,1473.00,1536.00,1317.00,1377.00,1458.00,999.00,1239.00,1407.00,1527.00,1593.00,1629.00,1662.00,1662.00,1662.00,1662.00
NY223,858.00,858.00,858.00,858.00,951.00,1026.00,1101.00,1185.00,1281.00,1038.00,1176.00,1284.00,1392.00,1494.00,1131.00,1236.00,1368.00,996.00,1110.00,1287.00,1479.00,1545.00,1647.00,1680.00,1680.00,1680.00,1680.00
NY225,948.00,948.00,948.00,948.00,1068.00,1179.00,1272.00,1422.00,1479.00,1221.00,1419.00,1485.00,1596.00,1692.00,1383.00,1464.00,1569.00,1149.00,1341.00,1503.00,1680.00,1743.00,1842.00,1881.00,1881.00,1881.00,1881.00
NY226,972.00,972.00,972.00,972.00,1035.00,1197.00,1284.00,1422.00,1491.00,1200.00,1419.00,1497.00,1626.00,1740.00,1380.00,1476.00,1596.00,1068.00,1326.00,1518.00,1722.00,1797.00,1914.00,1950.00,1950.00,1950.00,1950.00
NY349,1605.00,1605.00,1605.00,1605.00,1869.00,2169.00,2256.00,2571.00,2697.00,2172.00,2568.00,2709.00,2922.00,3033.00,2490.00,2667.00,2892.00,1902.00,2373.00,2748.00,3018.00,3090.00,3207.00,3270.00,3270.00,3270.00,3270.00
NY413,1434.00,1434.00,1434.00,1434.00,1596.00,1854.00,1989.00,2163.00,2310.00,1857.00,2157.00,2313.00,2517.00,2700.00,2085.00,2256.00,2472.00,1740.00,2025.00,2331.00,2673.00,2790.00,2979.00,3039.00,3039.00,3039.00,3039.00
NY444,756.00,756.00,756.00,756.00,837.00,888.00,975.00,1080.00,1101.00,933.00,1077.00,1104.00,1143.00,1173.00,1062.00,1095.00,1137.00,876.00,1029.00,1110.00,1167.00,1260.00,1272.00,1284.00,1284.00,1284.00,1284.00
NY445,1035.00,1035.00,1035.00,1035.00,1152.00,1416.00,1458.00,1605.00,1716.00,1419.00,1602.00,1725.00,1902.00,1959.00,1536.00,1689.00,1887.00,1221.00,1482.00,1761.00,1950.00,2163.00,2184.00,2205.00,2205.00,2205.00,2205.00
OH227,756.00,756.00,756.00,756.00,834.00,879.00,933.00,1002.00,1023.00,906.00,999.00,1026.00,1080.00,1158.00,987.00,1020.00,1059.00,870.00,966.00,1032.00,1146.00,1272.00,1284.00,1302.00,1302.00,1302.00,1302.00
OH228,1002.00,1002.00,1002.00,1002.00,1137.00,1212.00,1266.00,1344.00,1371.00,1239.00,1341.00,1374.00,1443.00,1530.00,1320.00,1365.00,1419.00,1203.00,1302.00,1383.00,1518.00,1653.00,1668.00,1698.00,1698.00,1698.00,1698.00
OH229,873.00,873.00,873.00,873.00,945.00,1008.00,1125.00,1272.00,1296.00,1065.00,1269.00,1299.00,1353.00,1398.00,1251.00,1290.00,1341.00,981.00,1206.00,1308.00,1392.00,1422.00,1470.00,1497.00,1497.00,1497.00,1497.00
OH230,915.00,915.00,915.00,915.00,1029.00,1095.00,1143.00,1224.00,1263.00,1119.00,1221.00,1266.00,1338.00,1380.00,1194.00,1254.00,1329.00,1086.00,1176.00,1281.00,1374.00,1401.00,1443.00,1470.00,1470.00,1470.00,1470.00
OH231,750.00,750.00,750.00,750.00,885.00,966.00,1005.00,1080.00,1167.00,987.00,1077.00,1170.00,1242.00,1335.00,1044.00,1119.00,1218.00,960.00,1029.00,1173.00,1323.00,1470.00,1485.00,1509.00,1509.00,1509.00,1509.00
OH232,696.00,696.00,696.00,696.00,801.00,861.00,927.00,1023.00,1068.00,894.00,1020.00,1071.00,1146.00,1173.00,993.00,1056.00,1140.00,849.00,969.00,1086.00,1167.00,1185.00,1212.00,1236.00,1236.00,1236.00,1236.00
OH233,621.00,621.00,621.00,621.00,714.00,792.00,834.00,972.00,1002.00,795.00,969.00,1005.00,1065.00,1110.00,951.00,996.00,1053.00,720.00,909.00,1017.00,1104.00,1134.00,1179.00,1203.00,1203.00,1203.00,1203.00
OH382,567.00,567.00,567.00,567.00,648.00,711.00,759.00,831.00,867.00,735.00,828.00,870.00,936.00,984.00,807.00,858.00,924.00,705.00,789.00,882.00,978.00,1077.00,1089.00,1098.00,1098.00,1098.00,1098.00
OH446,636.00,636.00,636.00,636.00,717.00,765.00,825.00,903.00,927.00,798.00,900.00,930.00,978.00,1023.00,885.00,921.00,966.00,756.00,864.00,936.00,1017.00,1044.00,1089.00,1110.00,1110.00,1110.00,1110.00
OK235,648.00,648.00,648.00,648.00,747.00,897.00,933.00,1038.00,1098.00,900.00,1035.00,1104.00,1209.00,1254.00,996.00,1083.00,1197.00,765.00,951.00,1125.00,1248.00,1278.00,1326.00,1353.00,1353.00,1353.00,1353.00
OK236,684.00,684.00,684.00,684.00,771.00,825.00,900.00,981.00,1089.00,849.00,966.00,1092.00,1125.00,1233.00,933.00,1020.00,1122.00,813.00,912.00,1095.00,1230.00,1371.00,1383.00,1407.00,1407.00,1407.00,1407.00
OK237,717.00,717.00,717.00,717.00,837.00,936.00,1020.00,1116.00,1203.00,939.00,1059.00,1206.00,1275.00,1392.00,1041.00,1158.00,1248.00,900.00,1023.00,1209.00,1374.00,1449.00,1566.00,1596.00,1596.00,1596.00,1596.00
OK239,789.00,789.00,789.00,789.00,930.00,1026.00,1056.00,1113.00,1155.00,1041.00,1110.00,1158.00,1242.00,1326.00,1086.00,1143.00,1221.00,1023.00,1074.00,1170.00,1314.00,1434.00,1455.00,1485.00,1485.00,1485.00,1485.00
OK240,672.00,672.00,672.00,672.00,783.00,855.00,900.00,987.00,1044.00,879.00,984.00,1050.00,1143.00,1173.00,948.00,1032.00,1137.00,846.00,930.00,1068.00,1170.00,1188.00,1218.00,1242.00,1242.00,1242.00,1242.00
OR241,768.00,768.00,768.00,768.00,870.00,930.00,1047.00,1194.00,1293.00,969.00,1107.00,1296.00,1305.00,1443.00,1080.00,1260.00,1302.00,918.00,1053.00,1299.00,1416.00,1530.00,1713.00,1749.00,1749.00,1749.00,1749.00
OR242,684.00,684.00,684.00,684.00,765.00,921.00,1005.00,1098.00,1170.00,924.00,1044.00,1173.00,1257.00,1368.00,1026.00,1140.00,1230.00,804.00,1008.00,1176.00,1353.00,1425.00,1542.00,1572.00,1572.00,1572.00,1572.00
OR243,1017.00,1017.00,1017.00,1017.00,1140.00,1230.00,1332.00,1488.00,1545.00,1278.00,1485.00,1551.00,1653.00,1707.00,1449.00,1533.00,1638.00,1200.00,1407.00,1569.00,1698.00,1818.00,1836.00,1854.00,1854.00,1854.00,1854.00
OR244,801.00,801.00,801.00,801.00,861.00,927.00,984.00,1095.00,1149.00,942.00,1092.00,1155.00,1254.00,1332.00,1059.00,1137.00,1236.00,888.00,1029.00,1173.00,1320.00,1422.00,1446.00,1476.00,1476.00,1476.00,1476.00
OR245,870.00,870.00,870.00,870.00,1023.00,1131.00,1179.00,1275.00,1365.00,1140.00,1272.00,1374.00,1524.00,1587.00,1218.00,1344.00,1509.00,1104.00,1197.00,1404.00,1578.00,1701.00,1716.00,1734.00,1734.00,1734.00,1734.00
OR246,999.00,999.00,999.00,999.00,1170.00,1281.00,1335.00,1407.00,1419.00,1308.00,1404.00,1422.00,1461.00,1527.00,1392.00,1416.00,1443.00,1272.00,1371.00,1425.00,1518.00,1707.00,1722.00,1740.00,1740.00,1740.00,1740.00
OR373,612.00,612.00,612.00,612.00,675.00,852.00,870.00,933.00,1011.00,855.00,930.00,1020.00,1143.00,1167.00,879.00,993.00,1137.00,708.00,873.00,1044.00,1164.00,1179.00,1203.00,1227.00,1227.00,1227.00,1227.00
PA247,960.00,960.00,960.00,960.00,1089.00,1167.00,1248.00,1359.00,1392.00,1209.00,1356.00,1395.00,1452.00,1467.00,1335.00,1383.00,1446.00,1155.00,1302.00,1407.00,1464.00,1656.00,1671.00,1689.00,1689.00,1689.00,1689.00
PA248,1197.00,1197.00,1197.00,1197.00,1338.00,1455.00,1605.00,1785.00,1821.00,1533.00,1782.00,1827.00,1902.00,1983.00,1758.00,1812.00,1884.00,1434.00,1704.00,1839.00,1971.00,2022.00,2103.00,2145.00,2145.00,2145.00,2145.00
PA249,1350.00,1350.00,1350.00,1350.00,1518.00,1608.00,1815.00,2043.00,2070.00,1716.00,2040.00,2073.00,2130.00,2181.00,2025.00,2064.00,2115.00,1578.00,1947.00,2082.00,2175.00,2208.00,2259.00,2304.00,2304.00,2304.00,2304.00
PA250,1080.00,1080.00,1080.00,1080.00,1266.00,1362.00,1398.00,1485.00,1566.00,1380.00,1482.00,1572.00,1719.00,1833.00,1431.00,1545.00,1692.00,1356.00,1419.00,1599.00,1818.00,1890.00,2004.00,2046.00,2046.00,2046.00,2046.00
PA251,792.00,792.00,792.00,792.00,918.00,984.00,1011.00,1074.00,1125.00,999.00,1071.00,1128.00,1221.00,1287.00,1038.00,1113.00,1206.00,978.00,1029.00,1146.00,1278.00,1317.00,1383.00,1413.00,1413.00,1413.00,1413.00
PA252,855.00,855.00,855.00,855.00,987.00,1077.00,1104.00,1191.00,1287.00,1080.00,1188.00,1296.00,1443.00,1479.00,1131.00,1266.00,1434.00,1050.00,1119.00,1326.00,1473.00,1551.00,1566.00,1581.00,1581.00,1581.00,1581.00
PA253,729.00,729.00,729.00,729.00,837.00,987.00,1032.00,1098.00,1182.00,990.00,1095.00,1191.00,1332.00,1389.00,1041.00,1164.00,1317.00,888.00,1035.00,1218.00,1383.00,1419.00,1479.00,1509.00,1509.00,1509.00,1509.00
PA254,768.00,768.00,768.00,768.00,873.00,933.00,999.00,1089.00,1116.00,969.00,1086.00,1119.00,1167.00,1197.00,1068.00,1110.00,1161.00,924.00,1044.00,1128.00,1194.00,1287.00,1299.00,1314.00,1314.00,1314.00,1314.00
PA255,1068.00,1068.00,1068.00,1068.00,1248.00,1371.00,1428.00,1500.00,1506.00,1401.00,1497.00,1509.00,1545.00,1653.00,1491.00,1503.00,1518.00,1362.00,1467.00,1512.00,1638.00,1707.00,1818.00,1854.00,1854.00,1854.00,1854.00
PA383,612.00,612.00,612.00,612.00,681.00,783.00,822.00,930.00,975.00,786.00,927.00,978.00,1056.00,1101.00,900.00,963.00,1044.00,732.00,873.00,993.00,1095.00,1122.00,1167.00,1191.00,1191.00,1191.00,1191.00
RI256,1161.00,1161.00,1161.00,1161.00,1287.00,1617.00,1704.00,1803.00,1944.00,1620.00,1800.00,1953.00,2184.00,2304.00,1725.00,1908.00,2154.00,1383.00,1707.00,1998.00,2286.00,2364.00,2484.00,2535.00,2535.00,2535.00,2535.00
RI257,1101.00,1101.00,1101.00,1101.00,1269.00,1419.00,1482.00,1638.00,1737.00,1428.00,1635.00,1746.00,1911.00,1995.00,1575.00,1716.00,1890.00,1359.00,1539.00,1779.00,1983.00,2109.00,2130.00,2163.00,2163.00,2163.00,2163.00
SC258,921.00,921.00,921.00,921.00,1041.00,1107.00,1149.00,1236.00,1332.00,1131.00,1233.00,1335.00,1434.00,1548.00,1194.00,1287.00,1404.00,1101.00,1179.00,1338.00,1533.00,1608.00,1725.00,1761.00,1761.00,1761.00,1761.00
SC259,1002.00,1002.00,1002.00,1002.00,1098.00,1182.00,1230.00,1338.00,1428.00,1188.00,1335.00,1437.00,1590.00,1656.00,1278.00,1410.00,1575.00,1146.00,1257.00,1467.00,1647.00,1776.00,1794.00,1812.00,1812.00,1812.00,1812.00
SC260,966.00,966.00,966.00,966.00,1095.00,1167.00,1233.00,1344.00,1419.00,1200.00,1341.00,1425.00,1548.00,1605.00,1296.00,1401.00,1536.00,1158.00,1272.00,1449.00,1599.00,1635.00,1692.00,1728.00,1728.00,1728.00,1728.00
SC261,870.00,870.00,870.00,870.00,1011.00,1086.00,1137.00,1218.00,1263.00,1113.00,1215.00,1266.00,1359.00,1449.00,1188.00,1254.00,1335.00,1077.00,1170.00,1281.00,1437.00,1542.00,1587.00,1620.00,1620.00,1620.00,1620.00
SC262,792.00,792.00,792.00,792.00,900.00,969.00,1062.00,1188.00,1245.00,1017.00,1185.00,1248.00,1320.00,1425.00,1158.00,1218.00,1293.00,954.00,1122.00,1251.00,1410.00,1551.00,1584.00,1617.00,1617.00,1617.00,1617.00
SC263,885.00,885.00,885.00,885.00,948.00,987.00,1047.00,1125.00,1152.00,1017.00,1122.00,1155.00,1215.00,1338.00,1104.00,1146.00,1200.00,978.00,1083.00,1167.00,1335.00,1560.00,1575.00,1590.00,1590.00,1590.00,1590.00
SC375,789.00,789.00,789.00,789.00,813.00,969.00,1074.00,1191.00,1311.00,972.00,1122.00,1314.00,1344.00,1470.00,1098.00,1245.00,1341.00,828.00,1077.00,1317.00,1449.00,1563.00,1686.00,1719.00,1719.00,1719.00,1719.00
SD264,759.00,759.00,759.00,759.00,852.00,951.00,1041.00,1152.00,1230.00,969.00,1149.00,1233.00,1299.00,1416.00,1119.00,1185.00,1269.00,900.00,1083.00,1236.00,1401.00,1476.00,1596.00,1629.00,1629.00,1629.00,1629.00
SD265,666.00,666.00,666.00,666.00,762.00,849.00,915.00,996.00,1059.00,861.00,993.00,1062.00,1155.00,1242.00,960.00,1038.00,1134.00,819.00,936.00,1071.00,1230.00,1284.00,1371.00,1398.00,1398.00,1398.00,1398.00
TN266,783.00,783.00,783.00,783.00,888.00,951.00,1026.00,1113.00,1122.00,990.00,1110.00,1125.00,1170.00,1311.00,1104.00,1116.00,1167.00,939.00,1077.00,1128.00,1308.00,1497.00,1509.00,1524.00,1524.00,1524.00,1524.00
TN267,891.00,891.00,891.00,891.00,963.00,1005.00,1038.00,1113.00,1173.00,1023.00,1110.00,1179.00,1284.00,1338.00,1074.00,1161.00,1272.00,999.00,1062.00,1200.00,1329.00,1365.00,1419.00,1446.00,1446.00,1446.00,1446.00
TN268,951.00,951.00,951.00,951.00,1074.00,1146.00,1233.00,1338.00,1362.00,1191.00,1335.00,1365.00,1407.00,1437.00,1320.00,1356.00,1401.00,1131.00,1290.00,1371.00,1434.00,1590.00,1605.00,1620.00,1620.00,1620.00,1620.00
TN269,1047.00,1047.00,1047.00,1047.00,1197.00,1296.00,1404.00,1521.00,1527.00,1353.00,1518.00,1530.00,1539.00,1545.00,1515.00,1524.00,1536.00,1278.00,1476.00,1533.00,1542.00,1548.00,1551.00,1584.00,1584.00,1584.00,1584.00
TN353,672.00,672.00,672.00,672.00,750.00,867.00,921.00,1017.00,1071.00,870.00,1014.00,1074.00,1173.00,1248.00,981.00,1059.00,1155.00,810.00,951.00,1092.00,1236.00,1320.00,1362.00,1389.00,1389.00,1389.00,1389.00
TN354,672.00,672.00,672.00,672.00,702.00,831.00,846.00,885.00,972.00,834.00,882.00,978.00,1113.00,1134.00,852.00,951.00,1107.00,717.00,849.00,1008.00,1131.00,1146.00,1170.00,1194.00,1194.00,1194.00,1194.00
TN449,828.00,828.00,828.00,828.00,903.00,942.00,969.00,1014.00,1035.00,957.00,1011.00,1038.00,1086.00,1125.00,996.00,1032.00,1074.00,939.00,987.00,1047.00,1119.00,1143.00,1182.00,1206.00,1206.00,1206.00,1206.00
TX270,744.00,744.00,744.00,744.00,858.00,954.00,1014.00,1107.00,1182.00,963.00,1104.00,1185.00,1293.00,1374.00,1065.00,1158.00,1272.00,918.00,1041.00,1197.00,1362.00,1485.00,1500.00,1527.00,1527.00,1527.00,1527.00
TX271,705.00,705.00,705.00,705.00,807.00,867.00,927.00,1011.00,1089.00,897.00,1008.00,1092.00,1119.00,1230.00,990.00,1035.00,1116.00,858.00,966.00,1095.00,1215.00,1308.00,1398.00,1425.00,1425.00,1425.00,1425.00
TX272,987.00,987.00,987.00,987.00,1131.00,1275.00,1323.00,1479.00,1563.00,1278.00,1476.00,1572.00,1716.00,1773.00,1422.00,1545.00,1701.00,1212.00,1386.00,1599.00,1764.00,1803.00,1863.00,1899.00,1899.00,1899.00,1899.00
TX273,972.00,972.00,972.00,972.00,1128.00,1209.00,1260.00,1356.00,1425.00,1236.00,1353.00,1431.00,1542.00,1698.00,1311.00,1410.00,1536.00,1203.00,1293.00,1455.00,1695.00,2055.00,2073.00,2094.00,2094.00,2094.00,2094.00
TX274,825.00,825.00,825.00,825.00,963.00,1002.00,1095.00,1296.00,1311.00,1008.00,1293.00,1314.00,1350.00,1410.00,1284.00,1305.00,1335.00,966.00,1215.00,1317.00,1404.00,1572.00,1587.00,1602.00,1602.00,1602.00,1602.00
TX275,891.00,891.00,891.00,891.00,1023.00,1242.00,1257.00,1353.00,1470.00,1245.00,1347.00,1482.00,1662.00,1683.00,1275.00,1443.00,1656.00,1089.00,1260.00,1521.00,1680.00,1713.00,1728.00,1746.00,1746.00,1746.00,1746.00
TX276,879.00,879.00,879.00,879.00,993.00,1170.00,1206.00,1272.00,1386.00,1173.00,1269.00,1395.00,1572.00,1620.00,1215.00,1359.00,1560.00,1050.00,1209.00,1431.00,1614.00,1656.00,1692.00,1725.00,1725.00,1725.00,1725.00
TX277,1077.00,1077.00,1077.00,1077.00,1209.00,1287.00,1446.00,1626.00,1647.00,1371.00,1623.00,1650.00,1692.00,1734.00,1611.00,1641.00,1680.00,1263.00,1551.00,1656.00,1728.00,1758.00,1803.00,1839.00,1839.00,1839.00,1839.00
TX278,693.00,693.00,693.00,693.00,789.00,1107.00,1137.00,1170.00,1266.00,1110.00,1149.00,1278.00,1485.00,1524.00,1143.00,1236.00,1473.00,822.00,1140.00,1320.00,1521.00,1545.00,1587.00,1620.00,1620.00,1620.00,1620.00
TX279,852.00,852.00,852.00,852.00,990.00,1068.00,1116.00,1206.00,1266.00,1092.00,1203.00,1272.00,1377.00,1449.00,1167.00,1251.00,1359.00,1059.00,1149.00,1290.00,1440.00,1584.00,1602.00,1617.00,1617.00,1617.00,1617.00
TX281,846.00,846.00,846.00,846.00,1023.00,1332.00,1389.00,1452.00,1575.00,1335.00,1443.00,1587.00,1794.00,1872.00,1404.00,1545.00,1776.00,1059.00,1392.00,1629.00,1863.00,1911.00,1992.00,2031.00,2031.00,2031.00,2031.00
TX282,1107.00,1107.00,1107.00,1107.00,1227.00,1347.00,1482.00,1647.00,1683.00,1416.00,1644.00,1686.00,1746.00,1767.00,1623.00,1674.00,1740.00,1326.00,1572.00,1698.00,1764.00,1779.00,1800.00,1836.00,1836.00,1836.00,1836.00
TX283,783.00,783.00,783.00,783.00,885.00,945.00,1026.00,1119.00,1128.00,987.00,1116.00,1131.00,1170.00,1275.00,1107.00,1125.00,1149.00,933.00,1077.00,1134.00,1272.00,1446.00,1461.00,1476.00,1476.00,1476.00,1476.00
TX284,729.00,729.00,729.00,729.00,825.00,945.00,990.00,1134.00,1182.00,948.00,1131.00,1188.00,1275.00,1332.00,1101.00,1170.00,1260.00,846.00,1056.00,1203.00,1326.00,1374.00,1422.00,1449.00,1449.00,1449.00,1449.00
TX285,972.00,972.00,972.00,972.00,1104.00,1209.00,1302.00,1407.00,1413.00,1260.00,1404.00,1416.00,1440.00,1485.00,1398.00,1410.00,1428.00,1197.00,1365.00,1419.00,1479.00,1509.00,1560.00,1590.00,1590.00,1590.00,1590.00
TX286,816.00,816.00,816.00,816.00,945.00,1011.00,1017.00,1053.00,1164.00,1014.00,1044.00,1167.00,1191.00,1290.00,1026.00,1104.00,1188.00,1008.00,1023.00,1170.00,1269.00,1371.00,1500.00,1530.00,1530.00,1530.00,1530.00
TX288,750.00,750.00,750.00,750.00,849.00,918.00,1017.00,1158.00,1281.00,966.00,1113.00,1284.00,1305.00,1398.00,1098.00,1224.00,1302.00,906.00,1065.00,1287.00,1374.00,1485.00,1665.00,1698.00,1698.00,1698.00,1698.00
TX356,966.00,966.00,966.00,966.00,1089.00,1185.00,1296.00,1431.00,1461.00,1245.00,1428.00,1464.00,1518.00,1551.00,1410.00,1452.00,1509.00,1170.00,1368.00,1473.00,1548.00,1572.00,1605.00,1638.00,1638.00,1638.00,1638.00
TX387,846.00,846.00,846.00,846.00,951.00,1011.00,1056.00,1146.00,1212.00,1035.00,1143.00,1218.00,1329.00,1389.00,1101.00,1197.00,1317.00,1005.00,1086.00,1239.00,1380.00,1518.00,1533.00,1548.00,1548.00,1548.00,1548.00
TX415,756.00,756.00,756.00,756.00,873.00,1044.00,1089.00,1140.00,1245.00,1047.00,1137.00,1248.00,1407.00,1467.00,1098.00,1215.00,1392.00,939.00,1092.00,1278.00,1458.00,1662.00,1680.00,1695.00,1695.00,1695.00,1695.00
UT291,768.00,768.00,768.00,768.00,873.00,990.00,1017.00,1116.00,1194.00,993.00,1113.00,1200.00,1329.00,1365.00,1065.00,1176.00,1317.00,924.00,1041.00,1227.00,1362.00,1386.00,1425.00,1455.00,1455.00,1455.00,1455.00
UT292,819.00,819.00,819.00,819.00,924.00,1035.00,1101.00,1263.00,1308.00,1038.00,1260.00,1314.00,1398.00,1470.00,1233.00,1299.00,1380.00,951.00,1185.00,1329.00,1461.00,1506.00,1578.00,1611.00,1611.00,1611.00,1611.00
UT357,819.00,819.00,819.00,819.00,900.00,951.00,1005.00,1086.00,1119.00,978.00,1083.00,1122.00,1194.00,1290.00,1062.00,1110.00,1170.00,942.00,1041.00,1131.00,1278.00,1338.00,1437.00,1467.00,1467.00,1467.00,1467.00
VA295,1014.00,1014.00,1014.00,1014.00,1068.00,1116.00,1239.00,1389.00,1425.00,1179.00,1386.00,1428.00,1515.00,1638.00,1365.00,1416.00,1482.00,1095.00,1317.00,1440.00,1623.00,1701.00,1830.00,1866.00,1866.00,1866.00,1866.00
VA296,1227.00,1227.00,1227.00,1227.00,1386.00,1482.00,1587.00,1737.00,1806.00,1536.00,1734.00,1812.00,1920.00,1959.00,1695.00,1791.00,1911.00,1467.00,1656.00,1833.00,1953.00,1977.00,2016.00,2055.00,2055.00,2055.00,2055.00
VA297,1116.00,1116.00,1116.00,1116.00,1236.00,1305.00,1371.00,1482.00,1578.00,1338.00,1479.00,1581.00,1698.00,1833.00,1437.00,1536.00,1665.00,1296.00,1413.00,1584.00,1815.00,1902.00,2040.00,2082.00,2082.00,2082.00,2082.00
VA298,1143.00,1143.00,1143.00,1143.00,1272.00,1350.00,1431.00,1563.00,1629.00,1392.00,1560.00,1638.00,1749.00,1797.00,1518.00,1614.00,1737.00,1335.00,1488.00,1659.00,1791.00,1821.00,1869.00,1905.00,1905.00,1905.00,1905.00
VA300,861.00,861.00,861.00,861.00,1020.00,1104.00,1134.00,1185.00,1212.00,1119.00,1182.00,1215.00,1278.00,1350.00,1164.00,1206.00,1260.00,1098.00,1152.00,1224.00,1341.00,1422.00,1464.00,1491.00,1491.00,1491.00,1491.00
VA301,1005.00,1005.00,1005.00,1005.00,1140.00,1215.00,1257.00,1320.00,1350.00,1236.00,1317.00,1353.00,1413.00,1458.00,1299.00,1344.00,1401.00,1209.00,1284.00,1362.00,1452.00,1482.00,1530.00,1560.00,1560.00,1560.00,1560.00
VA302,1311.00,1311.00,1311.00,1311.00,1473.00,1731.00,1767.00,1959.00,2094.00,1734.00,1956.00,2106.00,2319.00,2370.00,1872.00,2064.00,2307.00,1551.00,1818.00,2151.00,2361.00,2394.00,2445.00,2493.00,2493.00,2493.00,2493.00
VA303,810.00,810.00,810.00,810.00,888.00,942.00,1026.00,1134.00,1164.00,987.00,1131.00,1167.00,1218.00,1254.00,1113.00,1155.00,1209.00,927.00,1083.00,1176.00,1248.00,1344.00,1359.00,1371.00,1371.00,1371.00,1371.00
VA362,714.00,714.00,714.00,714.00,792.00,876.00,948.00,1080.00,1116.00,897.00,1077.00,1119.00,1188.00,1278.00,1056.00,1104.00,1167.00,825.00,1017.00,1128.00,1272.00,1425.00,1437.00,1452.00,1452.00,1452.00,1452.00
VA368,1011.00,1011.00,1011.00,1011.00,1086.00,1290.00,1335.00,1437.00,1548.00,1293.00,1434.00,1557.00,1734.00,1794.00,1368.00,1521.00,1719.00,1125.00,1338.00,1593.00,1785.00,1821.00,1881.00,1920.00,1920.00,1920.00,1920.00
VT305,1248.00,1248.00,1248.00,1248.00,1413.00,1530.00,1671.00,1842.00,1875.00,1605.00,1839.00,1878.00,1935.00,1962.00,1818.00,1866.00,1929.00,1509.00,1764.00,1887.00,1959.00,2115.00,2136.00,2157.00,2157.00,2157.00,2157.00
WA306,1032.00,1032.00,1032.00,1032.00,1077.00,1116.00,1230.00,1362.00,1377.00,1176.00,1359.00,1380.00,1434.00,1548.00,1347.00,1374.00,1407.00,1098.00,1305.00,1386.00,1533.00,1605.00,1722.00,1755.00,1755.00,1755.00,1755.00
WA307,1038.00,1038.00,1038.00,1038.00,1179.00,1266.00,1374.00,1509.00,1545.00,1323.00,1506.00,1548.00,1626.00,1710.00,1482.00,1536.00,1605.00,1251.00,1443.00,1563.00,1698.00,1752.00,1839.00,1875.00,1875.00,1875.00,1875.00
WA308,774.00,774.00,774.00,774.00,873.00,933.00,1041.00,1182.00,1203.00,984.00,1179.00,1206.00,1269.00,1380.00,1164.00,1197.00,1242.00,903.00,1119.00,1215.00,1365.00,1434.00,1548.00,1581.00,1581.00,1581.00,1581.00
WA309,1140.00,1140.00,1140.00,1140.00,1272.00,1449.00,1560.00,1725.00,1824.00,1461.00,1722.00,1827.00,1968.00,2118.00,1671.00,1785.00,1932.00,1365.00,1620.00,1839.00,2097.00,2193.00,2349.00,2394.00,2394.00,2394.00,2394.00
WA310,777.00,777.00,777.00,777.00,861.00,915.00,996.00,1086.00,1104.00,957.00,1083.00,1107.00,1131.00,1254.00,1077.00,1089.00,1119.00,903.00,1047.00,1110.00,1239.00,1317.00,1443.00,1473.00,1473.00,1473.00,1473.00
WA311,960.00,960.00,960.00,960.00,1086.00,1185.00,1290.00,1476.00,1515.00,1218.00,1473.00,1518.00,1593.00,1659.00,1446.00,1506.00,1578.00,1113.00,1389.00,1530.00,1650.00,1692.00,1758.00,1791.00,1791.00,1791.00,1791.00
WA312,831.00,831.00,831.00,831.00,903.00,972.00,1059.00,1188.00,1248.00,1008.00,1185.00,1251.00,1323.00,1440.00,1161.00,1218.00,1296.00,939.00,1122.00,1254.00,1425.00,1500.00,1620.00,1653.00,1653.00,1653.00,1653.00
WA313,840.00,840.00,840.00,840.00,966.00,1056.00,1125.00,1224.00,1257.00,1092.00,1221.00,1260.00,1338.00,1440.00,1200.00,1248.00,1311.00,1044.00,1173.00,1272.00,1425.00,1491.00,1599.00,1629.00,1629.00,1629.00,1629.00
WA315,615.00,615.00,615.00,615.00,714.00,774.00,831.00,903.00,954.00,798.00,900.00,957.00,1053.00,1128.00,867.00,942.00,1032.00,768.00,852.00,975.00,1119.00,1167.00,1245.00,1269.00,1269.00,1269.00,1269.00
WI316,993.00,993.00,993.00,993.00,1125.00,1269.00,1311.00,1467.00,1554.00,1272.00,1464.00,1563.00,1704.00,1761.00,1410.00,1533.00,1689.00,1188.00,1374.00,1590.00,1752.00,1902.00,1920.00,1941.00,1941.00,1941.00,1941.00
WI317,1035.00,1035.00,1035.00,1035.00,1155.00,1239.00,1389.00,1548.00,1557.00,1317.00,1545.00,1560.00,1575.00,1590.00,1539.00,1554.00,1572.00,1218.00,1485.00,1563.00,1587.00,1764.00,1782.00,1800.00,1800.00,1800.00,1800.00
WI318,744.00,744.00,744.00,744.00,825.00,1026.00,1053.00,1146.00,1230.00,1029.00,1143.00,1239.00,1377.00,1413.00,1089.00,1212.00,1365.00,891.00,1056.00,1266.00,1407.00,1434.00,1473.00,1500.00,1500.00,1500.00,1500.00
WI319,630.00,630.00,630.00,630.00,747.00,825.00,840.00,894.00,972.00,828.00,891.00,981.00,1104.00,1125.00,846.00,954.00,1098.00,807.00,843.00,1005.00,1122.00,1137.00,1161.00,1182.00,1182.00,1182.00,1182.00
WI358,657.00,657.00,657.00,657.00,747.00,846.00,894.00,951.00,1005.00,849.00,924.00,1011.00,1143.00,1212.00,906.00,987.00,1125.00,792.00,897.00,1038.00,1200.00,1245.00,1314.00,1341.00,1341.00,1341.00,1341.00
WI359,624.00,624.00,624.00,624.00,696.00,813.00,852.00,897.00,963.00,816.00,885.00,972.00,1098.00,1152.00,861.00,948.00,1083.00,732.00,855.00,996.00,1143.00,1179.00,1233.00,1257.00,1257.00,1257.00,1257.00
WI412,600.00,600.00,600.00,600.00,690.00,783.00,816.00,879.00,942.00,786.00,876.00,948.00,1056.00,1098.00,837.00,927.00,1044.00,732.00,819.00,969.00,1092.00,1128.00,1164.00,1188.00,1188.00,1188.00,1188.00
WI453,717.00,717.00,717.00,717.00,831.00,921.00,957.00,1020.00,1053.00,939.00,1017.00,1056.00,1125.00,1203.00,996.00,1044.00,1107.00,915.00,981.00,1068.00,1191.00,1242.00,1320.00,1347.00,1347.00,1347.00,1347.00
WV320,831.00,831.00,831.00,831.00,915.00,1080.00,1164.00,1254.00,1383.00,1083.00,1224.00,1386.00,1467.00,1581.00,1182.00,1296.00,1440.00,957.00,1167.00,1389.00,1566.00,1752.00,1770.00,1785.00,1785.00,1785.00,1785.00
WV322,783.00,783.00,783.00,783.00,933.00,1011.00,1017.00,1071.00,1146.00,1014.00,1068.00,1152.00,1269.00,1290.00,1023.00,1128.00,1263.00,1008.00,1020.00,1176.00,1287.00,1299.00,1320.00,1347.00,1347.00,1347.00,1347.00
WV323,735.00,735.00,735.00,735.00,846.00,903.00,924.00,987.00,1119.00,915.00,963.00,1122.00,1158.00,1281.00,945.00,1038.00,1155.00,900.00,939.00,1125.00,1278.00,1437.00,1452.00,1467.00,1467.00,1467.00,1467.00
WV360,756.00,756.00,756.00,756.00,867.00,927.00,966.00,1041.00,1086.00,948.00,1038.00,1089.00,1179.00,1257.00,1008.00,1074.00,1158.00,921.00,993.00,1104.00,1245.00,1296.00,1377.00,1404.00,1404.00,1404.00,1404.00
WV454,807.00,807.00,807.00,807.00,924.00,1020.00,1080.00,1194.00,1260.00,1044.00,1191.00,1266.00,1377.00,1440.00,1152.00,1245.00,1359.00,996.00,1125.00,1284.00,1431.00,1473.00,1536.00,1569.00,1569.00,1569.00,1569.00
WV455,690.00,690.00,690.00,690.00,783.00,1023.00,1056.00,1092.00,1188.00,1026.00,1074.00,1200.00,1374.00,1419.00,1062.00,1164.00,1362.00,834.00,1059.00,1236.00,1413.00,1440.00,1485.00,1515.00,1515.00,1515.00,1515.00
WV456,594.00,594.00,594.00,594.00,699.00,768.00,792.00,846.00,885.00,780.00,843.00,888.00,966.00,1032.00,819.00,876.00,948.00,762.00,810.00,903.00,1023.00,1068.00,1137.00,1158.00,1158.00,1158.00,1158.00
WY324,726.00,726.00,726.00,726.00,834.00,1071.00,1092.00,1176.00,1272.00,1074.00,1170.00,1284.00,1434.00,1461.00,1110.00,1251.00,1428.00,858.00,1095.00,1314.00,1458.00,1473.00,1500.00,1530.00,1530.00,1530.00,1530.00
ZZ510,588.00,588.00,588.00,588.00,672.00,735.00,783.00,873.00,912.00,753.00,870.00,915.00,990.00,1041.00,843.00,903.00,978.00,714.00,822.00,930.00,1035.00,1065.00,1119.00,1140.00,1140.00,1140.00,1140.00
ZZ520,600.00,600.00,600.00,600.00,684.00,747.00,798.00,888.00,930.00,768.00,885.00,933.00,1008.00,1059.00,858.00,918.00,996.00,726.00,837.00,948.00,1053.00,1086.00,1140.00,1161.00,1161.00,1161.00,1161.00
ZZ530,612.00,612.00,612.00,612.00,699.00,762.00,813.00,906.00,948.00,783.00,903.00,951.00,1029.00,1080.00,876.00,936.00,1014.00,741.00,852.00,966.00,1074.00,1107.00,1161.00,1185.00,1185.00,1185.00,1185.00
ZZ540,624.00,624.00,624.00,624.00,711.00,777.00,828.00,921.00,963.00,798.00,918.00,969.00,1047.00,1101.00,891.00,954.00,1035.00,753.00,870.00,984.00,1092.00,1128.00,1182.00,1206.00,1206.00,1206.00,1206.00
ZZ550,633.00,633.00,633.00,633.00,723.00,789.00,843.00,939.00,981.00,810.00,936.00,987.00,1065.00,1119.00,909.00,972.00,1053.00,768.00,885.00,999.00,1113.00,1146.00,1203.00,1227.00,1227.00,1227.00,1227.00
ZZ560,645.00,645.00,645.00,645.00,738.00,804.00,858.00,954.00,999.00,825.00,951.00,1002.00,1086.00,1140.00,924.00,990.00,1071.00,783.00,900.00,1017.00,1131.00,1167.00,1224.00,1248.00,1248.00,1248.00,1248.00
ZZ570,657.00,657.00,657.00,657.00,750.00,816.00,873.00,972.00,1017.00,840.00,969.00,1020.00,1104.00,1161.00,942.00,1005.00,1089.00,795.00,915.00,1035.00,1152.00,1188.00,1245.00,1272.00,1272.00,1272.00,1272.00
ZZ580,669.00,669.00,669.00,669.00,762.00,831.00,888.00,990.00,1035.00,855.00,987.00,1038.00,1122.00,1179.00,957.00,1023.00,1107.00,810.00,933.00,1053.00,1173.00,1209.00,1266.00,1293.00,1293.00,1293.00,1293.00
ZZ590,681.00,681.00,681.00,681.00,777.00,846.00,903.00,1005.00,1053.00,870.00,1002.00,1056.00,1140.00,1200.00,972.00,1041.00,1128.00,825.00,948.00,1071.00,1191.00,1227.00,1287.00,1314.00,1314.00,1314.00,1314.00
ZZ600,690.00,690.00,690.00,690.00,789.00,858.00,918.00,1023.00,1068.00,885.00,1020.00,1074.00,1161.00,1218.00,990.00,1059.00,1146.00,837.00,963.00,1089.00,1212.00,1248.00,1311.00,1335.00,1335.00,1335.00,1335.00
ZZ610,702.00,702.00,702.00,702.00,804.00,873.00,933.00,1038.00,1086.00,900.00,1035.00,1092.00,1179.00,1239.00,1005.00,1077.00,1164.00,852.00,981.00,1107.00,1230.00,1269.00,1332.00,1359.00,1359.00,1359.00,1359.00
ZZ620,714.00,714.00,714.00,714.00,816.00,888.00,948.00,1056.00,1104.00,915.00,1053.00,1110.00,1197.00,1260.00,1023.00,1092.00,1182.00,867.00,996.00,1125.00,1251.00,1290.00,1353.00,1380.00,1380.00,1380.00,1380.00
ZZ630,726.00,726.00,726.00,726.00,828.00,900.00,963.00,1071.00,1122.00,927.00,1068.00,1125.00,1218.00,1278.00,1038.00,1110.00,1200.00,879.00,1011.00,1143.00,1269.00,1311.00,1374.00,1401.00,1401.00,1401.00,1401.00
ZZ640,738.00,738.00,738.00,738.00,843.00,915.00,978.00,1089.00,1140.00,942.00,1086.00,1143.00,1236.00,1299.00,1056.00,1128.00,1221.00,894.00,1026.00,1161.00,1290.00,1329.00,1395.00,1422.00,1422.00,1422.00,1422.00
ZZ650,750.00,750.00,750.00,750.00,855.00,930.00,993.00,1107.00,1158.00,957.00,1104.00,1161.00,1254.00,1320.00,1071.00,1146.00,1239.00,906.00,1044.00,1179.00,1311.00,1350.00,1416.00,1443.00,1443.00,1443.00,1443.00
ZZ660,759.00,759.00,759.00,759.00,867.00,942.00,1008.00,1122.00,1173.00,972.00,1119.00,1179.00,1272.00,1338.00,1086.00,1161.00,1257.00,921.00,1059.00,1197.00,1329.00,1371.00,1437.00,1467.00,1467.00,1467.00,1467.00
ZZ670,771.00,771.00,771.00,771.00,882.00,957.00,1026.00,1140.00,1191.00,987.00,1137.00,1197.00,1293.00,1359.00,1104.00,1179.00,1275.00,936.00,1074.00,1215.00,1350.00,1392.00,1458.00,1488.00,1488.00,1488.00,1488.00
ZZ680,783.00,783.00,783.00,783.00,894.00,972.00,1041.00,1155.00,1209.00,1002.00,1152.00,1215.00,1311.00,1377.00,1119.00,1197.00,1296.00,948.00,1092.00,1233.00,1368.00,1413.00,1479.00,1509.00,1509.00,1509.00,1509.00
ZZ690,795.00,795.00,795.00,795.00,906.00,984.00,1056.00,1173.00,1227.00,1017.00,1170.00,1233.00,1329.00,1398.00,1137.00,1215.00,1314.00,963.00,1107.00,1248.00,1389.00,1431.00,1500.00,1530.00,1530.00,1530.00,1530.00
ZZ700,807.00,807.00,807.00,807.00,921.00,999.00,1071.00,1188.00,1245.00,1032.00,1185.00,1248.00,1350.00,1419.00,1152.00,1230.00,1332.00,978.00,1122.00,1266.00,1407.00,1452.00,1524.00,1554.00,1554.00,1554.00,1554.00
ZZ710,816.00,816.00,816.00,816.00,933.00,1014.00,1086.00,1206.00,1263.00,1047.00,1203.00,1266.00,1368.00,1437.00,1170.00,1248.00,1350.00,990.00,1140.00,1284.00,1428.00,1473.00,1545.00,1575.00,1575.00,1575.00,1575.00
ZZ720,828.00,828.00,828.00,828.00,948.00,1026.00,1101.00,1224.00,1278.00,1062.00,1221.00,1284.00,1386.00,1458.00,1185.00,1266.00,1368.00,1005.00,1155.00,1302.00,1446.00,1491.00,1566.00,1596.00,1596.00,1596.00,1596.00
ZZ730,840.00,840.00,840.00,840.00,960.00,1041.00,1116.00,1239.00,1296.00,1074.00,1236.00,1302.00,1407.00,1479.00,1200.00,1284.00,1389.00,1017.00,1170.00,1320.00,1467.00,1512.00,1587.00,1620.00,1620.00,1620.00,1620.00
ZZ740,852.00,852.00,852.00,852.00,972.00,1056.00,1131.00,1257.00,1314.00,1089.00,1254.00,1320.00,1425.00,1497.00,1218.00,1302.00,1407.00,1032.00,1185.00,1338.00,1488.00,1533.00,1608.00,1641.00,1641.00,1641.00,1641.00
ZZ750,864.00,864.00,864.00,864.00,987.00,1068.00,1146.00,1272.00,1332.00,1104.00,1269.00,1338.00,1443.00,1518.00,1233.00,1317.00,1425.00,1047.00,1203.00,1356.00,1506.00,1554.00,1629.00,1662.00,1662.00,1662.00,1662.00
ZZ760,873.00,873.00,873.00,873.00,999.00,1083.00,1161.00,1290.00,1350.00,1119.00,1287.00,1356.00,1464.00,1536.00,1251.00,1335.00,1443.00,1059.00,1218.00,1374.00,1527.00,1575.00,1650.00,1683.00,1683.00,1683.00,1683.00
ZZ770,885.00,885.00,885.00,885.00,1011.00,1098.00,1176.00,1305.00,1365.00,1134.00,1302.00,1371.00,1482.00,1557.00,1266.00,1353.00,1464.00,1074.00,1233.00,1392.00,1548.00,1596.00,1671.00,1704.00,1704.00,1704.00,1704.00
ZZ780,897.00,897.00,897.00,897.00,1026.00,1110.00,1191.00,1323.00,1383.00,1149.00,1320.00,1389.00,1500.00,1575.00,1284.00,1371.00,1482.00,1089.00,1251.00,1410.00,1566.00,1614.00,1692.00,1728.00,1728.00,1728.00,1728.00
ZZ790,909.00,909.00,909.00,909.00,1038.00,1125.00,1206.00,1341.00,1401.00,1164.00,1338.00,1407.00,1518.00,1596.00,1299.00,1386.00,1500.00,1101.00,1266.00,1428.00,1587.00,1635.00,1713.00,1749.00,1749.00,1749.00,1749.00
ZZ800,921.00,921.00,921.00,921.00,1050.00,1140.00,1221.00,1356.00,1419.00,1179.00,1353.00,1425.00,1539.00,1617.00,1314.00,1404.00,1518.00,1116.00,1281.00,1446.00,1605.00,1656.00,1737.00,1770.00,1770.00,1770.00,1770.00
ZZ810,930.00,930.00,930.00,930.00,1065.00,1152.00,1236.00,1374.00,1437.00,1194.00,1371.00,1443.00,1557.00,1635.00,1332.00,1422.00,1536.00,1131.00,1299.00,1464.00,1626.00,1677.00,1758.00,1791.00,1791.00,1791.00,1791.00
ZZ820,942.00,942.00,942.00,942.00,1077.00,1167.00,1251.00,1392.00,1455.00,1206.00,1389.00,1461.00,1575.00,1656.00,1347.00,1440.00,1557.00,1143.00,1314.00,1482.00,1644.00,1695.00,1779.00,1815.00,1815.00,1815.00,1815.00
ZZ830,954.00,954.00,954.00,954.00,1089.00,1182.00,1266.00,1407.00,1470.00,1221.00,1404.00,1476.00,1593.00,1677.00,1365.00,1455.00,1575.00,1158.00,1329.00,1497.00,1665.00,1716.00,1800.00,1836.00,1836.00,1836.00,1836.00
ZZ840,966.00,966.00,966.00,966.00,1104.00,1194.00,1281.00,1425.00,1488.00,1236.00,1422.00,1494.00,1614.00,1695.00,1380.00,1473.00,1593.00,1170.00,1344.00,1518.00,1683.00,1737.00,1821.00,1857.00,1857.00,1857.00,1857.00
ZZ850,978.00,978.00,978.00,978.00,1116.00,1209.00,1296.00,1440.00,1506.00,1251.00,1437.00,1512.00,1632.00,1716.00,1398.00,1491.00,1611.00,1185.00,1362.00,1536.00,1704.00,1758.00,1842.00,1878.00,1878.00,1878.00,1878.00
ZZ860,987.00,987.00,987.00,987.00,1128.00,1224.00,1311.00,1458.00,1524.00,1266.00,1455.00,1530.00,1650.00,1734.00,1413.00,1509.00,1629.00,1200.00,1377.00,1551.00,1725.00,1776.00,1863.00,1902.00,1902.00,1902.00,1902.00
ZZ870,999.00,999.00,999.00,999.00,1143.00,1236.00,1326.00,1473.00,1542.00,1281.00,1470.00,1548.00,1671.00,1755.00,1428.00,1527.00,1650.00,1212.00,1392.00,1569.00,1743.00,1797.00,1884.00,1923.00,1923.00,1923.00,1923.00
ZZ880,1011.00,1011.00,1011.00,1011.00,1155.00,1251.00,1344.00,1491.00,1560.00,1296.00,1488.00,1566.00,1689.00,1776.00,1446.00,1545.00,1668.00,1227.00,1410.00,1587.00,1764.00,1818.00,1905.00,1944.00,1944.00,1944.00,1944.00
ZZ890,1023.00,1023.00,1023.00,1023.00,1170.00,1266.00,1359.00,1509.00,1575.00,1311.00,1506.00,1584.00,1707.00,1794.00,1461.00,1560.00,1686.00,1242.00,1425.00,1605.00,1782.00,1839.00,1926.00,1965.00,1965.00,1965.00,1965.00
