AK400,711.00,711.00,711.00,711.00,828.00,900.00,1008.00,1173.00,1263.00,956.00,1172.00,1272.00,1413.00,1435.00,1115.00,1243.00,1407.00,884.00,1076.00,1302.00,1432.00,1447.00,1471.00,1500.00
AK401,735.00,735.00,735.00,735.00,819.00,879.00,1010.00,1171.00,1220.00,947.00,1171.00,1224.00,1303.00,1363.00,1140.00,1209.00,1297.00,859.00,1092.00,1241.00,1326.00,1353.00,1371.00,1398.00
AK402,746.00,746.00,746.00,746.00,846.00,904.00,973.00,1076.00,1132.00,940.00,1076.00,1139.00,1320.00,1375.00,1041.00,1119.00,1315.00,894.00,1016.00,1178.00,1339.00,1383.00,1478.00,1507.00
AK403,662.00,666.00,778.00,783.00,861.00,917.00,992.00,1129.00,1168.00,967.00,1109.00,1173.00,1328.00,1408.00,1073.00,1155.00,1260.00,898.00,1043.00,1218.00,1354.00,1410.00,1497.00,1527.00
AK404,664.00,664.00,664.00,664.00,715.00,756.00,859.00,990.00,1036.00,809.00,990.00,1041.00,1134.00,1234.00,961.00,1026.00,1109.00,740.00,923.00,1056.00,1220.00,1287.00,1390.00,1417.00
AK405,530.00,530.00,530.00,533.00,630.00,688.00,782.00,893.00,919.00,737.00,893.00,922.00,1074.00,1148.00,876.00,913.00,982.00,674.00,842.00,1004.00,1073.00,1119.00,1210.00,1234.00
AL001,316.00,316.00,316.00,316.00,399.00,445.00,482.00,524.00,532.00,464.00,524.00,543.00,634.00,705.00,519.00,529.00,611.00,439.00,506.00,569.00,695.00,746.00,786.00,863.00
AL002,321.00,321.00,321.00,321.00,377.00,409.00,437.00,474.00,497.00,423.00,471.00,499.00,559.00,634.00,465.00,494.00,534.00,404.00,455.00,503.00,623.00,674.00,696.00,752.00
AL003,413.00,413.00,413.00,413.00,429.00,446.00,502.00,562.00,569.00,475.00,562.00,569.00,629.00,667.00,558.00,567.00,606.00,437.00,537.00,571.00,664.00,728.00,789.00,899.00
AL004,395.00,395.00,395.00,395.00,445.00,478.00,535.00,612.00,641.00,506.00,612.00,644.00,694.00,742.00,594.00,635.00,687.00,470.00,572.00,654.00,720.00,788.00,819.00,923.00
AL005,444.00,444.00,444.00,444.00,467.00,489.00,560.00,654.00,690.00,526.00,654.00,693.00,756.00,795.00,631.00,682.00,747.00,478.00,605.00,705.00,790.00,815.00,855.00,872.00
AL006,457.00,457.00,457.00,457.00,519.00,556.00,598.00,668.00,713.00,577.00,667.00,717.00,785.00,786.00,639.00,703.00,785.00,549.00,624.00,733.00,786.00,786.00,792.00,890.00
AL007,449.00,449.00,449.00,449.00,499.00,533.00,599.00,679.00,703.00,567.00,679.00,705.00,766.00,837.00,664.00,697.00,740.00,523.00,640.00,713.00,785.00,866.00,909.00,968.00
AL008,386.00,386.00,386.00,386.00,428.00,452.00,494.00,572.00,616.00,532.00,562.00,614.00,680.00,736.00,533.00,607.00,670.00,439.00,518.00,631.00,712.00,741.00,780.00,858.00
AR010,473.00,473.00,473.00,473.00,527.00,554.00,561.00,578.00,592.00,558.00,578.00,594.00,671.00,703.00,568.00,589.00,637.00,553.00,566.00,599.00,699.00,729.00,780.00,870.00
AR011,377.00,377.00,377.00,377.00,446.00,484.00,518.00,553.00,553.00,502.00,553.00,553.00,579.00,654.00,552.00,553.00,554.00,479.00,540.00,554.00,623.00,674.00,696.00,864.00
AR012,338.00,338.00,338.00,338.00,377.00,403.00,450.00,513.00,538.00,431.00,513.00,553.00,644.00,694.00,497.00,532.00,609.00,396.00,480.00,567.00,689.00,736.00,817.00,884.00
AR419,370.00,370.00,370.00,370.00,422.00,453.00,490.00,528.00,539.00,472.00,528.00,550.00,643.00,717.00,526.00,535.00,620.00,447.00,513.00,577.00,707.00,756.00,782.00,876.00
AZ013,574.00,574.00,574.00,574.00,652.00,697.00,750.00,825.00,860.00,724.00,824.00,863.00,925.00,963.00,802.00,852.00,916.00,689.00,783.00,875.00,962.00,982.00,1021.00,1042.00
AZ014,414.00,414.00,414.00,414.00,472.00,510.00,577.00,653.00,668.00,545.00,653.00,669.00,704.00,766.00,643.00,664.00,692.00,500.00,619.00,674.00,747.00,815.00,870.00,907.00
AZ015,479.00,479.00,479.00,479.00,559.00,616.00,687.00,775.00,803.00,653.00,775.00,805.00,862.00,924.00,757.00,796.00,847.00,606.00,731.00,814.00,915.00,967.00,1021.00,1041.00
AZ016,458.00,458.00,458.00,458.00,521.00,567.00,672.00,781.00,787.00,621.00,781.00,788.00,860.00,918.00,776.00,786.00,798.00,551.00,738.00,790.00,914.00,960.00,986.00,1012.00
CA018,979.00,979.00,979.00,979.00,1128.00,1218.00,1334.00,1467.00,1495.00,1278.00,1467.00,1498.00,1547.00,1576.00,1449.00,1489.00,1540.00,1201.00,1407.00,1507.00,1572.00,1592.00,1622.00,1654.00
CA019,1573.00,1573.00,1573.00,1573.00,1828.00,1968.00,2075.00,2226.00,2298.00,2023.00,2226.00,2305.00,2441.00,2562.00,2181.00,2282.00,2411.00,1952.00,2142.00,2328.00,2545.00,2626.00,2750.00,2805.00
CA021,431.00,431.00,431.00,431.00,480.00,508.00,538.00,580.00,601.00,523.00,580.00,603.00,641.00,692.00,567.00,596.00,633.00,503.00,556.00,609.00,670.00,738.00,779.00,865.00
CA022,398.00,398.00,398.00,398.00,434.00,466.00,527.00,617.00,652.00,523.00,630.00,654.00,764.00,839.00,582.00,647.00,704.00,478.00,571.00,661.00,812.00,870.00,870.00,944.00
CA023,516.00,516.00,516.00,516.00,540.00,563.00,637.00,726.00,749.00,602.00,726.00,751.00,806.00,886.00,711.00,744.00,786.00,552.00,684.00,759.00,875.00,928.00,1010.00,1030.00
CA024,713.00,713.00,713.00,713.00,793.00,839.00,886.00,964.00,1012.00,864.00,963.00,1017.00,1108.00,1183.00,933.00,1001.00,1089.00,832.00,916.00,1033.00,1173.00,1223.00,1301.00,1327.00
CA025,855.00,855.00,855.00,855.00,986.00,1059.00,1125.00,1217.00,1260.00,1093.00,1217.00,1264.00,1343.00,1408.00,1190.00,1250.00,1327.00,1049.00,1166.00,1278.00,1398.00,1442.00,1508.00,1538.00
CA026,573.00,573.00,573.00,573.00,639.00,679.00,712.00,778.00,830.00,696.00,777.00,835.00,930.00,995.00,744.00,818.00,914.00,674.00,732.00,853.00,985.00,1029.00,1095.00,1116.00
CA027,919.00,919.00,919.00,919.00,1057.00,1134.00,1198.00,1359.00,1513.00,1167.00,1358.00,1528.00,1795.00,1944.00,1262.00,1478.00,1757.00,1124.00,1239.00,1579.00,1923.00,2023.00,2177.00,2220.00
CA028,499.00,499.00,499.00,499.00,540.00,569.00,590.00,623.00,679.00,580.00,623.00,645.00,682.00,738.00,610.00,638.00,675.00,566.00,603.00,652.00,706.00,763.00,846.00,903.00
CA030,598.00,598.00,598.00,598.00,634.00,657.00,697.00,754.00,781.00,678.00,754.00,784.00,836.00,885.00,737.00,775.00,824.00,651.00,723.00,793.00,878.00,911.00,961.00,990.00
CA031,445.00,445.00,445.00,445.00,535.00,591.00,667.00,749.00,759.00,630.00,749.00,760.00,777.00,845.00,742.00,756.00,775.00,579.00,714.00,763.00,784.00,844.00,902.00,921.00
CA032,366.00,366.00,366.00,366.00,397.00,412.00,470.00,547.00,568.00,439.00,547.00,570.00,606.00,663.00,534.00,563.00,601.00,412.00,511.00,577.00,624.00,674.00,713.00,823.00
CA033,474.00,474.00,474.00,474.00,523.00,559.00,635.00,720.00,733.00,598.00,720.00,734.00,767.00,849.00,711.00,730.00,754.00,547.00,683.00,739.00,804.00,825.00,867.00,892.00
CA034,623.00,623.00,623.00,623.00,646.00,672.00,769.00,908.00,977.00,722.00,908.00,983.00,1098.00,1149.00,865.00,961.00,1085.00,657.00,829.00,1006.00,1141.00,1175.00,1228.00,1252.00
CA035,492.00,492.00,492.00,492.00,560.00,600.00,647.00,699.00,707.00,625.00,699.00,708.00,779.00,854.00,694.00,705.00,720.00,593.00,677.00,711.00,766.00,811.00,887.00,902.00
CA036,777.00,777.00,777.00,777.00,870.00,921.00,957.00,1009.00,1033.00,940.00,1008.00,1035.00,1085.00,1144.00,993.00,1027.00,1071.00,915.00,980.00,1043.00,1135.00,1174.00,1234.00,1258.00
CA037,833.00,833.00,833.00,833.00,945.00,1011.00,1087.00,1211.00,1286.00,1050.00,1210.00,1294.00,1430.00,1528.00,1163.00,1269.00,1406.00,999.00,1135.00,1319.00,1514.00,1580.00,1680.00,1713.00
CA038,706.00,706.00,706.00,706.00,808.00,869.00,947.00,1071.00,1143.00,910.00,1070.00,1150.00,1280.00,1370.00,1025.00,1127.00,1258.00,857.00,996.00,1174.00,1358.00,1418.00,1510.00,1540.00
CA039,752.00,752.00,752.00,752.00,815.00,856.00,920.00,1039.00,1127.00,889.00,1038.00,1135.00,1290.00,1389.00,984.00,1107.00,1265.00,846.00,961.00,1164.00,1375.00,1441.00,1543.00,1573.00
CA040,437.00,437.00,437.00,437.00,497.00,528.00,538.00,589.00,688.00,533.00,565.00,611.00,765.00,840.00,548.00,587.00,690.00,526.00,545.00,605.00,783.00,867.00,962.00,968.00
CA041,589.00,589.00,589.00,589.00,646.00,679.00,713.00,776.00,821.00,697.00,775.00,825.00,908.00,989.00,747.00,810.00,892.00,674.00,735.00,840.00,945.00,977.00,1027.00,1061.00
CA042,426.00,426.00,426.00,426.00,462.00,491.00,561.00,656.00,697.00,527.00,656.00,701.00,775.00,857.00,630.00,688.00,762.00,480.00,604.00,715.00,823.00,876.00,912.00,930.00
CA044,1438.00,1438.00,1438.00,1438.00,1630.00,1745.00,1893.00,2075.00,2128.00,1822.00,2074.00,2133.00,2234.00,2320.00,2041.00,2116.00,2213.00,1723.00,1987.00,2151.00,2307.00,2364.00,2452.00,2501.00
CA392,751.00,751.00,751.00,751.00,891.00,967.00,1019.00,1092.00,1126.00,994.00,1092.00,1130.00,1209.00,1319.00,1070.00,1119.00,1181.00,959.00,1051.00,1141.00,1304.00,1378.00,1491.00,1520.00
CA393,503.00,503.00,503.00,503.00,535.00,559.00,612.00,697.00,748.00,586.00,696.00,753.00,848.00,919.00,664.00,737.00,830.00,551.00,645.00,770.00,909.00,956.00,1029.00,1049.00
CA420,551.00,551.00,551.00,551.00,620.00,664.00,714.00,786.00,821.00,690.00,786.00,825.00,891.00,950.00,764.00,813.00,877.00,656.00,746.00,836.00,941.00,980.00,1040.00,1060.00
CA421,700.00,700.00,700.00,700.00,778.00,823.00,873.00,941.00,970.00,849.00,940.00,973.00,1035.00,1111.00,922.00,963.00,1016.00,815.00,904.00,982.00,1100.00,1151.00,1229.00,1253.00
CA457,598.00,598.00,598.00,598.00,634.00,657.00,697.00,754.00,781.00,678.00,754.00,784.00,836.00,885.00,737.00,775.00,824.00,651.00,723.00,793.00,878.00,911.00,961.00,993.00
CO045,557.00,557.00,557.00,557.00,641.00,696.00,788.00,925.00,998.00,744.00,924.00,1005.00,1126.00,1177.00,879.00,981.00,1113.00,682.00,845.00,1029.00,1170.00,1204.00,1257.00,1282.00
CO046,594.00,594.00,594.00,594.00,653.00,687.00,725.00,783.00,816.00,707.00,783.00,819.00,877.00,914.00,762.00,808.00,868.00,681.00,748.00,830.00,914.00,934.00,978.00,995.00
CO047,594.00,594.00,594.00,594.00,657.00,689.00,699.00,742.00,794.00,694.00,742.00,799.00,895.00,967.00,709.00,782.00,877.00,687.00,706.00,817.00,957.00,1006.00,1080.00,1101.00
CO422,784.00,784.00,784.00,784.00,864.00,906.00,930.00,981.00,1024.00,918.00,980.00,1028.00,1111.00,1184.00,953.00,1014.00,1093.00,902.00,945.00,1043.00,1174.00,1222.00,1297.00,1323.00
CT049,677.00,677.00,677.00,677.00,695.00,713.00,769.00,852.00,894.00,742.00,851.00,898.00,977.00,1044.00,825.00,884.00,960.00,704.00,804.00,911.00,1034.00,1079.00,1148.00,1171.00
CT050,685.00,685.00,685.00,685.00,804.00,866.00,893.00,931.00,949.00,880.00,931.00,951.00,1071.00,1145.00,919.00,945.00,993.00,862.00,910.00,957.00,1081.00,1138.00,1196.00,1247.00
CT051,778.00,778.00,778.00,778.00,882.00,942.00,1002.00,1080.00,1109.00,973.00,1080.00,1111.00,1169.00,1230.00,1062.00,1102.00,1154.00,933.00,1040.00,1121.00,1221.00,1262.00,1324.00,1350.00
DC053,733.00,733.00,733.00,733.00,832.00,890.00,957.00,1072.00,1148.00,925.00,1072.00,1156.00,1297.00,1407.00,1024.00,1131.00,1269.00,880.00,1000.00,1181.00,1391.00,1465.00,1578.00,1609.00
DE054,542.00,542.00,542.00,542.00,626.00,677.00,749.00,834.00,854.00,715.00,834.00,856.00,891.00,911.00,821.00,849.00,886.00,666.00,795.00,863.00,908.00,921.00,942.00,962.00
DE055,565.00,565.00,565.00,565.00,629.00,671.00,743.00,816.00,819.00,708.00,816.00,820.00,825.00,855.00,814.00,819.00,824.00,660.00,788.00,821.00,854.00,896.00,911.00,920.00
FL056,482.00,482.00,482.00,482.00,525.00,548.00,568.00,612.00,650.00,558.00,611.00,654.00,720.00,774.00,587.00,641.00,711.00,545.00,580.00,666.00,765.00,831.00,880.00,923.00
FL057,415.00,415.00,415.00,415.00,434.00,472.00,535.00,628.00,666.00,533.00,627.00,670.00,743.00,808.00,615.00,657.00,727.00,459.00,586.00,682.00,798.00,842.00,908.00,945.00
FL058,549.00,549.00,549.00,549.00,619.00,663.00,727.00,793.00,796.00,696.00,793.00,796.00,803.00,872.00,791.00,795.00,801.00,653.00,768.00,797.00,855.00,898.00,919.00,984.00
FL059,527.00,527.00,527.00,527.00,598.00,639.00,688.00,756.00,788.00,665.00,756.00,791.00,854.00,914.00,736.00,781.00,839.00,632.00,718.00,802.00,905.00,945.00,1007.00,1079.00
FL061,743.00,743.00,743.00,743.00,815.00,866.00,971.00,1120.00,1189.00,921.00,1119.00,1196.00,1312.00,1365.00,1076.00,1174.00,1299.00,850.00,1037.00,1219.00,1357.00,1393.00,1447.00,1476.00
FL062,607.00,607.00,607.00,607.00,670.00,708.00,754.00,817.00,846.00,732.00,817.00,848.00,907.00,973.00,799.00,839.00,891.00,701.00,782.00,858.00,963.00,1007.00,1074.00,1095.00
FL063,509.00,509.00,509.00,509.00,585.00,623.00,624.00,655.00,702.00,623.00,655.00,706.00,776.00,777.00,626.00,691.00,776.00,622.00,625.00,722.00,777.00,778.00,799.00,888.00
FL064,423.00,423.00,423.00,423.00,482.00,517.00,555.00,603.00,620.00,537.00,603.00,621.00,685.00,710.00,592.00,616.00,659.00,511.00,578.00,644.00,706.00,748.00,823.00,871.00
FL065,449.00,449.00,449.00,449.00,543.00,597.00,657.00,743.00,785.00,628.00,743.00,788.00,857.00,884.00,717.00,775.00,850.00,588.00,695.00,802.00,880.00,899.00,927.00,945.00
FL066,574.00,574.00,574.00,574.00,673.00,728.00,770.00,822.00,838.00,749.00,822.00,840.00,884.00,966.00,811.00,834.00,864.00,721.00,796.00,845.00,904.00,999.00,1035.00,1089.00
FL067,685.00,685.00,685.00,685.00,806.00,876.00,958.00,1082.00,1149.00,919.00,1081.00,1155.00,1275.00,1355.00,1039.00,1133.00,1255.00,864.00,1009.00,1177.00,1344.00,1397.00,1479.00,1508.00
FL068,415.00,415.00,415.00,415.00,498.00,538.00,539.00,583.00,645.00,549.00,618.00,653.00,757.00,795.00,543.00,620.00,730.00,538.00,550.00,667.00,790.00,832.00,902.00,1006.00
FL069,845.00,845.00,847.00,848.00,1086.00,1214.00,1284.00,1371.00,1397.00,1250.00,1371.00,1400.00,1533.00,1593.00,1354.00,1391.00,1489.00,1203.00,1328.00,1448.00,1584.00,1624.00,1686.00,1719.00
FL070,545.00,545.00,545.00,545.00,614.00,656.00,716.00,778.00,782.00,687.00,778.00,782.00,787.00,788.00,776.00,781.00,787.00,647.00,754.00,783.00,788.00,820.00,871.00,929.00
FL397,416.00,416.00,416.00,416.00,479.00,522.00,601.00,698.00,727.00,585.00,698.00,730.00,776.00,843.00,679.00,721.00,774.00,510.00,650.00,740.00,829.00,901.00,951.00,987.00
FL423,501.00,501.00,501.00,501.00,561.00,599.00,657.00,736.00,772.00,629.00,736.00,775.00,840.00,891.00,714.00,764.00,828.00,591.00,693.00,787.00,884.00,918.00,971.00,990.00
FL424,607.00,607.00,607.00,607.00,640.00,671.00,770.00,876.00,888.00,722.00,876.00,890.00,926.00,997.00,868.00,886.00,908.00,656.00,832.00,894.00,987.00,1035.00,1108.00,1130.00
GA071,843.00,843.00,843.00,843.00,903.00,946.00,1038.00,1147.00,1174.00,994.00,1146.00,1177.00,1218.00,1218.00,1129.00,1168.00,1218.00,932.00,1095.00,1186.00,1218.00,1219.00,1219.00,1243.00
GA072,430.00,430.00,430.00,430.00,467.00,488.00,504.00,527.00,539.00,496.00,527.00,549.00,642.00,715.00,520.00,536.00,619.00,486.00,514.00,576.00,704.00,760.00,800.00,908.00
GA073,537.00,537.00,537.00,537.00,573.00,597.00,641.00,694.00,709.00,620.00,694.00,710.00,736.00,786.00,684.00,705.00,733.00,590.00,668.00,715.00,785.00,819.00,839.00,900.00
GA074,470.00,470.00,470.00,470.00,515.00,544.00,584.00,625.00,625.00,565.00,625.00,625.00,669.00,741.00,624.00,625.00,641.00,538.00,609.00,625.00,715.00,785.00,800.00,878.00
GA075,527.00,527.00,527.00,527.00,580.00,610.00,638.00,678.00,699.00,625.00,678.00,701.00,737.00,758.00,665.00,694.00,732.00,606.00,655.00,708.00,755.00,773.00,790.00,867.00
GA076,555.00,555.00,555.00,555.00,625.00,666.00,715.00,776.00,798.00,691.00,776.00,800.00,838.00,860.00,762.00,793.00,833.00,659.00,745.00,807.00,857.00,872.00,895.00,912.00
GA077,610.00,610.00,618.00,618.00,673.00,693.00,735.00,808.00,829.00,706.00,808.00,831.00,868.00,890.00,794.00,824.00,863.00,693.00,772.00,838.00,887.00,901.00,923.00,941.00
GA078,500.00,500.00,500.00,500.00,567.00,609.00,668.00,742.00,767.00,640.00,742.00,770.00,818.00,863.00,726.00,761.00,807.00,600.00,705.00,778.00,857.00,887.00,934.00,957.00
GA079,550.00,550.00,550.00,550.00,595.00,621.00,651.00,700.00,731.00,636.00,700.00,734.00,793.00,845.00,680.00,724.00,780.00,616.00,669.00,744.00,838.00,872.00,926.00,944.00
GA080,447.00,447.00,447.00,447.00,473.00,498.00,523.00,557.00,561.00,507.00,557.00,565.00,656.00,727.00,555.00,558.00,628.00,496.00,543.00,586.00,710.00,761.00,795.00,864.00
GA081,422.00,422.00,422.00,422.00,466.00,491.00,518.00,570.00,611.00,505.00,570.00,614.00,688.00,753.00,560.00,601.00,675.00,487.00,543.00,628.00,735.00,780.00,826.00,856.00
HI408,794.00,794.00,794.00,794.00,901.00,964.00,1037.00,1158.00,1235.00,1002.00,1157.00,1243.00,1389.00,1513.00,1109.00,1218.00,1358.00,953.00,1082.00,1269.00,1495.00,1578.00,1705.00,1739.00
HI409,775.00,775.00,775.00,775.00,831.00,864.00,900.00,962.00,1003.00,882.00,961.00,1007.00,1093.00,1190.00,935.00,994.00,1069.00,858.00,922.00,1021.00,1177.00,1241.00,1341.00,1367.00
IA082,561.00,561.00,561.00,561.00,581.00,602.00,673.00,766.00,799.00,639.00,765.00,803.00,870.00,937.00,744.00,792.00,853.00,591.00,718.00,814.00,927.00,972.00,1041.00,1061.00
IA083,433.00,433.00,433.00,433.00,463.00,488.00,548.00,632.00,670.00,519.00,631.00,674.00,740.00,786.00,607.00,661.00,731.00,479.00,585.00,686.00,777.00,808.00,851.00,911.00
IA330,432.00,432.00,432.00,432.00,473.00,499.00,544.00,606.00,633.00,523.00,606.00,636.00,687.00,732.00,589.00,627.00,676.00,492.00,573.00,645.00,726.00,756.00,803.00,837.00
IA331,348.00,348.00,348.00,348.00,390.00,419.00,476.00,549.00,589.00,449.00,549.00,593.00,687.00,767.00,533.00,579.00,658.00,410.00,512.00,608.00,739.00,788.00,815.00,878.00
IA332,381.00,381.00,381.00,381.00,442.00,478.00,521.00,581.00,607.00,500.00,580.00,609.00,705.00,777.00,564.00,601.00,648.00,471.00,548.00,618.00,721.00,775.00,796.00,880.00
IA389,370.00,370.00,370.00,370.00,445.00,486.00,519.00,577.00,615.00,503.00,576.00,619.00,685.00,723.00,552.00,606.00,676.00,481.00,540.00,631.00,717.00,742.00,781.00,849.00
IA425,515.00,515.00,515.00,515.00,574.00,615.00,697.00,796.00,822.00,657.00,795.00,824.00,875.00,923.00,779.00,816.00,863.00,602.00,749.00,833.00,916.00,948.00,997.00,1022.00
ID084,473.00,473.00,473.00,473.00,528.00,560.00,599.00,641.00,659.00,580.00,641.00,672.00,735.00,792.00,638.00,644.00,720.00,554.00,624.00,684.00,776.00,807.00,854.00,897.00
ID085,366.00,366.00,366.00,366.00,417.00,446.00,482.00,566.00,628.00,504.00,569.00,632.00,730.00,798.00,523.00,591.00,684.00,441.00,509.00,635.00,776.00,801.00,804.00,863.00
ID086,423.00,423.00,423.00,423.00,471.00,496.00,510.00,544.00,613.00,504.00,530.00,598.00,699.00,777.00,524.00,545.00,644.00,494.00,519.00,579.00,742.00,789.00,811.00,855.00
ID087,299.00,299.00,303.00,307.00,364.00,400.00,444.00,515.00,538.00,445.00,515.00,540.00,626.00,701.00,465.00,533.00,589.00,395.00,468.00,547.00,671.00,711.00,720.00,825.00
ID333,308.00,308.00,312.00,324.00,385.00,426.00,525.00,643.00,674.00,486.00,643.00,677.00,728.00,797.00,623.00,667.00,724.00,411.00,587.00,688.00,767.00,829.00,860.00,889.00
ID426,342.00,342.00,342.00,342.00,389.00,424.00,450.00,487.00,520.00,437.00,487.00,531.00,581.00,634.00,479.00,517.00,575.00,420.00,468.00,557.00,623.00,674.00,696.00,788.00
IL088,443.00,443.00,443.00,443.00,492.00,530.00,552.00,600.00,626.00,540.00,600.00,628.00,683.00,748.00,584.00,620.00,676.00,527.00,572.00,637.00,705.00,777.00,829.00,914.00
IL089,411.00,411.00,411.00,411.00,460.00,493.00,548.00,618.00,642.00,521.00,618.00,644.00,689.00,727.00,603.00,637.00,680.00,484.00,583.00,652.00,722.00,790.00,841.00,866.00
IL090,432.00,432.00,432.00,432.00,469.00,493.00,534.00,588.00,616.00,516.00,588.00,642.00,754.00,830.00,574.00,604.00,706.00,487.00,559.00,650.00,804.00,894.00,963.00,992.00
IL092,782.00,782.00,782.00,782.00,874.00,931.00,1009.00,1100.00,1121.00,972.00,1100.00,1123.00,1172.00,1246.00,1087.00,1116.00,1154.00,919.00,1058.00,1130.00,1235.00,1284.00,1360.00,1387.00
IL093,436.00,436.00,436.00,436.00,499.00,533.00,556.00,610.00,655.00,545.00,610.00,660.00,741.00,787.00,606.00,645.00,729.00,529.00,581.00,675.00,781.00,839.00,884.00,919.00
IL325,824.00,824.00,824.00,824.00,977.00,1057.00,1097.00,1158.00,1191.00,1078.00,1158.00,1195.00,1253.00,1288.00,1137.00,1184.00,1244.00,1051.00,1123.00,1206.00,1283.00,1307.00,1343.00,1369.00
IL335,385.00,385.00,385.00,385.00,441.00,476.00,529.00,588.00,598.00,504.00,588.00,613.00,710.00,771.00,583.00,593.00,682.00,468.00,563.00,632.00,763.00,795.00,838.00,948.00
IL366,461.00,461.00,461.00,461.00,546.00,601.00,680.00,776.00,803.00,642.00,776.00,805.00,859.00,917.00,759.00,797.00,845.00,589.00,730.00,814.00,909.00,947.00,1006.00,1026.00
IL427,383.00,383.00,383.00,383.00,429.00,461.00,524.00,609.00,644.00,499.00,608.00,647.00,744.00,815.00,586.00,636.00,700.00,451.00,563.00,659.00,766.00,821.00,852.00,896.00
IN094,488.00,488.00,488.00,488.00,558.00,602.00,670.00,743.00,751.00,637.00,743.00,752.00,776.00,824.00,737.00,749.00,764.00,592.00,712.00,754.00,817.00,849.00,899.00,926.00
IN096,468.00,468.00,468.00,468.00,552.00,596.00,614.00,634.00,637.00,605.00,634.00,638.00,749.00,826.00,631.00,636.00,700.00,593.00,625.00,641.00,778.00,854.00,872.00,877.00
IN097,390.00,390.00,390.00,390.00,444.00,477.00,522.00,607.00,663.00,543.00,612.00,669.00,716.00,785.00,566.00,638.00,714.00,470.00,552.00,680.00,775.00,843.00,862.00,911.00
IN099,460.00,460.00,460.00,460.00,520.00,559.00,626.00,706.00,725.00,594.00,705.00,727.00,761.00,785.00,693.00,721.00,756.00,549.00,669.00,733.00,778.00,824.00,865.00,970.00
IN337,381.00,381.00,381.00,381.00,446.00,486.00,538.00,613.00,648.00,520.00,612.00,651.00,711.00,770.00,590.00,640.00,704.00,478.00,571.00,663.00,736.00,772.00,875.00,944.00
IN338,367.00,367.00,367.00,367.00,417.00,446.00,480.00,525.00,543.00,464.00,525.00,545.00,645.00,690.00,513.00,539.00,613.00,441.00,501.00,567.00,685.00,724.00,790.00,858.00
IN367,493.00,493.00,493.00,493.00,542.00,568.00,585.00,622.00,643.00,577.00,622.00,658.00,730.00,805.00,609.00,638.00,694.00,565.00,598.00,653.00,760.00,854.00,870.00,910.00
IN399,449.00,449.00,449.00,449.00,499.00,531.00,581.00,652.00,685.00,557.00,651.00,689.00,761.00,833.00,630.00,678.00,739.00,523.00,612.00,700.00,804.00,845.00,903.00,921.00
KS100,352.00,352.00,352.00,352.00,414.00,450.00,487.00,540.00,565.00,469.00,540.00,587.00,656.00,728.00,524.00,559.00,617.00,444.00,511.00,580.00,701.00,754.00,789.00,873.00
KS101,440.00,440.00,440.00,440.00,480.00,510.00,580.00,666.00,693.00,546.00,666.00,696.00,752.00,818.00,649.00,687.00,736.00,499.00,623.00,705.00,809.00,853.00,920.00,938.00
KS102,446.00,446.00,446.00,446.00,510.00,548.00,592.00,663.00,705.00,571.00,663.00,709.00,782.00,821.00,636.00,696.00,772.00,541.00,620.00,723.00,816.00,842.00,883.00,900.00
KS104,436.00,436.00,436.00,436.00,499.00,535.00,576.00,647.00,696.00,556.00,647.00,705.00,795.00,869.00,616.00,685.00,773.00,529.00,601.00,717.00,823.00,864.00,900.00,945.00
KS105,442.00,442.00,442.00,442.00,468.00,490.00,555.00,636.00,663.00,524.00,636.00,665.00,712.00,740.00,619.00,657.00,705.00,480.00,595.00,674.00,736.00,754.00,783.00,864.00
KS334,349.00,349.00,349.00,349.00,397.00,425.00,455.00,514.00,546.00,446.00,505.00,565.00,639.00,685.00,485.00,529.00,605.00,420.00,474.00,566.00,674.00,694.00,723.00,851.00
KY106,381.00,381.00,381.00,381.00,428.00,457.00,475.00,509.00,556.00,485.00,509.00,547.00,640.00,666.00,498.00,529.00,606.00,454.00,487.00,566.00,662.00,701.00,769.00,866.00
KY107,416.00,416.00,416.00,416.00,473.00,511.00,580.00,662.00,684.00,546.00,662.00,686.00,777.00,854.00,648.00,679.00,720.00,500.00,623.00,693.00,815.00,876.00,895.00,919.00
KY109,474.00,474.00,474.00,474.00,528.00,562.00,616.00,690.00,720.00,590.00,689.00,723.00,782.00,833.00,670.00,713.00,769.00,554.00,650.00,733.00,826.00,860.00,913.00,932.00
KY110,280.00,280.00,296.00,301.00,354.00,398.00,434.00,484.00,515.00,417.00,484.00,515.00,562.00,634.00,468.00,511.00,549.00,393.00,455.00,520.00,623.00,674.00,696.00,752.00
KY112,319.00,319.00,319.00,319.00,383.00,422.00,475.00,543.00,567.00,449.00,542.00,569.00,611.00,636.00,527.00,561.00,605.00,414.00,508.00,577.00,633.00,674.00,696.00,805.00
KY339,342.00,342.00,342.00,342.00,383.00,411.00,464.00,536.00,566.00,445.00,536.00,569.00,662.00,733.00,517.00,559.00,622.00,403.00,498.00,581.00,707.00,758.00,791.00,874.00
KY429,408.00,408.00,408.00,408.00,434.00,453.00,489.00,535.00,551.00,472.00,535.00,552.00,633.00,703.00,525.00,547.00,610.00,447.00,512.00,568.00,695.00,755.00,805.00,890.00
KY430,374.00,374.00,374.00,374.00,417.00,443.00,481.00,519.00,543.00,463.00,519.00,553.00,638.00,706.00,518.00,539.00,617.00,437.00,504.00,578.00,696.00,739.00,781.00,873.00
LA113,364.00,364.00,364.00,364.00,394.00,416.00,472.00,545.00,574.00,445.00,545.00,577.00,634.00,706.00,526.00,568.00,621.00,408.00,506.00,587.00,696.00,749.00,787.00,865.00
LA114,498.00,498.00,498.00,498.00,563.00,597.00,619.00,647.00,657.00,609.00,647.00,658.00,698.00,762.00,640.00,654.00,673.00,594.00,632.00,661.00,752.00,806.00,872.00,949.00
LA115,306.00,306.00,306.00,310.00,357.00,386.00,419.00,479.00,516.00,409.00,475.00,526.00,559.00,634.00,450.00,513.00,538.00,391.00,452.00,529.00,623.00,674.00,743.00,852.00
LA116,478.00,478.00,478.00,478.00,551.00,588.00,602.00,657.00,722.00,595.00,656.00,728.00,843.00,913.00,615.00,707.00,826.00,586.00,610.00,750.00,903.00,950.00,1021.00,1041.00
LA117,455.00,455.00,455.00,455.00,506.00,541.00,604.00,679.00,698.00,574.00,679.00,699.00,741.00,797.00,667.00,693.00,727.00,531.00,644.00,705.00,789.00,827.00,885.00,929.00
LA118,436.00,436.00,436.00,436.00,494.00,527.00,561.00,629.00,684.00,545.00,629.00,689.00,778.00,810.00,607.00,671.00,770.00,522.00,589.00,707.00,806.00,827.00,862.00,919.00
LA326,405.00,405.00,405.00,405.00,441.00,473.00,509.00,576.00,625.00,492.00,576.00,630.00,703.00,723.00,545.00,614.00,703.00,467.00,532.00,646.00,713.00,763.00,793.00,878.00
LA370,428.00,428.00,428.00,428.00,479.00,510.00,545.00,596.00,621.00,528.00,596.00,625.00,723.00,752.00,580.00,615.00,681.00,504.00,567.00,639.00,749.00,823.00,904.00,933.00
LA371,393.00,393.00,393.00,393.00,432.00,458.00,501.00,558.00,588.00,498.00,558.00,603.00,647.00,720.00,543.00,576.00,639.00,451.00,527.00,613.00,683.00,729.00,799.00,858.00
MA119,763.00,763.00,763.00,763.00,865.00,926.00,996.00,1066.00,1068.00,962.00,1066.00,1068.00,1094.00,1188.00,1065.00,1068.00,1071.00,915.00,1039.00,1069.00,1175.00,1238.00,1334.00,1360.00
MA120,1069.00,1069.00,1069.00,1069.00,1279.00,1405.00,1564.00,1726.00,1732.00,1487.00,1726.00,1732.00,1773.00,1898.00,1722.00,1730.00,1741.00,1381.00,1664.00,1734.00,1880.00,1964.00,2093.00,2134.00
MA121,763.00,763.00,763.00,763.00,865.00,926.00,996.00,1066.00,1068.00,962.00,1066.00,1068.00,1094.00,1188.00,1065.00,1068.00,1071.00,915.00,1039.00,1069.00,1175.00,1238.00,1334.00,1360.00
MA122,762.00,762.00,762.00,762.00,880.00,941.00,964.00,996.00,1011.00,953.00,996.00,1012.00,1055.00,1136.00,986.00,1007.00,1035.00,937.00,978.00,1017.00,1125.00,1179.00,1262.00,1287.00
MA123,722.00,722.00,722.00,722.00,819.00,876.00,942.00,1031.00,1068.00,910.00,1031.00,1071.00,1147.00,1235.00,1008.00,1059.00,1125.00,866.00,984.00,1083.00,1222.00,1281.00,1371.00,1398.00
MA124,905.00,905.00,905.00,905.00,1005.00,1058.00,1083.00,1132.00,1170.00,1071.00,1131.00,1174.00,1252.00,1335.00,1107.00,1161.00,1231.00,1054.00,1098.00,1186.00,1323.00,1379.00,1465.00,1494.00
MA125,789.00,789.00,789.00,789.00,853.00,901.00,1013.00,1176.00,1257.00,959.00,1175.00,1265.00,1409.00,1501.00,1124.00,1239.00,1386.00,884.00,1083.00,1292.00,1488.00,1549.00,1644.00,1676.00
MA126,557.00,557.00,557.00,557.00,659.00,718.00,783.00,866.00,893.00,752.00,865.00,896.00,955.00,1028.00,848.00,887.00,937.00,708.00,824.00,905.00,1018.00,1066.00,1141.00,1163.00
MA151,763.00,763.00,763.00,763.00,865.00,926.00,996.00,1066.00,1068.00,962.00,1066.00,1068.00,1094.00,1188.00,1065.00,1068.00,1071.00,915.00,1039.00,1069.00,1175.00,1238.00,1334.00,1360.00
MA377,840.00,840.00,840.00,840.00,957.00,1022.00,1075.00,1178.00,1259.00,1049.00,1177.00,1267.00,1417.00,1535.00,1127.00,1241.00,1387.00,1014.00,1108.00,1294.00,1518.00,1597.00,1718.00,1752.00
MA431,413.00,413.00,413.00,413.00,471.00,510.00,583.00,697.00,762.00,548.00,696.00,768.00,880.00,938.00,655.00,747.00,866.00,499.00,628.00,790.00,930.00,969.00,1028.00,1048.00
MD127,619.00,619.00,619.00,619.00,643.00,661.00,706.00,773.00,807.00,685.00,773.00,811.00,876.00,934.00,751.00,800.00,862.00,654.00,735.00,822.00,926.00,964.00,1023.00,1043.00
MD128,824.00,824.00,824.00,824.00,885.00,921.00,961.00,1034.00,1088.00,942.00,1034.00,1094.00,1202.00,1316.00,1000.00,1076.00,1174.00,915.00,986.00,1111.00,1300.00,1376.00,1493.00,1522.00
MD129,604.00,604.00,604.00,604.00,653.00,687.00,755.00,830.00,840.00,723.00,830.00,841.00,878.00,968.00,823.00,837.00,856.00,677.00,798.00,844.00,955.00,1015.00,1107.00,1129.00
MD130,650.00,650.00,650.00,650.00,675.00,699.00,775.00,876.00,918.00,738.00,876.00,921.00,990.00,1016.00,850.00,908.00,983.00,687.00,822.00,935.00,1013.00,1030.00,1058.00,1079.00
MD133,773.00,773.00,773.00,773.00,851.00,895.00,933.00,995.00,1032.00,915.00,994.00,1035.00,1156.00,1196.00,971.00,1023.00,1148.00,889.00,957.00,1049.00,1187.00,1241.00,1328.00,1354.00
MD134,756.00,756.00,756.00,756.00,838.00,877.00,878.00,890.00,907.00,878.00,889.00,909.00,956.00,1030.00,878.00,903.00,936.00,877.00,878.00,915.00,1008.00,1043.00,1066.00,1099.00
MD135,577.00,577.00,577.00,577.00,648.00,693.00,749.00,818.00,820.00,720.00,819.00,821.00,868.00,935.00,817.00,820.00,857.00,685.00,792.00,826.00,908.00,987.00,1013.00,1032.00
MD340,381.00,381.00,381.00,381.00,388.00,419.00,462.00,527.00,556.00,465.00,521.00,580.00,629.00,704.00,503.00,544.00,612.00,403.00,484.00,575.00,638.00,693.00,725.00,848.00
MD432,499.00,499.00,499.00,499.00,567.00,607.00,653.00,718.00,750.00,631.00,718.00,753.00,809.00,843.00,698.00,743.00,801.00,600.00,681.00,764.00,838.00,861.00,896.00,920.00
ME136,431.00,431.00,431.00,431.00,496.00,534.00,581.00,654.00,697.00,558.00,654.00,701.00,793.00,838.00,627.00,687.00,764.00,527.00,610.00,715.00,832.00,884.00,931.00,949.00
ME137,333.00,333.00,333.00,333.00,360.00,392.00,436.00,501.00,535.00,441.00,496.00,549.00,612.00,672.00,453.00,520.00,601.00,386.00,453.00,560.00,639.00,681.00,754.00,850.00
ME139,653.00,653.00,653.00,653.00,727.00,771.00,820.00,911.00,977.00,796.00,910.00,983.00,1096.00,1154.00,869.00,962.00,1081.00,763.00,851.00,1005.00,1146.00,1185.00,1245.00,1269.00
ME141,639.00,639.00,639.00,639.00,702.00,740.00,785.00,845.00,868.00,764.00,845.00,870.00,921.00,988.00,830.00,862.00,904.00,733.00,814.00,877.00,978.00,1023.00,1092.00,1113.00
ME390,490.00,490.00,490.00,490.00,526.00,554.00,620.00,715.00,760.00,588.00,714.00,764.00,848.00,914.00,686.00,750.00,832.00,544.00,662.00,780.00,905.00,949.00,1016.00,1036.00
MI142,541.00,541.00,541.00,541.00,582.00,619.00,736.00,882.00,930.00,679.00,882.00,934.00,1014.00,1053.00,852.00,919.00,1005.00,601.00,809.00,950.00,1048.00,1073.00,1113.00,1165.00
MI143,291.00,291.00,302.00,307.00,349.00,377.00,413.00,478.00,518.00,401.00,474.00,528.00,586.00,634.00,446.00,513.00,576.00,382.00,447.00,545.00,623.00,674.00,717.00,752.00
MI145,578.00,578.00,578.00,578.00,620.00,643.00,665.00,710.00,748.00,655.00,710.00,752.00,819.00,863.00,686.00,739.00,808.00,640.00,678.00,764.00,857.00,886.00,932.00,950.00
MI146,505.00,505.00,505.00,505.00,544.00,571.00,623.00,694.00,724.00,598.00,693.00,727.00,794.00,838.00,674.00,717.00,773.00,563.00,655.00,737.00,830.00,865.00,918.00,936.00
MI148,444.00,444.00,444.00,444.00,494.00,528.00,592.00,674.00,704.00,561.00,674.00,707.00,764.00,814.00,655.00,697.00,752.00,518.00,632.00,717.00,807.00,841.00,892.00,909.00
MI149,407.00,407.00,407.00,407.00,488.00,534.00,567.00,615.00,639.00,551.00,611.00,682.00,741.00,816.00,600.00,634.00,712.00,529.00,588.00,683.00,756.00,821.00,834.00,885.00
MI152,491.00,491.00,491.00,491.00,536.00,563.00,604.00,656.00,675.00,584.00,656.00,676.00,774.00,831.00,644.00,670.00,715.00,557.00,629.00,682.00,818.00,883.00,949.00,977.00
MI153,492.00,492.00,492.00,492.00,549.00,584.00,627.00,680.00,696.00,606.00,680.00,697.00,734.00,786.00,670.00,692.00,721.00,577.00,654.00,703.00,779.00,814.00,868.00,885.00
MI154,527.00,527.00,527.00,527.00,567.00,598.00,678.00,783.00,822.00,640.00,782.00,825.00,890.00,918.00,758.00,813.00,883.00,586.00,729.00,838.00,914.00,933.00,963.00,982.00
MI155,643.00,643.00,643.00,643.00,729.00,783.00,866.00,987.00,1049.00,826.00,986.00,1055.00,1172.00,1270.00,947.00,1035.00,1148.00,771.00,917.00,1076.00,1256.00,1322.00,1422.00,1450.00
MI156,407.00,407.00,407.00,407.00,466.00,502.00,548.00,609.00,632.00,526.00,609.00,636.00,684.00,759.00,594.00,627.00,675.00,495.00,577.00,642.00,723.00,794.00,816.00,816.00
MI157,339.00,339.00,339.00,339.00,379.00,403.00,438.00,485.00,523.00,421.00,483.00,534.00,610.00,641.00,472.00,519.00,601.00,398.00,460.00,560.00,637.00,674.00,696.00,774.00
MI391,465.00,465.00,465.00,465.00,517.00,549.00,595.00,656.00,678.00,573.00,655.00,680.00,730.00,796.00,641.00,673.00,714.00,542.00,624.00,688.00,787.00,831.00,899.00,917.00
MI434,386.00,386.00,386.00,386.00,455.00,497.00,550.00,622.00,654.00,524.00,622.00,657.00,715.00,761.00,602.00,647.00,704.00,489.00,583.00,667.00,755.00,786.00,833.00,897.00
MN158,535.00,535.00,535.00,535.00,589.00,621.00,657.00,694.00,696.00,639.00,694.00,696.00,702.00,776.00,692.00,695.00,699.00,615.00,679.00,696.00,741.00,790.00,809.00,859.00
MN159,702.00,702.00,702.00,702.00,781.00,834.00,937.00,1072.00,1124.00,887.00,1071.00,1129.00,1220.00,1268.00,1038.00,1112.00,1208.00,819.00,1001.00,1147.00,1261.00,1293.00,1345.00,1372.00
MN376,378.00,378.00,378.00,378.00,409.00,434.00,502.00,578.00,591.00,469.00,578.00,593.00,699.00,743.00,569.00,588.00,628.00,424.00,544.00,597.00,714.00,754.00,776.00,855.00
MN436,435.00,435.00,435.00,435.00,511.00,560.00,636.00,737.00,775.00,599.00,736.00,779.00,848.00,897.00,712.00,766.00,836.00,548.00,684.00,791.00,890.00,922.00,972.00,991.00
MO160,521.00,521.00,521.00,521.00,580.00,620.00,690.00,781.00,816.00,656.00,781.00,819.00,885.00,943.00,759.00,808.00,871.00,609.00,733.00,831.00,935.00,974.00,1033.00,1053.00
MO161,488.00,488.00,488.00,488.00,554.00,594.00,672.00,774.00,813.00,635.00,774.00,816.00,877.00,896.00,750.00,804.00,873.00,592.00,721.00,829.00,893.00,906.00,925.00,945.00
MO162,357.00,357.00,357.00,357.00,398.00,424.00,469.00,527.00,546.00,448.00,526.00,548.00,606.00,634.00,514.00,542.00,600.00,417.00,498.00,561.00,627.00,674.00,714.00,808.00
MO163,350.00,350.00,350.00,350.00,398.00,426.00,458.00,502.00,531.00,443.00,501.00,541.00,596.00,634.00,490.00,521.00,592.00,421.00,478.00,560.00,623.00,675.00,781.00,852.00
MO164,370.00,370.00,370.00,370.00,390.00,404.00,437.00,489.00,531.00,442.00,486.00,538.00,615.00,676.00,469.00,519.00,599.00,399.00,457.00,552.00,668.00,687.00,717.00,859.00
MO165,338.00,338.00,338.00,338.00,373.00,401.00,456.00,524.00,566.00,458.00,524.00,575.00,656.00,709.00,517.00,532.00,617.00,398.00,494.00,572.00,700.00,747.00,784.00,870.00
MO343,390.00,390.00,390.00,390.00,434.00,463.00,514.00,583.00,612.00,489.00,583.00,615.00,667.00,697.00,564.00,606.00,659.00,455.00,546.00,625.00,693.00,713.00,779.00,860.00
MO344,360.00,360.00,360.00,360.00,401.00,430.00,492.00,564.00,582.00,462.00,564.00,584.00,649.00,722.00,553.00,578.00,625.00,421.00,531.00,590.00,711.00,762.00,792.00,882.00
MS168,496.00,496.00,496.00,496.00,571.00,611.00,634.00,663.00,692.00,623.00,663.00,695.00,751.00,801.00,657.00,686.00,739.00,608.00,649.00,705.00,794.00,827.00,878.00,895.00
MS169,361.00,361.00,361.00,361.00,414.00,441.00,452.00,542.00,592.00,461.00,510.00,574.00,623.00,689.00,463.00,545.00,617.00,439.00,459.00,580.00,676.00,716.00,772.00,861.00
MS170,518.00,518.00,518.00,518.00,563.00,592.00,637.00,698.00,722.00,616.00,698.00,724.00,776.00,836.00,682.00,717.00,761.00,585.00,666.00,733.00,827.00,867.00,929.00,947.00
MS171,332.00,332.00,332.00,332.00,391.00,426.00,464.00,527.00,565.00,446.00,526.00,569.00,636.00,678.00,502.00,556.00,626.00,420.00,488.00,581.00,672.00,718.00,805.00,854.00
MS172,397.00,397.00,397.00,397.00,452.00,484.00,520.00,581.00,620.00,503.00,581.00,624.00,695.00,750.00,556.00,611.00,682.00,478.00,543.00,637.00,742.00,778.00,834.00,889.00
MS410,534.00,534.00,534.00,534.00,563.00,581.00,610.00,653.00,678.00,596.00,653.00,680.00,725.00,760.00,637.00,672.00,717.00,577.00,627.00,688.00,755.00,778.00,813.00,862.00
MS437,498.00,498.00,498.00,498.00,549.00,577.00,599.00,632.00,650.00,588.00,632.00,651.00,686.00,723.00,621.00,646.00,677.00,573.00,613.00,657.00,718.00,753.00,781.00,890.00
MS438,292.00,292.00,303.00,308.00,351.00,379.00,418.00,488.00,526.00,404.00,484.00,537.00,627.00,658.00,454.00,522.00,604.00,384.00,453.00,563.00,654.00,688.00,747.00,855.00
MT175,323.00,323.00,323.00,323.00,370.00,409.00,448.00,513.00,574.00,429.00,497.00,542.00,633.00,705.00,486.00,528.00,610.00,403.00,472.00,569.00,695.00,718.00,744.00,874.00
MT347,370.00,370.00,370.00,370.00,399.00,438.00,484.00,553.00,581.00,482.00,549.00,610.00,683.00,735.00,530.00,572.00,653.00,431.00,513.00,612.00,709.00,755.00,825.00,883.00
MT379,367.00,367.00,367.00,367.00,384.00,423.00,486.00,563.00,588.00,464.00,563.00,591.00,691.00,752.00,547.00,582.00,630.00,414.00,524.00,599.00,715.00,769.00,788.00,861.00
MT441,448.00,448.00,448.00,448.00,499.00,530.00,579.00,644.00,673.00,555.00,644.00,676.00,731.00,792.00,626.00,667.00,719.00,523.00,609.00,686.00,772.00,804.00,853.00,901.00
NC176,731.00,731.00,731.00,731.00,737.00,746.00,790.00,844.00,860.00,769.00,844.00,861.00,905.00,985.00,834.00,856.00,885.00,739.00,818.00,867.00,974.00,1027.00,1109.00,1131.00
NC177,467.00,467.00,467.00,467.00,473.00,482.00,522.00,580.00,610.00,503.00,580.00,613.00,666.00,731.00,561.00,603.00,658.00,476.00,547.00,623.00,720.00,773.00,807.00,880.00
NC178,435.00,435.00,435.00,435.00,469.00,496.00,565.00,637.00,642.00,532.00,637.00,643.00,665.00,723.00,634.00,641.00,650.00,485.00,609.00,644.00,715.00,754.00,814.00,881.00
NC179,599.00,599.00,599.00,599.00,662.00,704.00,765.00,844.00,874.00,736.00,844.00,877.00,939.00,995.00,825.00,867.00,939.00,695.00,803.00,886.00,987.00,1026.00,1087.00,1108.00
NC180,698.00,698.00,698.00,698.00,771.00,816.00,875.00,961.00,1004.00,847.00,961.00,1008.00,1073.00,1081.00,934.00,994.00,1071.00,807.00,912.00,1022.00,1080.00,1085.00,1093.00,1114.00
NC181,635.00,635.00,635.00,635.00,648.00,663.00,722.00,792.00,811.00,694.00,792.00,813.00,853.00,899.00,780.00,807.00,841.00,654.00,759.00,819.00,893.00,924.00,972.00,991.00
NC182,583.00,583.00,583.00,583.00,603.00,614.00,626.00,643.00,650.00,620.00,643.00,651.00,663.00,737.00,638.00,649.00,662.00,612.00,634.00,653.00,722.00,765.00,791.00,863.00
NC183,470.00,470.00,470.00,470.00,512.00,538.00,574.00,612.00,615.00,557.00,612.00,615.00,668.00,742.00,610.00,614.00,638.00,532.00,597.00,620.00,730.00,768.00,782.00,872.00
NC184,551.00,551.00,551.00,551.00,587.00,611.00,648.00,702.00,728.00,630.00,702.00,731.00,781.00,828.00,685.00,722.00,770.00,605.00,672.00,739.00,821.00,852.00,900.00,918.00
NC185,675.00,675.00,675.00,675.00,726.00,765.00,855.00,972.00,1015.00,811.00,971.00,1019.00,1095.00,1141.00,944.00,1005.00,1083.00,751.00,911.00,1033.00,1135.00,1166.00,1214.00,1238.00
NC186,561.00,561.00,561.00,561.00,633.00,676.00,727.00,800.00,834.00,703.00,800.00,837.00,890.00,898.00,778.00,826.00,888.00,668.00,759.00,848.00,897.00,902.00,923.00,944.00
NC187,553.00,553.00,553.00,553.00,594.00,619.00,649.00,696.00,723.00,635.00,696.00,726.00,783.00,851.00,679.00,717.00,766.00,614.00,668.00,735.00,841.00,887.00,957.00,976.00
NC372,408.00,408.00,408.00,408.00,469.00,507.00,563.00,635.00,660.00,536.00,635.00,663.00,747.00,821.00,619.00,654.00,700.00,498.00,598.00,671.00,769.00,830.00,860.00,916.00
ND188,330.00,330.00,330.00,330.00,357.00,386.00,442.00,512.00,549.00,442.00,509.00,568.00,670.00,739.00,497.00,542.00,621.00,390.00,477.00,582.00,702.00,753.00,787.00,861.00
ND189,373.00,373.00,373.00,373.00,385.00,408.00,484.00,590.00,638.00,474.00,589.00,643.00,744.00,797.00,559.00,627.00,740.00,396.00,531.00,659.00,761.00,829.00,847.00,865.00
ND190,347.00,347.00,347.00,347.00,405.00,450.00,526.00,618.00,646.00,489.00,618.00,649.00,741.00,818.00,600.00,640.00,696.00,439.00,573.00,658.00,787.00,859.00,895.00,907.00
ND191,266.00,266.00,290.00,295.00,341.00,370.00,407.00,481.00,522.00,412.00,481.00,525.00,619.00,694.00,442.00,513.00,585.00,375.00,442.00,539.00,661.00,745.00,785.00,812.00
NE192,478.00,478.00,478.00,478.00,563.00,610.00,645.00,700.00,731.00,628.00,700.00,734.00,793.00,845.00,680.00,724.00,780.00,604.00,667.00,744.00,838.00,872.00,926.00,944.00
NE193,423.00,423.00,423.00,423.00,471.00,505.00,572.00,650.00,667.00,540.00,650.00,669.00,723.00,793.00,639.00,663.00,695.00,495.00,614.00,675.00,743.00,781.00,798.00,873.00
NH194,664.00,664.00,664.00,664.00,739.00,783.00,834.00,928.00,996.00,810.00,927.00,1003.00,1130.00,1234.00,885.00,981.00,1104.00,775.00,866.00,1025.00,1219.00,1289.00,1396.00,1424.00
NH195,691.00,691.00,691.00,691.00,728.00,755.00,811.00,890.00,929.00,784.00,890.00,932.00,1016.00,1126.00,866.00,920.00,989.00,746.00,846.00,945.00,1110.00,1184.00,1296.00,1322.00
NJ196,809.00,809.00,809.00,809.00,848.00,875.00,926.00,995.00,1024.00,902.00,995.00,1026.00,1102.00,1231.00,977.00,1017.00,1069.00,867.00,958.00,1036.00,1213.00,1300.00,1433.00,1461.00
NJ198,800.00,800.00,800.00,800.00,839.00,865.00,911.00,967.00,984.00,889.00,967.00,985.00,1040.00,1158.00,956.00,980.00,1010.00,858.00,939.00,991.00,1142.00,1221.00,1343.00,1369.00
NJ200,737.00,737.00,737.00,737.00,835.00,907.00,1072.00,1261.00,1299.00,992.00,1260.00,1303.00,1391.00,1515.00,1236.00,1290.00,1360.00,882.00,1175.00,1315.00,1498.00,1581.00,1708.00,1742.00
NJ201,795.00,795.00,795.00,795.00,908.00,979.00,1083.00,1217.00,1264.00,1033.00,1217.00,1269.00,1342.00,1354.00,1187.00,1254.00,1339.00,963.00,1149.00,1284.00,1353.00,1361.00,1374.00,1401.00
NJ202,907.00,907.00,907.00,907.00,1081.00,1173.00,1224.00,1279.00,1286.00,1199.00,1279.00,1287.00,1300.00,1306.00,1274.00,1285.00,1298.00,1165.00,1256.00,1290.00,1305.00,1309.00,1315.00,1342.00
NJ203,681.00,681.00,681.00,681.00,740.00,782.00,868.00,975.00,1009.00,827.00,975.00,1013.00,1085.00,1168.00,953.00,1002.00,1064.00,769.00,922.00,1024.00,1156.00,1212.00,1297.00,1323.00
NJ204,653.00,653.00,653.00,653.00,755.00,811.00,859.00,935.00,982.00,836.00,935.00,986.00,1069.00,1124.00,906.00,971.00,1055.00,804.00,889.00,1001.00,1116.00,1152.00,1209.00,1233.00
NM205,320.00,320.00,320.00,320.00,368.00,400.00,458.00,542.00,581.00,429.00,542.00,585.00,659.00,719.00,517.00,572.00,653.00,394.00,495.00,598.00,708.00,767.00,811.00,933.00
NM206,502.00,502.00,502.00,502.00,598.00,654.00,714.00,797.00,832.00,685.00,796.00,835.00,903.00,962.00,774.00,824.00,888.00,645.00,752.00,847.00,954.00,993.00,1054.00,1075.00
NM207,288.00,288.00,297.00,302.00,351.00,381.00,449.00,499.00,553.00,415.00,477.00,534.00,613.00,657.00,450.00,517.00,601.00,386.00,451.00,558.00,651.00,674.00,696.00,873.00
NM209,467.00,467.00,467.00,467.00,520.00,556.00,627.00,700.00,703.00,593.00,700.00,704.00,716.00,755.00,697.00,702.00,709.00,545.00,671.00,705.00,739.00,774.00,834.00,876.00
NM210,609.00,609.00,609.00,609.00,721.00,779.00,800.00,844.00,882.00,790.00,844.00,885.00,964.00,1073.00,820.00,873.00,941.00,776.00,813.00,898.00,1057.00,1130.00,1242.00,1266.00
NV199,764.00,764.00,764.00,764.00,836.00,897.00,1067.00,1264.00,1306.00,985.00,1264.00,1310.00,1405.00,1534.00,1237.00,1297.00,1373.00,871.00,1174.00,1324.00,1515.00,1601.00,1733.00,1767.00
NV211,530.00,530.00,530.00,530.00,602.00,644.00,693.00,743.00,745.00,670.00,743.00,746.00,784.00,835.00,741.00,745.00,749.00,637.00,723.00,746.00,820.00,880.00,931.00,942.00
NV212,582.00,582.00,582.00,582.00,631.00,669.00,759.00,857.00,871.00,715.00,857.00,872.00,913.00,990.00,848.00,868.00,893.00,655.00,815.00,877.00,974.00,1023.00,1099.00,1121.00
NV213,556.00,556.00,556.00,556.00,613.00,651.00,725.00,804.00,813.00,689.00,804.00,814.00,878.00,955.00,798.00,811.00,827.00,640.00,771.00,817.00,914.00,964.00,1028.00,1048.00
NY215,615.00,615.00,615.00,615.00,668.00,701.00,745.00,797.00,809.00,724.00,797.00,810.00,855.00,918.00,789.00,806.00,828.00,694.00,773.00,814.00,878.00,945.00,962.00,987.00
NY216,541.00,541.00,541.00,541.00,604.00,640.00,682.00,734.00,752.00,662.00,734.00,754.00,816.00,857.00,723.00,748.00,780.00,634.00,708.00,760.00,848.00,895.00,953.00,992.00
NY217,621.00,621.00,621.00,621.00,686.00,727.00,794.00,900.00,962.00,762.00,899.00,967.00,1064.00,1086.00,861.00,948.00,1059.00,717.00,837.00,988.00,1083.00,1097.00,1141.00,1152.00
NY218,1118.00,1118.00,1118.00,1118.00,1212.00,1283.00,1459.00,1656.00,1689.00,1375.00,1656.00,1692.00,1742.00,1748.00,1635.00,1681.00,1741.00,1257.00,1570.00,1703.00,1747.00,1751.00,1757.00,1792.00
NY219,970.00,970.00,970.00,970.00,1112.00,1205.00,1365.00,1551.00,1592.00,1288.00,1551.00,1595.00,1685.00,1803.00,1525.00,1582.00,1656.00,1181.00,1466.00,1609.00,1786.00,1865.00,1985.00,2024.00
NY221,545.00,545.00,545.00,545.00,606.00,646.00,720.00,802.00,816.00,684.00,802.00,817.00,859.00,945.00,793.00,813.00,838.00,635.00,766.00,822.00,932.00,989.00,1077.00,1098.00
NY222,354.00,354.00,354.00,354.00,403.00,420.00,477.00,581.00,633.00,468.00,534.00,618.00,725.00,765.00,513.00,582.00,680.00,429.00,500.00,649.00,760.00,797.00,844.00,877.00
NY223,467.00,467.00,467.00,467.00,526.00,565.00,629.00,705.00,725.00,598.00,705.00,727.00,770.00,824.00,692.00,720.00,757.00,555.00,669.00,734.00,817.00,853.00,908.00,926.00
NY225,385.00,385.00,385.00,385.00,427.00,463.00,500.00,584.00,603.00,482.00,559.00,598.00,659.00,710.00,537.00,587.00,651.00,457.00,524.00,610.00,685.00,738.00,777.00,821.00
NY226,439.00,439.00,439.00,439.00,498.00,533.00,574.00,640.00,682.00,554.00,640.00,685.00,762.00,826.00,614.00,672.00,747.00,527.00,599.00,699.00,812.00,853.00,912.00,930.00
NY349,1050.00,1050.00,1050.00,1050.00,1258.00,1377.00,1499.00,1656.00,1711.00,1441.00,1655.00,1716.00,1817.00,1894.00,1621.00,1698.00,1798.00,1359.00,1576.00,1734.00,1883.00,1934.00,2013.00,2053.00
NY444,396.00,396.00,396.00,396.00,441.00,470.00,513.00,571.00,597.00,492.00,571.00,599.00,683.00,758.00,555.00,591.00,637.00,463.00,539.00,608.00,705.00,753.00,781.00,862.00
NY445,559.00,559.00,559.00,559.00,641.00,690.00,753.00,838.00,875.00,723.00,837.00,879.00,950.00,1012.00,814.00,867.00,934.00,681.00,791.00,891.00,1003.00,1045.00,1114.00,1208.00
OH227,461.00,461.00,461.00,461.00,552.00,600.00,623.00,676.00,725.00,612.00,676.00,729.00,813.00,856.00,645.00,714.00,802.00,596.00,637.00,746.00,850.00,879.00,923.00,941.00
OH228,572.00,572.00,572.00,572.00,649.00,694.00,747.00,818.00,847.00,721.00,817.00,850.00,913.00,994.00,799.00,840.00,893.00,686.00,780.00,859.00,983.00,1037.00,1120.00,1142.00
OH229,480.00,480.00,480.00,480.00,533.00,567.00,623.00,691.00,711.00,596.00,691.00,712.00,801.00,856.00,679.00,706.00,778.00,558.00,658.00,719.00,851.00,943.00,1002.00,1013.00
OH230,457.00,457.00,457.00,457.00,519.00,554.00,585.00,639.00,674.00,570.00,638.00,678.00,755.00,830.00,616.00,666.00,733.00,549.00,605.00,690.00,819.00,872.00,953.00,972.00
OH231,409.00,409.00,409.00,409.00,489.00,531.00,549.00,594.00,636.00,541.00,580.00,626.00,721.00,764.00,567.00,611.00,682.00,528.00,561.00,636.00,750.00,818.00,902.00,929.00
OH232,484.00,484.00,484.00,484.00,557.00,598.00,639.00,680.00,682.00,619.00,681.00,683.00,702.00,759.00,679.00,682.00,695.00,592.00,664.00,683.00,751.00,814.00,918.00,961.00
OH233,425.00,425.00,425.00,425.00,479.00,510.00,542.00,580.00,607.00,527.00,580.00,627.00,689.00,762.00,574.00,587.00,682.00,505.00,562.00,613.00,771.00,836.00,892.00,914.00
OH382,319.00,319.00,319.00,319.00,358.00,383.00,420.00,486.00,522.00,420.00,482.00,533.00,577.00,634.00,454.00,519.00,575.00,388.00,454.00,558.00,623.00,674.00,763.00,795.00
OH446,340.00,340.00,340.00,340.00,363.00,383.00,414.00,460.00,482.00,413.00,460.00,484.00,566.00,641.00,448.00,477.00,534.00,383.00,436.00,493.00,623.00,674.00,696.00,752.00
OK235,335.00,335.00,335.00,335.00,361.00,398.00,447.00,488.00,521.00,470.00,502.00,556.00,580.00,655.00,461.00,517.00,568.00,394.00,456.00,559.00,692.00,692.00,715.00,874.00
OK236,353.00,353.00,353.00,353.00,402.00,430.00,462.00,509.00,532.00,447.00,509.00,534.00,603.00,634.00,494.00,526.00,597.00,425.00,482.00,560.00,623.00,674.00,699.00,820.00
OK237,329.00,329.00,329.00,329.00,382.00,415.00,465.00,518.00,524.00,449.00,518.00,528.00,569.00,634.00,514.00,522.00,562.00,407.00,496.00,541.00,623.00,674.00,696.00,754.00
OK239,431.00,431.00,431.00,431.00,478.00,505.00,528.00,569.00,597.00,517.00,569.00,600.00,653.00,705.00,551.00,591.00,642.00,501.00,543.00,609.00,695.00,732.00,779.00,886.00
OK240,427.00,427.00,427.00,427.00,512.00,558.00,587.00,633.00,659.00,573.00,632.00,661.00,714.00,772.00,616.00,653.00,700.00,553.00,605.00,670.00,764.00,803.00,862.00,901.00
OR091,422.00,422.00,422.00,422.00,472.00,501.00,529.00,578.00,610.00,515.00,577.00,613.00,699.00,756.00,557.00,603.00,661.00,496.00,547.00,624.00,720.00,773.00,811.00,871.00
OR241,411.00,411.00,411.00,411.00,489.00,532.00,567.00,620.00,647.00,550.00,619.00,650.00,702.00,769.00,602.00,641.00,691.00,526.00,589.00,659.00,742.00,781.00,825.00,862.00
OR242,364.00,364.00,364.00,364.00,401.00,437.00,478.00,577.00,635.00,480.00,538.00,605.00,701.00,752.00,504.00,571.00,657.00,420.00,491.00,604.00,745.00,779.00,830.00,864.00
OR243,588.00,588.00,588.00,588.00,597.00,610.00,667.00,739.00,762.00,640.00,739.00,764.00,835.00,910.00,724.00,757.00,799.00,601.00,703.00,772.00,883.00,933.00,1011.00,1031.00
OR244,423.00,423.00,423.00,423.00,467.00,498.00,565.00,642.00,656.00,544.00,642.00,658.00,750.00,825.00,632.00,653.00,708.00,488.00,608.00,668.00,765.00,814.00,895.00,922.00
OR245,412.00,412.00,412.00,412.00,515.00,573.00,619.00,694.00,739.00,597.00,693.00,743.00,817.00,862.00,665.00,729.00,811.00,566.00,648.00,759.00,839.00,880.00,932.00,971.00
OR246,462.00,462.00,462.00,462.00,505.00,529.00,555.00,604.00,666.00,566.00,615.00,688.00,750.00,825.00,580.00,652.00,731.00,525.00,577.00,699.00,768.00,824.00,901.00,932.00
OR373,358.00,358.00,358.00,358.00,370.00,403.00,452.00,527.00,550.00,449.00,527.00,552.00,629.00,704.00,513.00,545.00,585.00,387.00,491.00,559.00,638.00,693.00,761.00,855.00
PA247,542.00,542.00,542.00,542.00,603.00,643.00,707.00,772.00,775.00,676.00,772.00,775.00,780.00,781.00,770.00,774.00,780.00,633.00,747.00,776.00,781.00,781.00,818.00,886.00
PA248,619.00,619.00,619.00,619.00,676.00,715.00,796.00,907.00,955.00,757.00,906.00,960.00,1037.00,1057.00,876.00,944.00,1032.00,703.00,847.00,976.00,1054.00,1068.00,1089.00,1110.00
PA249,691.00,691.00,691.00,691.00,791.00,851.00,920.00,1002.00,1023.00,887.00,1002.00,1025.00,1061.00,1086.00,989.00,1018.00,1055.00,840.00,964.00,1032.00,1080.00,1096.00,1115.00,1144.00
PA250,570.00,570.00,570.00,570.00,637.00,676.00,723.00,772.00,776.00,700.00,772.00,777.00,809.00,860.00,769.00,775.00,796.00,669.00,752.00,778.00,871.00,935.00,1025.00,1071.00
PA251,459.00,459.00,459.00,459.00,497.00,522.00,568.00,640.00,681.00,547.00,640.00,712.00,786.00,853.00,614.00,671.00,745.00,515.00,597.00,698.00,847.00,861.00,875.00,955.00
PA252,514.00,514.00,514.00,514.00,585.00,627.00,678.00,745.00,771.00,653.00,744.00,773.00,828.00,900.00,728.00,765.00,812.00,619.00,710.00,782.00,887.00,942.00,991.00,1010.00
PA253,461.00,461.00,461.00,461.00,508.00,542.00,612.00,699.00,724.00,578.00,698.00,727.00,769.00,787.00,682.00,718.00,765.00,531.00,656.00,735.00,784.00,816.00,852.00,865.00
PA254,489.00,489.00,489.00,489.00,556.00,595.00,640.00,689.00,697.00,618.00,689.00,697.00,719.00,790.00,684.00,695.00,709.00,588.00,668.00,700.00,755.00,832.00,865.00,958.00
PA255,471.00,471.00,471.00,471.00,528.00,568.00,633.00,709.00,733.00,602.00,709.00,736.00,850.00,933.00,697.00,723.00,772.00,558.00,673.00,735.00,890.00,955.00,984.00,1011.00
PA383,321.00,321.00,321.00,321.00,359.00,389.00,439.00,515.00,576.00,458.00,524.00,604.00,643.00,676.00,468.00,554.00,633.00,394.00,463.00,581.00,667.00,734.00,748.00,851.00
RI256,740.00,740.00,740.00,740.00,853.00,917.00,972.00,1037.00,1051.00,945.00,1037.00,1053.00,1171.00,1227.00,1027.00,1048.00,1157.00,908.00,1007.00,1066.00,1219.00,1256.00,1323.00,1349.00
RI257,634.00,634.00,634.00,634.00,693.00,729.00,772.00,839.00,876.00,751.00,838.00,879.00,947.00,1020.00,815.00,867.00,934.00,722.00,799.00,891.00,983.00,1047.00,1065.00,1120.00
SC258,556.00,556.00,556.00,556.00,619.00,651.00,654.00,673.00,698.00,652.00,672.00,701.00,773.00,851.00,656.00,692.00,739.00,650.00,655.00,709.00,768.00,835.00,862.00,899.00
SC259,558.00,558.00,558.00,558.00,617.00,647.00,657.00,689.00,723.00,652.00,689.00,727.00,795.00,866.00,667.00,716.00,778.00,645.00,664.00,738.00,856.00,903.00,975.00,994.00
SC260,601.00,601.00,601.00,601.00,662.00,698.00,735.00,790.00,819.00,717.00,790.00,822.00,872.00,903.00,772.00,813.00,865.00,692.00,759.00,832.00,898.00,919.00,950.00,969.00
SC261,477.00,477.00,477.00,477.00,516.00,543.00,598.00,658.00,666.00,571.00,658.00,667.00,721.00,769.00,653.00,664.00,679.00,534.00,633.00,670.00,765.00,839.00,882.00,940.00
SC262,617.00,617.00,617.00,617.00,687.00,730.00,785.00,859.00,889.00,758.00,859.00,892.00,937.00,940.00,840.00,882.00,937.00,721.00,820.00,902.00,939.00,941.00,943.00,962.00
SC263,412.00,412.00,412.00,412.00,468.00,501.00,539.00,577.00,578.00,521.00,577.00,578.00,650.00,724.00,576.00,578.00,617.00,495.00,562.00,578.00,707.00,753.00,807.00,874.00
SC375,431.00,431.00,431.00,431.00,445.00,459.00,507.00,572.00,601.00,484.00,572.00,604.00,660.00,737.00,554.00,595.00,647.00,452.00,537.00,614.00,710.00,758.00,785.00,873.00
SD264,439.00,439.00,439.00,439.00,498.00,533.00,574.00,632.00,660.00,554.00,632.00,663.00,724.00,799.00,614.00,654.00,705.00,527.00,599.00,672.00,792.00,825.00,866.00,886.00
SD265,426.00,426.00,426.00,426.00,440.00,469.00,541.00,632.00,661.00,506.00,632.00,667.00,780.00,860.00,614.00,655.00,728.00,458.00,587.00,677.00,819.00,862.00,888.00,919.00
TN266,449.00,449.00,449.00,449.00,514.00,550.00,580.00,635.00,675.00,566.00,635.00,679.00,751.00,805.00,610.00,666.00,738.00,545.00,599.00,692.00,797.00,833.00,888.00,905.00
TN267,454.00,454.00,454.00,454.00,507.00,539.00,588.00,656.00,690.00,564.00,656.00,693.00,743.00,764.00,635.00,682.00,743.00,532.00,618.00,704.00,743.00,780.00,801.00,881.00
TN268,590.00,590.00,590.00,590.00,638.00,666.00,695.00,727.00,732.00,681.00,727.00,732.00,748.00,801.00,724.00,731.00,739.00,661.00,713.00,734.00,780.00,843.00,891.00,934.00
TN269,536.00,536.00,536.00,536.00,577.00,607.00,692.00,809.00,850.00,648.00,809.00,854.00,930.00,992.00,783.00,841.00,915.00,598.00,749.00,868.00,983.00,1025.00,1088.00,1109.00
TN353,341.00,341.00,341.00,341.00,403.00,441.00,492.00,564.00,596.00,468.00,563.00,599.00,654.00,699.00,543.00,589.00,647.00,433.00,524.00,610.00,693.00,736.00,793.00,860.00
TN354,328.00,328.00,328.00,328.00,373.00,400.00,430.00,495.00,537.00,416.00,491.00,547.00,642.00,718.00,460.00,532.00,619.00,395.00,456.00,574.00,707.00,756.00,782.00,869.00
TN449,388.00,388.00,388.00,388.00,466.00,511.00,560.00,608.00,609.00,536.00,608.00,609.00,670.00,717.00,607.00,609.00,616.00,504.00,590.00,610.00,697.00,751.00,788.00,866.00
TX270,394.00,394.00,394.00,394.00,434.00,465.00,545.00,638.00,659.00,507.00,638.00,661.00,699.00,775.00,625.00,654.00,691.00,453.00,596.00,667.00,765.00,783.00,796.00,879.00
TX271,386.00,386.00,386.00,386.00,457.00,502.00,570.00,644.00,653.00,537.00,643.00,654.00,673.00,695.00,637.00,651.00,669.00,492.00,612.00,657.00,691.00,718.00,744.00,882.00
TX272,589.00,589.00,589.00,589.00,687.00,748.00,831.00,924.00,938.00,791.00,924.00,940.00,976.00,1031.00,914.00,935.00,962.00,735.00,883.00,945.00,1023.00,1059.00,1116.00,1138.00
TX273,446.00,446.00,446.00,446.00,514.00,552.00,585.00,636.00,665.00,569.00,635.00,668.00,735.00,813.00,617.00,658.00,711.00,547.00,605.00,677.00,761.00,841.00,890.00,901.00
TX274,473.00,473.00,473.00,473.00,551.00,598.00,654.00,731.00,763.00,627.00,731.00,766.00,824.00,858.00,710.00,756.00,815.00,589.00,689.00,777.00,853.00,876.00,912.00,959.00
TX275,518.00,518.00,518.00,518.00,588.00,629.00,677.00,742.00,769.00,654.00,741.00,772.00,840.00,916.00,724.00,763.00,813.00,622.00,707.00,781.00,871.00,949.00,969.00,1007.00
TX276,406.00,406.00,406.00,406.00,449.00,478.00,541.00,623.00,656.00,511.00,623.00,660.00,721.00,769.00,602.00,649.00,709.00,469.00,579.00,671.00,762.00,794.00,844.00,876.00
TX277,559.00,559.00,559.00,559.00,663.00,727.00,819.00,931.00,965.00,775.00,931.00,968.00,1034.00,1100.00,910.00,957.00,1018.00,713.00,876.00,979.00,1091.00,1135.00,1203.00,1227.00
TX278,404.00,404.00,404.00,404.00,459.00,492.00,529.00,583.00,624.00,511.00,582.00,611.00,667.00,743.00,566.00,603.00,651.00,486.00,553.00,620.00,731.00,787.00,807.00,869.00
TX279,448.00,448.00,448.00,448.00,497.00,532.00,608.00,691.00,702.00,572.00,690.00,703.00,727.00,760.00,683.00,699.00,720.00,521.00,655.00,707.00,750.00,778.00,804.00,882.00
TX280,559.00,559.00,559.00,559.00,659.00,721.00,807.00,913.00,945.00,766.00,912.00,948.00,1004.00,1038.00,892.00,938.00,996.00,708.00,861.00,959.00,1033.00,1056.00,1091.00,1112.00
TX281,463.00,463.00,463.00,463.00,504.00,531.00,575.00,646.00,687.00,554.00,645.00,691.00,774.00,858.00,619.00,678.00,753.00,524.00,603.00,705.00,846.00,903.00,989.00,1008.00
TX282,599.00,599.00,599.00,599.00,687.00,736.00,778.00,845.00,885.00,758.00,844.00,889.00,974.00,1072.00,819.00,876.00,949.00,730.00,804.00,902.00,1058.00,1124.00,1225.00,1249.00
TX283,401.00,401.00,401.00,401.00,448.00,481.00,551.00,632.00,650.00,517.00,632.00,652.00,713.00,762.00,620.00,646.00,690.00,470.00,594.00,658.00,755.00,775.00,801.00,828.00
TX284,340.00,340.00,340.00,340.00,403.00,442.00,498.00,568.00,594.00,471.00,568.00,596.00,640.00,667.00,552.00,588.00,634.00,434.00,532.00,605.00,663.00,696.00,782.00,850.00
TX285,452.00,452.00,452.00,452.00,562.00,626.00,697.00,784.00,809.00,663.00,784.00,811.00,854.00,880.00,768.00,803.00,848.00,615.00,742.00,819.00,876.00,893.00,920.00,938.00
TX286,429.00,429.00,429.00,429.00,487.00,521.00,561.00,609.00,624.00,546.00,609.00,633.00,718.00,775.00,600.00,621.00,647.00,515.00,586.00,630.00,743.00,780.00,783.00,884.00
TX288,401.00,401.00,401.00,401.00,437.00,467.00,542.00,640.00,677.00,517.00,639.00,681.00,744.00,793.00,616.00,669.00,736.00,462.00,589.00,693.00,802.00,812.00,827.00,894.00
TX356,504.00,504.00,504.00,504.00,600.00,657.00,731.00,807.00,811.00,695.00,807.00,811.00,827.00,867.00,804.00,810.00,817.00,646.00,777.00,812.00,862.00,888.00,930.00,986.00
TX387,441.00,441.00,441.00,441.00,507.00,547.00,603.00,676.00,706.00,576.00,676.00,709.00,766.00,817.00,657.00,699.00,754.00,539.00,637.00,719.00,810.00,843.00,895.00,927.00
UT291,428.00,428.00,428.00,428.00,478.00,510.00,588.00,685.00,715.00,550.00,684.00,718.00,772.00,817.00,665.00,708.00,764.00,498.00,637.00,728.00,799.00,821.00,854.00,885.00
UT292,546.00,546.00,546.00,546.00,608.00,649.00,722.00,807.00,827.00,687.00,807.00,828.00,912.00,969.00,794.00,822.00,858.00,638.00,767.00,835.00,961.00,994.00,1033.00,1078.00
UT357,426.00,426.00,426.00,426.00,486.00,523.00,576.00,641.00,665.00,563.00,641.00,700.00,777.00,845.00,629.00,656.00,760.00,515.00,610.00,710.00,813.00,842.00,889.00,944.00
VA295,548.00,548.00,548.00,548.00,607.00,655.00,724.00,815.00,852.00,691.00,815.00,855.00,919.00,958.00,793.00,843.00,910.00,644.00,768.00,867.00,952.00,984.00,1054.00,1075.00
VA296,744.00,744.00,744.00,744.00,793.00,825.00,874.00,925.00,930.00,850.00,925.00,931.00,955.00,1021.00,922.00,929.00,938.00,817.00,904.00,932.00,1011.00,1056.00,1124.00,1146.00
VA297,559.00,559.00,559.00,559.00,580.00,596.00,636.00,705.00,750.00,617.00,704.00,754.00,834.00,883.00,676.00,740.00,822.00,590.00,662.00,770.00,876.00,909.00,959.00,978.00
VA298,626.00,626.00,626.00,626.00,645.00,658.00,683.00,733.00,773.00,671.00,732.00,790.00,853.00,917.00,707.00,764.00,837.00,654.00,698.00,790.00,908.00,951.00,1017.00,1037.00
VA300,529.00,529.00,529.00,529.00,537.00,546.00,580.00,624.00,654.00,564.00,624.00,643.00,699.00,771.00,613.00,638.00,669.00,541.00,601.00,649.00,745.00,798.00,812.00,889.00
VA301,506.00,506.00,506.00,506.00,558.00,592.00,649.00,713.00,724.00,621.00,712.00,725.00,748.00,808.00,705.00,721.00,742.00,583.00,684.00,729.00,776.00,832.00,842.00,885.00
VA302,761.00,761.00,761.00,761.00,802.00,838.00,945.00,1079.00,1122.00,893.00,1078.00,1126.00,1199.00,1234.00,1051.00,1112.00,1190.00,822.00,1012.00,1140.00,1229.00,1253.00,1290.00,1315.00
VA303,388.00,388.00,388.00,388.00,413.00,432.00,468.00,561.00,618.00,463.00,533.00,594.00,678.00,742.00,503.00,550.00,631.00,426.00,490.00,589.00,731.00,765.00,783.00,864.00
VA304,369.00,369.00,369.00,369.00,419.00,448.00,482.00,542.00,599.00,522.00,591.00,655.00,714.00,787.00,528.00,618.00,693.00,443.00,505.00,637.00,782.00,827.00,850.00,882.00
VA362,380.00,380.00,380.00,380.00,439.00,479.00,534.00,595.00,607.00,508.00,595.00,607.00,701.00,744.00,588.00,604.00,648.00,471.00,568.00,611.00,740.00,788.00,834.00,872.00
VA368,554.00,554.00,554.00,554.00,585.00,607.00,652.00,710.00,731.00,630.00,710.00,733.00,774.00,830.00,697.00,727.00,765.00,600.00,680.00,740.00,806.00,861.00,880.00,936.00
VT305,619.00,619.00,619.00,619.00,689.00,733.00,798.00,898.00,956.00,767.00,898.00,961.00,1054.00,1086.00,862.00,942.00,1046.00,723.00,838.00,980.00,1081.00,1102.00,1135.00,1157.00
WA306,532.00,532.00,532.00,532.00,602.00,643.00,692.00,761.00,794.00,669.00,761.00,798.00,856.00,892.00,740.00,787.00,847.00,636.00,723.00,809.00,887.00,911.00,948.00,967.00
WA307,619.00,619.00,619.00,619.00,699.00,748.00,822.00,915.00,944.00,787.00,914.00,947.00,1002.00,1053.00,896.00,937.00,990.00,737.00,869.00,956.00,1046.00,1080.00,1132.00,1154.00
WA308,404.00,404.00,404.00,404.00,449.00,481.00,554.00,641.00,663.00,519.00,641.00,665.00,723.00,793.00,627.00,658.00,698.00,470.00,600.00,672.00,759.00,797.00,854.00,871.00
WA309,705.00,705.00,705.00,705.00,799.00,858.00,951.00,1054.00,1068.00,906.00,1054.00,1070.00,1111.00,1186.00,1044.00,1065.00,1092.00,844.00,1010.00,1075.00,1175.00,1226.00,1303.00,1329.00
WA310,454.00,454.00,454.00,454.00,504.00,535.00,582.00,632.00,640.00,559.00,632.00,644.00,741.00,779.00,628.00,637.00,715.00,528.00,611.00,646.00,774.00,833.00,877.00,882.00
WA311,601.00,601.00,601.00,601.00,654.00,686.00,733.00,788.00,799.00,711.00,788.00,800.00,834.00,898.00,780.00,797.00,818.00,679.00,763.00,804.00,889.00,932.00,998.00,1018.00
WA312,528.00,528.00,528.00,528.00,599.00,640.00,689.00,753.00,779.00,665.00,752.00,781.00,841.00,916.00,736.00,773.00,820.00,633.00,719.00,790.00,901.00,950.00,1026.00,1046.00
WA313,411.00,411.00,411.00,411.00,468.00,504.00,564.00,655.00,705.00,572.00,655.00,710.00,790.00,824.00,623.00,694.00,785.00,495.00,601.00,727.00,815.00,835.00,856.00,969.00
WA315,385.00,385.00,385.00,385.00,437.00,467.00,503.00,583.00,605.00,506.00,567.00,608.00,703.00,778.00,537.00,600.00,648.00,462.00,525.00,615.00,747.00,805.00,874.00,915.00
WI316,562.00,562.00,562.00,562.00,626.00,665.00,714.00,769.00,779.00,690.00,769.00,780.00,860.00,936.00,762.00,776.00,817.00,657.00,744.00,783.00,920.00,996.00,1112.00,1134.00
WI317,548.00,548.00,548.00,548.00,624.00,667.00,705.00,752.00,768.00,687.00,752.00,769.00,832.00,843.00,742.00,764.00,793.00,661.00,728.00,775.00,842.00,907.00,955.00,955.00
WI318,332.00,332.00,332.00,332.00,380.00,416.00,455.00,532.00,592.00,436.00,524.00,556.00,643.00,712.00,506.00,546.00,621.00,410.00,487.00,582.00,702.00,756.00,794.00,873.00
WI319,399.00,399.00,399.00,399.00,420.00,454.00,510.00,569.00,606.00,485.00,569.00,617.00,700.00,754.00,565.00,574.00,666.00,445.00,545.00,614.00,749.00,799.00,873.00,896.00
WI358,335.00,335.00,335.00,337.00,433.00,495.00,554.00,627.00,654.00,526.00,627.00,657.00,749.00,818.00,613.00,647.00,705.00,486.00,591.00,668.00,800.00,834.00,864.00,941.00
WI359,332.00,332.00,332.00,332.00,388.00,420.00,462.00,532.00,571.00,455.00,532.00,572.00,665.00,738.00,512.00,557.00,624.00,416.00,494.00,582.00,711.00,765.00,804.00,885.00
WI453,353.00,353.00,353.00,353.00,383.00,417.00,471.00,542.00,597.00,452.00,542.00,602.00,707.00,771.00,525.00,583.00,691.00,409.00,505.00,622.00,762.00,804.00,870.00,887.00
WV320,416.00,416.00,416.00,416.00,470.00,498.00,542.00,600.00,604.00,515.00,600.00,611.00,661.00,699.00,597.00,603.00,647.00,496.00,577.00,606.00,694.00,740.00,817.00,862.00
WV322,416.00,416.00,416.00,416.00,463.00,491.00,526.00,577.00,618.00,509.00,576.00,623.00,717.00,772.00,560.00,604.00,712.00,486.00,548.00,643.00,737.00,784.00,799.00,861.00
WV323,423.00,423.00,423.00,423.00,452.00,476.00,540.00,606.00,610.00,509.00,606.00,610.00,707.00,780.00,603.00,609.00,660.00,466.00,580.00,612.00,753.00,808.00,840.00,885.00
WV360,320.00,320.00,320.00,320.00,373.00,406.00,437.00,490.00,539.00,423.00,486.00,540.00,630.00,683.00,469.00,525.00,607.00,401.00,457.00,566.00,678.00,723.00,782.00,859.00
WV454,452.00,452.00,452.00,452.00,502.00,531.00,563.00,614.00,635.00,548.00,614.00,638.00,686.00,757.00,600.00,630.00,674.00,526.00,585.00,646.00,728.00,763.00,818.00,871.00
WV455,324.00,324.00,324.00,324.00,372.00,406.00,431.00,495.00,534.00,419.00,493.00,545.00,637.00,709.00,479.00,530.00,614.00,402.00,465.00,571.00,699.00,753.00,790.00,869.00
WV456,344.00,344.00,344.00,344.00,403.00,437.00,477.00,535.00,564.00,458.00,535.00,567.00,623.00,672.00,516.00,558.00,611.00,431.00,502.00,577.00,665.00,698.00,748.00,877.00
WY324,371.00,371.00,371.00,371.00,381.00,404.00,472.00,557.00,608.00,464.00,557.00,588.00,649.00,685.00,539.00,579.00,630.00,394.00,514.00,597.00,679.00,730.00,837.00,876.00
ZZ510,310.00,310.00,310.00,310.00,342.00,363.00,393.00,433.00,448.00,378.00,433.00,449.00,479.00,510.00,424.00,445.00,472.00,358.00,412.00,454.00,506.00,527.00,558.00,569.00
ZZ520,324.00,324.00,324.00,324.00,359.00,380.00,412.00,454.00,470.00,397.00,454.00,472.00,503.00,535.00,444.00,467.00,495.00,375.00,432.00,477.00,531.00,552.00,585.00,597.00
ZZ530,338.00,338.00,338.00,338.00,375.00,398.00,432.00,476.00,492.00,415.00,476.00,494.00,527.00,560.00,465.00,489.00,519.00,393.00,453.00,499.00,556.00,578.00,612.00,624.00
ZZ540,358.00,358.00,358.00,358.00,396.00,418.00,451.00,497.00,515.00,434.00,497.00,516.00,551.00,586.00,486.00,511.00,542.00,414.00,473.00,522.00,581.00,604.00,639.00,751.00
ZZ550,369.00,369.00,369.00,369.00,409.00,433.00,470.00,518.00,537.00,452.00,518.00,539.00,575.00,611.00,507.00,533.00,566.00,429.00,493.00,545.00,606.00,629.00,666.00,781.00
ZZ560,381.00,381.00,381.00,381.00,424.00,451.00,489.00,540.00,559.00,471.00,540.00,561.00,599.00,636.00,528.00,555.00,590.00,445.00,513.00,567.00,630.00,655.00,693.00,812.00
ZZ570,394.00,394.00,394.00,394.00,440.00,468.00,508.00,561.00,581.00,489.00,561.00,583.00,623.00,661.00,548.00,577.00,613.00,462.00,533.00,590.00,655.00,681.00,720.00,842.00
ZZ580,408.00,408.00,408.00,408.00,456.00,486.00,528.00,582.00,603.00,507.00,582.00,605.00,647.00,686.00,569.00,599.00,637.00,480.00,554.00,612.00,680.00,707.00,747.00,842.00
ZZ590,422.00,422.00,422.00,422.00,472.00,503.00,547.00,604.00,626.00,526.00,604.00,628.00,670.00,711.00,590.00,621.00,660.00,497.00,574.00,635.00,705.00,732.00,774.00,873.00
ZZ600,436.00,436.00,436.00,436.00,489.00,521.00,566.00,625.00,648.00,544.00,625.00,650.00,694.00,736.00,611.00,643.00,684.00,514.00,594.00,657.00,730.00,758.00,801.00,903.00
ZZ610,450.00,450.00,450.00,450.00,505.00,539.00,585.00,646.00,670.00,563.00,646.00,672.00,718.00,761.00,632.00,665.00,707.00,532.00,614.00,680.00,755.00,784.00,828.00,934.00
ZZ620,464.00,464.00,464.00,464.00,521.00,556.00,604.00,668.00,692.00,581.00,667.00,695.00,742.00,786.00,652.00,687.00,731.00,549.00,634.00,703.00,780.00,809.00,855.00,965.00
ZZ630,478.00,478.00,478.00,478.00,537.00,574.00,624.00,689.00,714.00,600.00,689.00,717.00,766.00,811.00,673.00,709.00,755.00,566.00,655.00,725.00,805.00,835.00,882.00,995.00
ZZ640,492.00,492.00,492.00,492.00,554.00,591.00,643.00,710.00,737.00,618.00,710.00,739.00,790.00,836.00,694.00,731.00,778.00,584.00,675.00,748.00,830.00,861.00,908.00,1026.00
ZZ650,506.00,506.00,506.00,506.00,570.00,609.00,662.00,732.00,759.00,636.00,731.00,761.00,814.00,861.00,715.00,753.00,802.00,601.00,695.00,770.00,855.00,887.00,935.00,1026.00
ZZ660,520.00,520.00,520.00,520.00,586.00,626.00,681.00,753.00,781.00,655.00,753.00,784.00,838.00,887.00,736.00,775.00,825.00,618.00,715.00,793.00,880.00,912.00,962.00,1056.00
ZZ670,533.00,533.00,533.00,533.00,602.00,644.00,700.00,774.00,803.00,673.00,774.00,806.00,861.00,912.00,756.00,797.00,849.00,636.00,735.00,816.00,905.00,938.00,989.00,1087.00
ZZ680,547.00,547.00,547.00,547.00,619.00,662.00,719.00,796.00,825.00,692.00,795.00,828.00,885.00,937.00,777.00,819.00,872.00,653.00,756.00,838.00,929.00,964.00,1016.00,1117.00
ZZ690,561.00,561.00,561.00,561.00,635.00,679.00,739.00,817.00,848.00,710.00,817.00,851.00,909.00,962.00,798.00,841.00,896.00,671.00,776.00,861.00,954.00,989.00,1043.00,1148.00
ZZ700,575.00,575.00,575.00,575.00,651.00,697.00,758.00,838.00,870.00,729.00,838.00,873.00,933.00,987.00,819.00,863.00,920.00,688.00,796.00,883.00,979.00,1015.00,1070.00,1178.00
ZZ710,589.00,589.00,589.00,589.00,667.00,714.00,777.00,860.00,892.00,747.00,859.00,895.00,957.00,1012.00,840.00,885.00,943.00,705.00,816.00,906.00,1004.00,1041.00,1097.00,1178.00
ZZ720,603.00,603.00,603.00,603.00,684.00,732.00,796.00,881.00,914.00,765.00,881.00,917.00,981.00,1037.00,860.00,907.00,967.00,723.00,836.00,928.00,1029.00,1067.00,1124.00,1209.00
ZZ730,617.00,617.00,617.00,617.00,700.00,750.00,815.00,902.00,936.00,784.00,902.00,940.00,1005.00,1062.00,881.00,929.00,990.00,740.00,857.00,951.00,1054.00,1092.00,1151.00,1239.00
ZZ740,631.00,631.00,631.00,631.00,716.00,767.00,835.00,924.00,959.00,802.00,923.00,962.00,1029.00,1087.00,902.00,951.00,1014.00,757.00,877.00,974.00,1079.00,1118.00,1178.00,1270.00
ZZ750,645.00,645.00,645.00,645.00,732.00,785.00,854.00,945.00,981.00,821.00,945.00,984.00,1052.00,1112.00,923.00,973.00,1037.00,775.00,897.00,996.00,1104.00,1144.00,1205.00,1300.00
ZZ760,659.00,659.00,659.00,659.00,749.00,802.00,873.00,966.00,1003.00,839.00,966.00,1006.00,1076.00,1137.00,944.00,995.00,1061.00,792.00,917.00,1019.00,1129.00,1170.00,1232.00,1331.00
ZZ770,673.00,673.00,673.00,673.00,765.00,820.00,892.00,988.00,1025.00,857.00,987.00,1029.00,1100.00,1162.00,964.00,1017.00,1084.00,809.00,937.00,1041.00,1154.00,1195.00,1259.00,1331.00
ZZ780,687.00,687.00,687.00,687.00,781.00,838.00,911.00,1009.00,1047.00,876.00,1009.00,1051.00,1124.00,1188.00,985.00,1039.00,1108.00,827.00,958.00,1064.00,1179.00,1221.00,1286.00,1361.00
ZZ790,701.00,701.00,701.00,701.00,797.00,855.00,931.00,1030.00,1070.00,894.00,1030.00,1073.00,1148.00,1213.00,1006.00,1061.00,1132.00,844.00,978.00,1086.00,1203.00,1247.00,1313.00,1392.00
ZZ800,715.00,715.00,715.00,715.00,814.00,873.00,950.00,1052.00,1092.00,913.00,1051.00,1096.00,1172.00,1238.00,1027.00,1083.00,1155.00,861.00,998.00,1109.00,1228.00,1272.00,1340.00,1367.00
ZZ810,729.00,729.00,729.00,729.00,830.00,890.00,969.00,1073.00,1114.00,931.00,1073.00,1118.00,1196.00,1263.00,1047.00,1105.00,1179.00,879.00,1018.00,1132.00,1253.00,1298.00,1367.00,1422.00
ZZ820,743.00,743.00,743.00,743.00,846.00,908.00,988.00,1094.00,1136.00,950.00,1094.00,1140.00,1219.00,1288.00,1068.00,1127.00,1202.00,896.00,1038.00,1154.00,1278.00,1324.00,1394.00,1483.00
ZZ830,757.00,757.00,757.00,757.00,862.00,926.00,1007.00,1116.00,1158.00,968.00,1115.00,1162.00,1243.00,1313.00,1089.00,1149.00,1226.00,914.00,1059.00,1177.00,1303.00,1350.00,1421.00,1483.00
ZZ840,771.00,771.00,771.00,771.00,879.00,943.00,1027.00,1137.00,1181.00,986.00,1137.00,1185.00,1267.00,1338.00,1110.00,1171.00,1249.00,931.00,1079.00,1199.00,1328.00,1375.00,1448.00,1514.00
ZZ850,785.00,785.00,785.00,785.00,895.00,961.00,1046.00,1159.00,1203.00,1005.00,1158.00,1207.00,1291.00,1363.00,1131.00,1193.00,1273.00,948.00,1099.00,1222.00,1353.00,1401.00,1475.00,1504.00
ZZ860,799.00,799.00,799.00,799.00,911.00,978.00,1065.00,1180.00,1225.00,1023.00,1179.00,1229.00,1315.00,1388.00,1151.00,1215.00,1297.00,966.00,1119.00,1244.00,1378.00,1427.00,1502.00,1575.00
ZZ870,813.00,813.00,813.00,813.00,927.00,996.00,1084.00,1201.00,1247.00,1042.00,1201.00,1252.00,1339.00,1413.00,1172.00,1237.00,1320.00,983.00,1139.00,1267.00,1403.00,1452.00,1529.00,1605.00
ZZ880,827.00,827.00,827.00,827.00,944.00,1014.00,1103.00,1223.00,1269.00,1060.00,1222.00,1274.00,1363.00,1438.00,1193.00,1259.00,1344.00,1000.00,1160.00,1290.00,1428.00,1478.00,1555.00,1587.00
ZZ890,841.00,841.00,841.00,841.00,960.00,1031.00,1123.00,1244.00,1292.00,1079.00,1243.00,1296.00,1387.00,1463.00,1214.00,1281.00,1367.00,1018.00,1180.00,1312.00,1453.00,1504.00,1635.00,1910.00
