AK400,1134.00,1134.00,1134.00,1134.00,1425.00,1438.00,1449.00,1463.00,1513.00,1438.00,1455.00,1471.00,1529.00,1596.00,1452.00,1468.00,1539.00,1427.00,1438.00,1470.00,1625.00,1734.00,1748.00,1769.00
AK401,1159.00,1159.00,1159.00,1159.00,1315.00,1331.00,1345.00,1372.00,1429.00,1331.00,1352.00,1371.00,1452.00,1544.00,1348.00,1368.00,1465.00,1317.00,1331.00,1382.00,1583.00,1734.00,1748.00,1769.00
AK402,1060.00,1060.00,1060.00,1060.00,1336.00,1346.00,1375.00,1438.00,1496.00,1346.00,1401.00,1478.00,1503.00,1548.00,1388.00,1466.00,1507.00,1337.00,1346.00,1475.00,1544.00,1648.00,1650.00,1681.00
AK403,1092.00,1092.00,1092.00,1092.00,1278.00,1350.00,1403.00,1461.00,1541.00,1351.00,1427.00,1497.00,1558.00,1629.00,1414.00,1486.00,1569.00,1287.00,1349.00,1494.00,1659.00,1774.00,1788.00,1809.00
AK404,980.00,980.00,980.00,980.00,1127.00,1215.00,1277.00,1347.00,1428.00,1216.00,1306.00,1390.00,1443.00,1504.00,1291.00,1377.00,1452.00,1137.00,1213.00,1386.00,1530.00,1629.00,1642.00,1661.00
AK405,895.00,895.00,895.00,895.00,979.00,1056.00,1111.00,1172.00,1226.00,1057.00,1136.00,1210.00,1232.00,1294.00,1123.00,1199.00,1236.00,988.00,1054.00,1207.00,1269.00,1360.00,1362.00,1390.00
AL001,479.00,479.00,479.00,479.00,519.00,547.00,592.00,638.00,696.00,541.00,608.00,662.00,723.00,785.00,603.00,655.00,728.00,522.00,570.00,673.00,811.00,912.00,942.00,964.00
AL002,435.00,435.00,435.00,435.00,465.00,495.00,515.00,554.00,599.00,495.00,528.00,573.00,626.00,685.00,525.00,567.00,628.00,469.00,504.00,586.00,710.00,810.00,843.00,946.00
AL003,498.00,498.00,498.00,498.00,558.00,579.00,631.00,689.00,753.00,580.00,655.00,725.00,764.00,809.00,642.00,714.00,771.00,561.00,578.00,722.00,828.00,947.00,977.00,1067.00
AL004,530.00,530.00,530.00,530.00,594.00,687.00,717.00,750.00,797.00,687.00,731.00,771.00,807.00,849.00,723.00,765.00,814.00,605.00,685.00,769.00,867.00,993.00,1012.00,1091.00
AL005,555.00,555.00,555.00,555.00,631.00,747.00,786.00,828.00,865.00,748.00,803.00,855.00,869.00,886.00,794.00,847.00,872.00,645.00,744.00,853.00,893.00,920.00,941.00,957.00
AL006,594.00,594.00,594.00,594.00,639.00,785.00,786.00,786.00,818.00,785.00,786.00,787.00,830.00,880.00,786.00,787.00,838.00,656.00,781.00,787.00,901.00,982.00,990.00,1058.00
AL007,594.00,594.00,594.00,594.00,664.00,740.00,764.00,803.00,894.00,740.00,775.00,853.00,910.00,985.00,769.00,838.00,921.00,673.00,738.00,849.00,1005.00,1113.00,1123.00,1139.00
AL008,506.00,506.00,506.00,506.00,586.00,612.00,659.00,717.00,768.00,629.00,683.00,737.00,780.00,825.00,670.00,731.00,788.00,564.00,610.00,736.00,843.00,915.00,922.00,946.00
AR010,561.00,561.00,561.00,561.00,568.00,616.00,643.00,703.00,747.00,616.00,655.00,715.00,763.00,828.00,648.00,685.00,752.00,574.00,615.00,689.00,829.00,967.00,975.00,1005.00
AR011,516.00,516.00,516.00,516.00,552.00,554.00,558.00,567.00,604.00,555.00,559.00,576.00,648.00,722.00,558.00,567.00,629.00,553.00,554.00,586.00,769.00,912.00,942.00,966.00
AR012,447.00,447.00,447.00,447.00,497.00,578.00,623.00,683.00,753.00,578.00,647.00,720.00,765.00,818.00,635.00,709.00,773.00,510.00,576.00,717.00,840.00,954.00,993.00,1038.00
AR419,487.00,487.00,487.00,487.00,526.00,552.00,600.00,650.00,697.00,536.00,618.00,670.00,722.00,786.00,612.00,664.00,725.00,527.00,575.00,681.00,815.00,925.00,954.00,1044.00
AZ013,746.00,746.00,746.00,746.00,802.00,916.00,953.00,995.00,1057.00,916.00,970.00,1021.00,1071.00,1129.00,962.00,1013.00,1080.00,815.00,913.00,1019.00,1153.00,1250.00,1261.00,1276.00
AZ014,572.00,572.00,572.00,572.00,643.00,692.00,742.00,797.00,843.00,693.00,764.00,831.00,845.00,861.00,752.00,821.00,847.00,649.00,691.00,828.00,868.00,996.00,1044.00,1081.00
AZ015,665.00,665.00,665.00,665.00,757.00,847.00,909.00,978.00,1033.00,848.00,937.00,1021.00,1038.00,1058.00,923.00,1008.00,1041.00,767.00,845.00,1018.00,1066.00,1164.00,1202.00,1224.00
AZ016,664.00,664.00,664.00,664.00,776.00,798.00,851.00,910.00,969.00,799.00,875.00,947.00,979.00,1043.00,863.00,936.00,983.00,779.00,797.00,944.00,1069.00,1167.00,1180.00,1204.00
CA018,1325.00,1325.00,1325.00,1325.00,1449.00,1540.00,1569.00,1602.00,1664.00,1540.00,1582.00,1622.00,1680.00,1748.00,1576.00,1616.00,1691.00,1460.00,1538.00,1620.00,1777.00,1887.00,1902.00,1925.00
CA019,2067.00,2067.00,2067.00,2067.00,2181.00,2411.00,2533.00,2666.00,2764.00,2413.00,2587.00,2750.00,2769.00,2792.00,2559.00,2725.00,2773.00,2208.00,2406.00,2744.00,2802.00,2839.00,2862.00,2896.00
CA021,535.00,535.00,535.00,535.00,567.00,633.00,667.00,704.00,756.00,633.00,682.00,728.00,767.00,812.00,674.00,721.00,774.00,575.00,631.00,726.00,831.00,904.00,943.00,962.00
CA022,517.00,517.00,517.00,517.00,582.00,630.00,689.00,742.00,839.00,692.00,766.00,805.00,857.00,916.00,707.00,758.00,850.00,587.00,672.00,776.00,927.00,1046.00,1046.00,1069.00
CA023,632.00,632.00,632.00,632.00,711.00,786.00,866.00,955.00,1032.00,787.00,902.00,1010.00,1041.00,1077.00,884.00,994.00,1046.00,720.00,784.00,1006.00,1092.00,1150.00,1159.00,1173.00
CA024,883.00,883.00,883.00,883.00,933.00,1089.00,1165.00,1249.00,1333.00,1090.00,1199.00,1301.00,1345.00,1396.00,1181.00,1285.00,1353.00,951.00,1085.00,1297.00,1418.00,1501.00,1513.00,1531.00
CA025,1120.00,1120.00,1120.00,1120.00,1190.00,1327.00,1392.00,1463.00,1565.00,1328.00,1421.00,1508.00,1587.00,1679.00,1406.00,1495.00,1602.00,1206.00,1324.00,1504.00,1718.00,1868.00,1883.00,1905.00
CA026,709.00,709.00,709.00,709.00,744.00,914.00,979.00,1050.00,1125.00,915.00,1008.00,1095.00,1137.00,1186.00,993.00,1082.00,1145.00,764.00,910.00,1091.00,1207.00,1287.00,1297.00,1313.00
CA027,1193.00,1193.00,1193.00,1193.00,1262.00,1757.00,1908.00,2074.00,2259.00,1759.00,1976.00,2177.00,2291.00,2424.00,1940.00,2147.00,2312.00,1319.00,1745.00,2169.00,2480.00,2695.00,2717.00,2749.00
CA028,588.00,588.00,588.00,588.00,610.00,675.00,703.00,736.00,898.00,675.00,716.00,754.00,794.00,841.00,709.00,748.00,801.00,618.00,673.00,752.00,861.00,937.00,1024.00,1131.00
CA030,694.00,694.00,694.00,694.00,737.00,824.00,873.00,927.00,981.00,825.00,895.00,961.00,989.00,1022.00,884.00,951.00,994.00,747.00,822.00,958.00,1036.00,1090.00,1099.00,1117.00
CA031,661.00,661.00,661.00,661.00,742.00,775.00,783.00,856.00,1004.00,775.00,787.00,804.00,864.00,923.00,785.00,797.00,849.00,746.00,774.00,798.00,912.00,1016.00,1091.00,1154.00
CA032,465.00,465.00,465.00,465.00,534.00,601.00,622.00,645.00,730.00,601.00,631.00,660.00,667.00,718.00,626.00,655.00,669.00,542.00,599.00,659.00,710.00,810.00,863.00,1033.00
CA033,629.00,629.00,629.00,629.00,711.00,754.00,794.00,839.00,909.00,755.00,813.00,867.00,925.00,993.00,803.00,859.00,936.00,716.00,753.00,865.00,1022.00,1132.00,1141.00,1154.00
CA034,761.00,761.00,761.00,761.00,865.00,1085.00,1136.00,1193.00,1294.00,1086.00,1159.00,1228.00,1319.00,1425.00,1147.00,1217.00,1335.00,890.00,1080.00,1225.00,1469.00,1641.00,1654.00,1674.00
CA035,644.00,644.00,644.00,644.00,694.00,720.00,762.00,808.00,866.00,721.00,781.00,837.00,877.00,933.00,771.00,828.00,889.00,697.00,719.00,835.00,943.00,1018.00,1026.00,1038.00
CA036,954.00,954.00,954.00,954.00,993.00,1071.00,1129.00,1194.00,1268.00,1072.00,1156.00,1234.00,1281.00,1336.00,1142.00,1222.00,1290.00,1002.00,1069.00,1231.00,1360.00,1449.00,1461.00,1478.00
CA037,1081.00,1081.00,1081.00,1081.00,1163.00,1406.00,1504.00,1612.00,1744.00,1408.00,1548.00,1680.00,1768.00,1871.00,1525.00,1660.00,1784.00,1191.00,1400.00,1675.00,1914.00,2081.00,2098.00,2122.00
CA038,941.00,941.00,941.00,941.00,1025.00,1258.00,1348.00,1448.00,1541.00,1259.00,1389.00,1510.00,1553.00,1602.00,1368.00,1492.00,1560.00,1052.00,1252.00,1505.00,1623.00,1704.00,1718.00,1738.00
CA039,915.00,915.00,915.00,915.00,984.00,1265.00,1365.00,1474.00,1585.00,1267.00,1410.00,1543.00,1601.00,1669.00,1386.00,1523.00,1612.00,1016.00,1258.00,1538.00,1698.00,1808.00,1823.00,1844.00
CA040,537.00,537.00,537.00,537.00,548.00,636.00,700.00,788.00,911.00,637.00,729.00,815.00,871.00,935.00,714.00,802.00,881.00,558.00,634.00,812.00,963.00,1068.00,1164.00,1187.00
CA041,711.00,711.00,711.00,711.00,747.00,892.00,940.00,994.00,1051.00,893.00,962.00,1027.00,1061.00,1100.00,951.00,1017.00,1067.00,764.00,888.00,1024.00,1116.00,1180.00,1190.00,1204.00
CA042,555.00,555.00,555.00,555.00,630.00,762.00,816.00,875.00,947.00,763.00,840.00,912.00,960.00,1017.00,827.00,901.00,969.00,645.00,759.00,909.00,1040.00,1132.00,1141.00,1154.00
CA044,1882.00,1882.00,1882.00,1882.00,2041.00,2213.00,2299.00,2393.00,2526.00,2214.00,2337.00,2452.00,2555.00,2673.00,2317.00,2435.00,2573.00,2061.00,2209.00,2447.00,2724.00,2917.00,2941.00,2975.00
CA392,1015.00,1015.00,1015.00,1015.00,1070.00,1181.00,1292.00,1415.00,1521.00,1183.00,1342.00,1491.00,1533.00,1581.00,1316.00,1468.00,1540.00,1083.00,1178.00,1485.00,1602.00,1681.00,1695.00,1714.00
CA393,608.00,608.00,608.00,608.00,664.00,830.00,901.00,980.00,1047.00,831.00,933.00,1029.00,1054.00,1083.00,917.00,1014.00,1058.00,683.00,826.00,1025.00,1095.00,1143.00,1152.00,1166.00
CA420,710.00,710.00,710.00,710.00,764.00,877.00,935.00,1000.00,1068.00,878.00,962.00,1040.00,1079.00,1124.00,948.00,1028.00,1086.00,777.00,874.00,1037.00,1143.00,1217.00,1227.00,1241.00
CA421,869.00,869.00,869.00,869.00,922.00,1016.00,1092.00,1176.00,1250.00,1017.00,1127.00,1229.00,1258.00,1291.00,1109.00,1213.00,1263.00,933.00,1014.00,1225.00,1305.00,1360.00,1371.00,1387.00
CA457,694.00,694.00,694.00,694.00,737.00,824.00,873.00,927.00,981.00,825.00,895.00,961.00,989.00,1022.00,884.00,951.00,994.00,747.00,822.00,958.00,1036.00,1090.00,1099.00,1117.00
CO045,781.00,781.00,781.00,781.00,879.00,1113.00,1164.00,1221.00,1291.00,1114.00,1188.00,1257.00,1304.00,1359.00,1176.00,1246.00,1313.00,906.00,1107.00,1254.00,1382.00,1476.00,1489.00,1506.00
CO046,722.00,722.00,722.00,722.00,762.00,868.00,905.00,946.00,1009.00,868.00,922.00,972.00,1023.00,1083.00,913.00,964.00,1033.00,774.00,865.00,970.00,1109.00,1206.00,1216.00,1230.00
CO047,698.00,698.00,698.00,698.00,709.00,877.00,950.00,1030.00,1102.00,878.00,983.00,1080.00,1110.00,1146.00,965.00,1065.00,1116.00,729.00,873.00,1076.00,1161.00,1219.00,1229.00,1243.00
CO422,928.00,928.00,928.00,928.00,953.00,1093.00,1166.00,1247.00,1332.00,1094.00,1199.00,1297.00,1346.00,1402.00,1182.00,1282.00,1354.00,969.00,1090.00,1293.00,1426.00,1518.00,1530.00,1548.00
CT049,765.00,765.00,765.00,765.00,825.00,960.00,1027.00,1102.00,1209.00,961.00,1058.00,1148.00,1232.00,1330.00,1042.00,1134.00,1247.00,841.00,957.00,1144.00,1371.00,1530.00,1542.00,1560.00
CT050,891.00,891.00,891.00,891.00,919.00,978.00,1031.00,1089.00,1169.00,979.00,1055.00,1126.00,1214.00,1285.00,1042.00,1115.00,1196.00,926.00,976.00,1123.00,1284.00,1402.00,1455.00,1481.00
CT051,998.00,998.00,998.00,998.00,1062.00,1154.00,1215.00,1282.00,1376.00,1155.00,1242.00,1324.00,1396.00,1480.00,1228.00,1311.00,1409.00,1073.00,1152.00,1321.00,1516.00,1652.00,1665.00,1685.00
DC053,952.00,952.00,952.00,952.00,1024.00,1269.00,1380.00,1502.00,1625.00,1271.00,1430.00,1578.00,1644.00,1720.00,1404.00,1555.00,1655.00,1052.00,1263.00,1572.00,1752.00,1876.00,1891.00,1913.00
DE054,744.00,744.00,744.00,744.00,821.00,886.00,906.00,928.00,984.00,886.00,915.00,942.00,1000.00,1068.00,910.00,938.00,1011.00,829.00,884.00,941.00,1097.00,1207.00,1217.00,1231.00
DE055,737.00,737.00,737.00,737.00,814.00,824.00,825.00,827.00,859.00,824.00,826.00,860.00,880.00,938.00,826.00,827.00,875.00,816.00,824.00,827.00,974.00,1015.00,1023.00,1035.00
FL056,566.00,566.00,566.00,566.00,587.00,711.00,749.00,791.00,849.00,712.00,766.00,818.00,861.00,912.00,757.00,810.00,893.00,601.00,708.00,816.00,958.00,1073.00,1076.00,1096.00
FL057,526.00,526.00,526.00,526.00,615.00,727.00,792.00,863.00,926.00,728.00,821.00,908.00,933.00,962.00,806.00,895.00,937.00,622.00,724.00,904.00,974.00,1083.00,1101.00,1120.00
FL058,722.00,722.00,722.00,722.00,791.00,801.00,810.00,820.00,873.00,801.00,817.00,829.00,895.00,966.00,812.00,825.00,902.00,793.00,800.00,842.00,995.00,1143.00,1148.00,1168.00
FL059,684.00,684.00,684.00,684.00,736.00,839.00,899.00,965.00,1032.00,840.00,926.00,1007.00,1041.00,1081.00,912.00,995.00,1047.00,748.00,836.00,1004.00,1098.00,1163.00,1172.00,1275.00
FL061,963.00,963.00,963.00,963.00,1076.00,1299.00,1352.00,1410.00,1533.00,1300.00,1376.00,1447.00,1566.00,1704.00,1363.00,1436.00,1587.00,1102.00,1294.00,1444.00,1762.00,1986.00,2002.00,2026.00
FL062,750.00,750.00,750.00,750.00,799.00,891.00,956.00,1029.00,1115.00,892.00,986.00,1074.00,1131.00,1197.00,971.00,1061.00,1141.00,810.00,889.00,1070.00,1225.00,1332.00,1343.00,1358.00
FL063,624.00,624.00,624.00,624.00,626.00,776.00,777.00,778.00,808.00,776.00,777.00,779.00,819.00,866.00,777.00,778.00,826.00,643.00,772.00,779.00,886.00,972.00,973.00,1056.00
FL064,552.00,552.00,552.00,552.00,592.00,646.00,671.00,709.00,748.00,646.00,687.00,728.00,795.00,859.00,666.00,716.00,782.00,599.00,645.00,739.00,856.00,948.00,1000.00,1011.00
FL065,653.00,653.00,653.00,653.00,717.00,850.00,877.00,908.00,962.00,850.00,890.00,927.00,976.00,1033.00,883.00,921.00,985.00,733.00,847.00,925.00,1057.00,1150.00,1159.00,1173.00
FL066,766.00,766.00,766.00,766.00,811.00,864.00,880.00,897.00,981.00,864.00,895.00,911.00,1010.00,1128.00,883.00,905.00,1028.00,817.00,863.00,934.00,1177.00,1369.00,1380.00,1396.00
FL067,952.00,952.00,952.00,952.00,1039.00,1255.00,1335.00,1424.00,1516.00,1256.00,1371.00,1479.00,1530.00,1590.00,1353.00,1463.00,1539.00,1064.00,1250.00,1475.00,1615.00,1712.00,1726.00,1746.00
FL068,539.00,539.00,539.00,539.00,562.00,634.00,675.00,753.00,839.00,666.00,763.00,794.00,859.00,925.00,709.00,766.00,865.00,577.00,679.00,786.00,971.00,1089.00,1130.00,1143.00
FL069,1279.00,1279.00,1279.00,1279.00,1408.00,1452.00,1503.00,1577.00,1692.00,1519.00,1605.00,1686.00,1784.00,1873.00,1591.00,1673.00,1781.00,1458.00,1517.00,1683.00,1943.00,2094.00,2110.00,2149.00
FL070,712.00,712.00,712.00,712.00,776.00,787.00,787.00,788.00,837.00,787.00,788.00,806.00,861.00,935.00,788.00,789.00,871.00,778.00,786.00,793.00,956.00,1083.00,1085.00,1106.00
FL397,595.00,595.00,595.00,595.00,679.00,774.00,783.00,793.00,858.00,774.00,787.00,800.00,862.00,921.00,785.00,798.00,850.00,690.00,772.00,799.00,946.00,1084.00,1151.00,1236.00
FL423,639.00,639.00,639.00,639.00,714.00,828.00,879.00,935.00,1001.00,829.00,902.00,971.00,1012.00,1060.00,890.00,960.00,1019.00,727.00,825.00,968.00,1080.00,1157.00,1167.00,1181.00
FL424,762.00,762.00,762.00,762.00,868.00,908.00,980.00,1059.00,1138.00,909.00,1012.00,1108.00,1149.00,1198.00,995.00,1093.00,1157.00,873.00,907.00,1104.00,1218.00,1297.00,1308.00,1323.00
GA071,1031.00,1031.00,1031.00,1031.00,1129.00,1218.00,1218.00,1219.00,1281.00,1218.00,1218.00,1219.00,1305.00,1405.00,1218.00,1219.00,1321.00,1140.00,1216.00,1219.00,1447.00,1609.00,1622.00,1641.00
GA072,499.00,499.00,499.00,499.00,520.00,556.00,605.00,660.00,719.00,556.00,627.00,694.00,738.00,809.00,616.00,684.00,743.00,524.00,576.00,691.00,839.00,957.00,987.00,1077.00
GA073,637.00,637.00,637.00,637.00,684.00,733.00,747.00,764.00,804.00,733.00,754.00,774.00,815.00,878.00,751.00,771.00,822.00,690.00,732.00,773.00,919.00,1011.00,1022.00,1069.00
GA074,571.00,571.00,571.00,571.00,624.00,626.00,688.00,757.00,808.00,627.00,716.00,800.00,811.00,823.00,702.00,787.00,813.00,624.00,626.00,797.00,829.00,960.00,962.00,1046.00
GA075,636.00,636.00,636.00,636.00,665.00,732.00,753.00,775.00,814.00,732.00,762.00,790.00,823.00,862.00,757.00,786.00,829.00,673.00,730.00,789.00,879.00,942.00,950.00,988.00
GA076,711.00,711.00,711.00,711.00,762.00,833.00,855.00,879.00,917.00,833.00,865.00,895.00,926.00,962.00,860.00,890.00,931.00,770.00,831.00,894.00,977.00,1035.00,1043.00,1072.00
GA077,730.00,730.00,730.00,730.00,794.00,863.00,884.00,908.00,957.00,863.00,894.00,923.00,970.00,1026.00,889.00,918.00,979.00,802.00,861.00,922.00,1049.00,1139.00,1148.00,1162.00
GA078,663.00,663.00,663.00,663.00,726.00,807.00,852.00,902.00,960.00,808.00,873.00,934.00,970.00,1013.00,862.00,925.00,977.00,736.00,805.00,931.00,1031.00,1100.00,1109.00,1138.00
GA079,648.00,648.00,648.00,648.00,680.00,780.00,832.00,890.00,951.00,781.00,856.00,926.00,960.00,1001.00,843.00,915.00,967.00,692.00,777.00,923.00,1018.00,1083.00,1092.00,1104.00
GA080,520.00,520.00,520.00,520.00,555.00,599.00,638.00,722.00,818.00,600.00,673.00,775.00,835.00,904.00,655.00,759.00,845.00,571.00,623.00,771.00,933.00,1046.00,1054.00,1067.00
GA081,516.00,516.00,516.00,516.00,560.00,675.00,729.00,789.00,852.00,676.00,753.00,826.00,862.00,904.00,741.00,815.00,869.00,573.00,672.00,823.00,922.00,991.00,999.00,1011.00
HI408,1031.00,1031.00,1031.00,1031.00,1109.00,1358.00,1482.00,1619.00,1717.00,1360.00,1539.00,1705.00,1721.00,1741.00,1509.00,1680.00,1725.00,1138.00,1352.00,1699.00,1749.00,1781.00,1796.00,1816.00
HI409,897.00,897.00,897.00,897.00,935.00,1069.00,1166.00,1274.00,1371.00,1070.00,1210.00,1341.00,1383.00,1433.00,1188.00,1321.00,1391.00,951.00,1066.00,1336.00,1454.00,1534.00,1546.00,1565.00
IA082,668.00,668.00,668.00,668.00,744.00,853.00,920.00,995.00,1069.00,854.00,951.00,1041.00,1080.00,1125.00,935.00,1027.00,1087.00,757.00,850.00,1037.00,1144.00,1218.00,1228.00,1242.00
IA083,543.00,543.00,543.00,543.00,607.00,731.00,770.00,812.00,873.00,732.00,787.00,839.00,886.00,940.00,778.00,831.00,894.00,621.00,728.00,837.00,963.00,1051.00,1065.00,1084.00
IA330,541.00,541.00,541.00,541.00,589.00,676.00,721.00,771.00,824.00,677.00,742.00,803.00,833.00,868.00,731.00,794.00,838.00,599.00,674.00,800.00,882.00,939.00,947.00,958.00
IA331,472.00,472.00,472.00,472.00,533.00,658.00,688.00,722.00,761.00,658.00,702.00,743.00,774.00,829.00,695.00,736.00,773.00,542.00,654.00,741.00,834.00,927.00,956.00,1046.00
IA332,518.00,518.00,518.00,518.00,564.00,648.00,691.00,739.00,789.00,649.00,711.00,769.00,797.00,860.00,701.00,760.00,803.00,574.00,646.00,767.00,845.00,949.00,965.00,1048.00
IA389,517.00,517.00,517.00,517.00,552.00,676.00,713.00,755.00,798.00,676.00,730.00,781.00,804.00,831.00,722.00,773.00,808.00,566.00,673.00,779.00,843.00,887.00,894.00,946.00
IA425,691.00,691.00,691.00,691.00,779.00,863.00,911.00,964.00,1024.00,864.00,933.00,997.00,1034.00,1077.00,921.00,987.00,1041.00,789.00,861.00,994.00,1096.00,1166.00,1175.00,1212.00
ID084,596.00,596.00,596.00,596.00,638.00,654.00,710.00,782.00,834.00,662.00,739.00,802.00,846.00,910.00,723.00,781.00,851.00,640.00,651.00,801.00,940.00,1055.00,1064.00,1076.00
ID085,477.00,477.00,477.00,477.00,541.00,606.00,675.00,739.00,814.00,611.00,713.00,770.00,820.00,860.00,672.00,734.00,801.00,548.00,635.00,750.00,878.00,945.00,952.00,963.00
ID086,509.00,509.00,509.00,509.00,549.00,591.00,641.00,725.00,806.00,605.00,661.00,739.00,789.00,845.00,630.00,687.00,759.00,528.00,592.00,693.00,842.00,895.00,903.00,946.00
ID087,430.00,430.00,430.00,430.00,477.00,578.00,606.00,637.00,691.00,578.00,618.00,656.00,709.00,760.00,612.00,650.00,720.00,481.00,575.00,654.00,766.00,854.00,854.00,946.00
ID333,517.00,517.00,517.00,517.00,623.00,724.00,740.00,758.00,825.00,724.00,747.00,769.00,828.00,891.00,743.00,765.00,823.00,635.00,721.00,768.00,896.00,1011.00,1030.00,1057.00
ID426,445.00,445.00,445.00,445.00,488.00,536.00,569.00,604.00,653.00,526.00,583.00,623.00,664.00,706.00,576.00,617.00,672.00,507.00,536.00,621.00,723.00,810.00,843.00,946.00
IL088,550.00,550.00,550.00,550.00,584.00,666.00,692.00,722.00,768.00,666.00,704.00,740.00,779.00,829.00,698.00,734.00,787.00,594.00,664.00,738.00,850.00,935.00,1003.00,1023.00
IL089,544.00,544.00,544.00,544.00,603.00,680.00,718.00,760.00,804.00,680.00,735.00,786.00,811.00,852.00,726.00,778.00,815.00,612.00,678.00,784.00,852.00,959.00,967.00,978.00
IL090,531.00,531.00,531.00,531.00,574.00,643.00,709.00,782.00,883.00,645.00,739.00,828.00,904.00,993.00,724.00,814.00,918.00,582.00,661.00,824.00,1030.00,1174.00,1184.00,1197.00
IL092,1003.00,1003.00,1003.00,1003.00,1087.00,1154.00,1228.00,1309.00,1391.00,1155.00,1261.00,1360.00,1403.00,1452.00,1244.00,1345.00,1410.00,1095.00,1152.00,1356.00,1473.00,1554.00,1567.00,1585.00
IL093,554.00,554.00,554.00,554.00,606.00,729.00,776.00,828.00,915.00,730.00,797.00,871.00,936.00,1024.00,786.00,853.00,950.00,608.00,725.00,866.00,1062.00,1205.00,1215.00,1229.00
IL325,1094.00,1094.00,1094.00,1094.00,1137.00,1244.00,1279.00,1318.00,1409.00,1244.00,1295.00,1343.00,1434.00,1540.00,1287.00,1336.00,1451.00,1150.00,1241.00,1341.00,1585.00,1757.00,1771.00,1792.00
IL335,513.00,513.00,513.00,513.00,583.00,607.00,651.00,708.00,782.00,607.00,688.00,753.00,789.00,880.00,661.00,723.00,791.00,586.00,606.00,752.00,922.00,1059.00,1106.00,1118.00
IL366,674.00,674.00,674.00,674.00,759.00,845.00,903.00,966.00,1043.00,846.00,929.00,1006.00,1057.00,1117.00,915.00,994.00,1066.00,769.00,843.00,1003.00,1142.00,1239.00,1249.00,1264.00
IL427,519.00,519.00,519.00,519.00,586.00,700.00,754.00,814.00,885.00,701.00,779.00,852.00,897.00,950.00,766.00,841.00,905.00,599.00,697.00,849.00,972.00,1058.00,1067.00,1079.00
IN094,665.00,665.00,665.00,665.00,737.00,764.00,812.00,866.00,945.00,765.00,834.00,899.00,963.00,1037.00,823.00,889.00,974.00,740.00,763.00,896.00,1068.00,1188.00,1198.00,1212.00
IN096,612.00,612.00,612.00,612.00,631.00,643.00,677.00,736.00,810.00,653.00,719.00,768.00,844.00,900.00,678.00,744.00,823.00,633.00,651.00,762.00,882.00,939.00,949.00,968.00
IN097,518.00,518.00,518.00,518.00,592.00,650.00,712.00,724.00,784.00,668.00,717.00,745.00,797.00,856.00,710.00,739.00,798.00,595.00,685.00,744.00,884.00,1013.00,1043.00,1064.00
IN099,621.00,621.00,621.00,621.00,693.00,756.00,776.00,797.00,832.00,756.00,784.00,811.00,841.00,876.00,780.00,807.00,846.00,701.00,754.00,810.00,910.00,1088.00,1097.00,1110.00
IN337,534.00,534.00,534.00,534.00,590.00,704.00,733.00,766.00,829.00,704.00,746.00,786.00,861.00,938.00,740.00,780.00,856.00,603.00,701.00,784.00,943.00,1070.00,1097.00,1118.00
IN338,477.00,477.00,477.00,477.00,513.00,572.00,590.00,637.00,700.00,572.00,611.00,662.00,734.00,795.00,601.00,652.00,728.00,520.00,570.00,669.00,805.00,909.00,916.00,946.00
IN367,584.00,584.00,584.00,584.00,609.00,682.00,708.00,736.00,783.00,682.00,719.00,754.00,818.00,877.00,713.00,749.00,801.00,617.00,680.00,752.00,868.00,1027.00,1052.00,1073.00
IN399,577.00,577.00,577.00,577.00,630.00,739.00,798.00,862.00,927.00,740.00,824.00,903.00,937.00,976.00,810.00,891.00,943.00,643.00,736.00,900.00,992.00,1056.00,1065.00,1077.00
KS100,484.00,484.00,484.00,484.00,524.00,604.00,626.00,650.00,708.00,604.00,636.00,713.00,746.00,809.00,630.00,660.00,732.00,541.00,602.00,682.00,817.00,922.00,951.00,1025.00
KS101,574.00,574.00,574.00,574.00,649.00,736.00,802.00,874.00,961.00,737.00,832.00,920.00,977.00,1044.00,816.00,906.00,988.00,659.00,734.00,916.00,1072.00,1181.00,1191.00,1204.00
KS102,589.00,589.00,589.00,589.00,636.00,772.00,812.00,855.00,896.00,773.00,830.00,883.00,901.00,922.00,820.00,875.00,904.00,652.00,769.00,881.00,931.00,966.00,983.00,1048.00
KS104,573.00,573.00,573.00,573.00,616.00,773.00,818.00,868.00,934.00,774.00,839.00,900.00,948.00,1003.00,828.00,891.00,956.00,634.00,769.00,897.00,1027.00,1117.00,1126.00,1139.00
KS105,550.00,550.00,550.00,550.00,619.00,705.00,733.00,764.00,813.00,705.00,745.00,783.00,824.00,873.00,739.00,777.00,832.00,629.00,703.00,781.00,893.00,972.00,980.00,991.00
KS334,453.00,453.00,453.00,453.00,508.00,559.00,617.00,671.00,710.00,527.00,633.00,690.00,718.00,765.00,598.00,657.00,712.00,506.00,558.00,668.00,786.00,867.00,874.00,946.00
KY106,476.00,476.00,476.00,476.00,520.00,575.00,615.00,645.00,723.00,578.00,623.00,664.00,745.00,810.00,608.00,648.00,719.00,559.00,580.00,666.00,807.00,919.00,957.00,982.00
KY107,574.00,574.00,574.00,574.00,648.00,719.00,751.00,788.00,844.00,719.00,765.00,810.00,873.00,935.00,758.00,801.00,844.00,656.00,717.00,806.00,931.00,1055.00,1076.00,1095.00
KY109,612.00,612.00,612.00,612.00,670.00,769.00,820.00,877.00,937.00,770.00,844.00,913.00,947.00,986.00,832.00,902.00,953.00,682.00,766.00,910.00,1003.00,1067.00,1090.00,1110.00
KY110,431.00,431.00,431.00,431.00,485.00,549.00,601.00,658.00,728.00,550.00,624.00,694.00,741.00,795.00,612.00,683.00,749.00,498.00,547.00,691.00,818.00,906.00,913.00,946.00
KY112,471.00,471.00,471.00,471.00,527.00,605.00,630.00,657.00,701.00,605.00,641.00,675.00,711.00,753.00,635.00,670.00,718.00,536.00,603.00,673.00,771.00,839.00,846.00,946.00
KY339,460.00,460.00,460.00,460.00,517.00,613.00,676.00,745.00,821.00,614.00,704.00,788.00,833.00,886.00,689.00,775.00,841.00,528.00,611.00,785.00,908.00,994.00,1002.00,1030.00
KY429,486.00,486.00,486.00,486.00,525.00,575.00,643.00,717.00,800.00,576.00,673.00,764.00,814.00,872.00,657.00,750.00,823.00,531.00,574.00,760.00,896.00,990.00,998.00,1058.00
KY430,478.00,478.00,478.00,478.00,518.00,560.00,599.00,639.00,693.00,535.00,612.00,661.00,720.00,785.00,609.00,654.00,724.00,523.00,583.00,672.00,813.00,922.00,951.00,1026.00
LA113,467.00,467.00,467.00,467.00,526.00,621.00,663.00,709.00,759.00,622.00,682.00,738.00,768.00,802.00,672.00,729.00,773.00,537.00,619.00,736.00,817.00,913.00,943.00,972.00
LA114,617.00,617.00,617.00,617.00,640.00,673.00,744.00,823.00,910.00,674.00,776.00,872.00,924.00,985.00,760.00,857.00,934.00,644.00,672.00,868.00,1011.00,1110.00,1119.00,1132.00
LA115,431.00,431.00,431.00,431.00,486.00,516.00,535.00,554.00,680.00,510.00,543.00,607.00,709.00,772.00,538.00,592.00,715.00,505.00,516.00,603.00,798.00,871.00,878.00,946.00
LA116,601.00,601.00,601.00,601.00,615.00,826.00,896.00,973.00,1048.00,827.00,927.00,1021.00,1059.00,1103.00,911.00,1007.00,1066.00,639.00,821.00,1017.00,1122.00,1194.00,1204.00,1218.00
LA117,599.00,599.00,599.00,599.00,667.00,727.00,784.00,846.00,919.00,728.00,809.00,885.00,932.00,986.00,796.00,873.00,940.00,674.00,725.00,882.00,1009.00,1098.00,1107.00,1120.00
LA118,554.00,554.00,554.00,554.00,607.00,770.00,802.00,838.00,874.00,770.00,817.00,861.00,878.00,899.00,809.00,854.00,882.00,619.00,766.00,859.00,908.00,1006.00,1031.00,1088.00
LA326,506.00,506.00,506.00,506.00,545.00,703.00,703.00,704.00,739.00,703.00,704.00,705.00,743.00,795.00,704.00,705.00,749.00,563.00,699.00,705.00,822.00,927.00,957.00,1046.00
LA370,542.00,542.00,542.00,542.00,580.00,661.00,691.00,724.00,797.00,661.00,705.00,761.00,834.00,899.00,697.00,739.00,821.00,590.00,659.00,753.00,902.00,1031.00,1086.00,1110.00
LA371,497.00,497.00,497.00,497.00,543.00,618.00,619.00,681.00,766.00,618.00,650.00,714.00,786.00,832.00,639.00,696.00,782.00,552.00,616.00,711.00,849.00,915.00,922.00,946.00
MA119,990.00,990.00,990.00,990.00,1065.00,1071.00,1165.00,1269.00,1363.00,1072.00,1208.00,1334.00,1374.00,1421.00,1186.00,1315.00,1381.00,1066.00,1071.00,1329.00,1441.00,1517.00,1529.00,1547.00
MA120,1552.00,1552.00,1552.00,1552.00,1722.00,1741.00,1867.00,2006.00,2207.00,1743.00,1924.00,2093.00,2251.00,2434.00,1895.00,2067.00,2279.00,1725.00,1740.00,2086.00,2511.00,2808.00,2831.00,2864.00
MA121,990.00,990.00,990.00,990.00,1065.00,1071.00,1165.00,1269.00,1363.00,1072.00,1208.00,1334.00,1374.00,1421.00,1186.00,1315.00,1381.00,1066.00,1071.00,1329.00,1441.00,1517.00,1529.00,1547.00
MA122,962.00,962.00,962.00,962.00,986.00,1035.00,1116.00,1206.00,1296.00,1036.00,1153.00,1262.00,1309.00,1365.00,1134.00,1245.00,1318.00,992.00,1034.00,1258.00,1388.00,1478.00,1490.00,1507.00
MA123,937.00,937.00,937.00,937.00,1008.00,1125.00,1213.00,1310.00,1408.00,1126.00,1253.00,1371.00,1423.00,1483.00,1232.00,1353.00,1432.00,1022.00,1122.00,1366.00,1508.00,1606.00,1619.00,1638.00
MA124,1081.00,1081.00,1081.00,1081.00,1107.00,1231.00,1315.00,1407.00,1537.00,1232.00,1353.00,1465.00,1564.00,1679.00,1333.00,1448.00,1582.00,1121.00,1228.00,1461.00,1728.00,1915.00,1931.00,1953.00
MA125,1004.00,1004.00,1004.00,1004.00,1124.00,1386.00,1478.00,1580.00,1689.00,1387.00,1520.00,1644.00,1706.00,1779.00,1498.00,1625.00,1717.00,1154.00,1380.00,1639.00,1809.00,1927.00,1943.00,1965.00
MA126,778.00,778.00,778.00,778.00,848.00,937.00,1010.00,1091.00,1171.00,938.00,1043.00,1141.00,1183.00,1232.00,1026.00,1126.00,1191.00,859.00,935.00,1137.00,1253.00,1333.00,1344.00,1359.00
MA151,990.00,990.00,990.00,990.00,1065.00,1071.00,1165.00,1269.00,1363.00,1072.00,1208.00,1334.00,1374.00,1421.00,1186.00,1315.00,1381.00,1066.00,1071.00,1329.00,1441.00,1517.00,1529.00,1547.00
MA377,1071.00,1071.00,1071.00,1071.00,1127.00,1387.00,1506.00,1636.00,1765.00,1389.00,1559.00,1718.00,1783.00,1859.00,1531.00,1694.00,1795.00,1157.00,1381.00,1712.00,1891.00,2014.00,2030.00,2054.00
MA431,577.00,577.00,577.00,577.00,655.00,866.00,924.00,988.00,1060.00,867.00,950.00,1028.00,1072.00,1124.00,936.00,1016.00,1080.00,679.00,861.00,1025.00,1145.00,1229.00,1239.00,1253.00
MD127,703.00,703.00,703.00,703.00,751.00,862.00,920.00,983.00,1050.00,863.00,946.00,1023.00,1061.00,1105.00,932.00,1011.00,1068.00,764.00,859.00,1020.00,1124.00,1197.00,1207.00,1222.00
MD128,958.00,958.00,958.00,958.00,1000.00,1174.00,1288.00,1414.00,1541.00,1176.00,1340.00,1493.00,1559.00,1636.00,1313.00,1470.00,1571.00,1020.00,1170.00,1487.00,1669.00,1794.00,1809.00,1830.00
MD129,750.00,750.00,750.00,750.00,823.00,856.00,946.00,1045.00,1172.00,857.00,987.00,1107.00,1196.00,1300.00,965.00,1089.00,1213.00,827.00,855.00,1102.00,1344.00,1513.00,1525.00,1543.00
MD130,769.00,769.00,769.00,769.00,850.00,983.00,1010.00,1039.00,1098.00,983.00,1022.00,1058.00,1114.00,1179.00,1015.00,1052.00,1124.00,866.00,980.00,1056.00,1206.00,1312.00,1323.00,1338.00
MD133,930.00,930.00,930.00,930.00,971.00,1148.00,1183.00,1269.00,1364.00,1148.00,1214.00,1328.00,1378.00,1437.00,1194.00,1311.00,1387.00,985.00,1141.00,1323.00,1461.00,1601.00,1615.00,1634.00
MD134,878.00,878.00,878.00,878.00,878.00,936.00,1019.00,1054.00,1124.00,937.00,1003.00,1066.00,1146.00,1239.00,992.00,1056.00,1161.00,885.00,934.00,1063.00,1279.00,1430.00,1442.00,1458.00
MD135,741.00,741.00,741.00,741.00,817.00,842.00,902.00,968.00,1039.00,843.00,929.00,1009.00,1050.00,1098.00,915.00,997.00,1058.00,818.00,841.00,1006.00,1119.00,1215.00,1225.00,1240.00
MD340,463.00,463.00,463.00,463.00,525.00,582.00,608.00,633.00,699.00,572.00,618.00,659.00,715.00,763.00,610.00,651.00,724.00,521.00,584.00,657.00,780.00,850.00,857.00,946.00
MD432,649.00,649.00,649.00,649.00,698.00,801.00,835.00,872.00,930.00,801.00,850.00,896.00,943.00,999.00,842.00,889.00,952.00,710.00,798.00,894.00,1022.00,1112.00,1121.00,1134.00
ME136,577.00,577.00,577.00,577.00,627.00,764.00,824.00,890.00,966.00,765.00,851.00,931.00,980.00,1038.00,837.00,919.00,989.00,643.00,761.00,928.00,1062.00,1155.00,1164.00,1178.00
ME137,437.00,437.00,437.00,437.00,497.00,551.00,595.00,643.00,701.00,526.00,614.00,671.00,742.00,786.00,594.00,644.00,717.00,506.00,550.00,662.00,799.00,864.00,871.00,946.00
ME139,816.00,816.00,816.00,816.00,869.00,1081.00,1140.00,1204.00,1259.00,1082.00,1166.00,1245.00,1265.00,1288.00,1152.00,1233.00,1268.00,893.00,1076.00,1242.00,1315.00,1420.00,1432.00,1449.00
ME141,782.00,782.00,782.00,782.00,830.00,904.00,971.00,1046.00,1109.00,905.00,1002.00,1092.00,1116.00,1144.00,986.00,1078.00,1120.00,839.00,902.00,1088.00,1156.00,1202.00,1212.00,1226.00
ME390,615.00,615.00,615.00,615.00,686.00,832.00,898.00,970.00,1043.00,833.00,928.00,1016.00,1054.00,1098.00,912.00,1002.00,1061.00,703.00,828.00,1012.00,1116.00,1188.00,1198.00,1212.00
MI142,727.00,727.00,727.00,727.00,852.00,1005.00,1044.00,1086.00,1155.00,1006.00,1061.00,1113.00,1172.00,1240.00,1052.00,1105.00,1182.00,870.00,1001.00,1111.00,1269.00,1380.00,1391.00,1407.00
MI143,422.00,422.00,422.00,422.00,475.00,507.00,564.00,625.00,681.00,487.00,589.00,648.00,707.00,724.00,576.00,641.00,711.00,479.00,507.00,649.00,727.00,810.00,843.00,946.00
MI145,663.00,663.00,663.00,663.00,686.00,808.00,852.00,901.00,961.00,809.00,872.00,932.00,973.00,1020.00,862.00,923.00,980.00,700.00,805.00,930.00,1041.00,1118.00,1127.00,1140.00
MI146,619.00,619.00,619.00,619.00,674.00,773.00,825.00,882.00,943.00,774.00,848.00,918.00,952.00,992.00,836.00,907.00,958.00,686.00,770.00,915.00,1009.00,1074.00,1083.00,1095.00
MI148,587.00,587.00,587.00,587.00,655.00,752.00,802.00,857.00,916.00,753.00,825.00,892.00,925.00,964.00,813.00,882.00,931.00,666.00,750.00,889.00,980.00,1043.00,1051.00,1064.00
MI149,557.00,557.00,557.00,557.00,610.00,665.00,718.00,776.00,835.00,666.00,742.00,813.00,843.00,891.00,729.00,802.00,848.00,614.00,664.00,810.00,893.00,987.00,1010.00,1107.00
MI152,601.00,601.00,601.00,601.00,644.00,704.00,767.00,836.00,900.00,705.00,795.00,880.00,908.00,947.00,781.00,867.00,914.00,651.00,702.00,877.00,958.00,1101.00,1143.00,1164.00
MI153,624.00,624.00,624.00,624.00,670.00,721.00,774.00,832.00,894.00,722.00,797.00,868.00,905.00,948.00,785.00,857.00,912.00,676.00,720.00,865.00,966.00,1036.00,1044.00,1057.00
MI154,672.00,672.00,672.00,672.00,758.00,883.00,911.00,943.00,1021.00,883.00,924.00,963.00,1043.00,1136.00,918.00,957.00,1058.00,773.00,880.00,961.00,1176.00,1327.00,1338.00,1353.00
MI155,859.00,859.00,859.00,859.00,947.00,1148.00,1246.00,1354.00,1489.00,1150.00,1290.00,1422.00,1515.00,1623.00,1267.00,1402.00,1531.00,970.00,1143.00,1417.00,1668.00,1843.00,1858.00,1880.00
MI156,545.00,545.00,545.00,545.00,594.00,671.00,681.00,694.00,731.00,671.00,686.00,702.00,767.00,826.00,683.00,699.00,749.00,603.00,668.00,701.00,825.00,955.00,987.00,1007.00
MI157,435.00,435.00,435.00,435.00,487.00,538.00,583.00,628.00,655.00,530.00,598.00,646.00,658.00,693.00,594.00,641.00,660.00,506.00,548.00,646.00,710.00,810.00,843.00,946.00
MI391,592.00,592.00,592.00,592.00,641.00,714.00,780.00,853.00,924.00,715.00,810.00,899.00,934.00,974.00,795.00,885.00,940.00,650.00,712.00,895.00,991.00,1057.00,1066.00,1078.00
MI434,546.00,546.00,546.00,546.00,602.00,704.00,750.00,801.00,854.00,705.00,771.00,833.00,863.00,898.00,760.00,823.00,868.00,614.00,701.00,830.00,912.00,969.00,977.00,1065.00
MN158,654.00,654.00,654.00,654.00,692.00,699.00,714.00,730.00,757.00,699.00,721.00,741.00,789.00,845.00,717.00,738.00,768.00,693.00,698.00,740.00,842.00,917.00,924.00,946.00
MN159,929.00,929.00,929.00,929.00,1038.00,1208.00,1256.00,1310.00,1394.00,1209.00,1278.00,1345.00,1414.00,1496.00,1267.00,1333.00,1426.00,1058.00,1204.00,1341.00,1531.00,1664.00,1678.00,1697.00
MN376,497.00,497.00,497.00,497.00,569.00,612.00,663.00,720.00,777.00,613.00,687.00,756.00,785.00,819.00,675.00,745.00,790.00,574.00,611.00,753.00,834.00,895.00,902.00,946.00
MN436,630.00,630.00,630.00,630.00,712.00,836.00,885.00,938.00,1004.00,837.00,907.00,972.00,1016.00,1067.00,895.00,962.00,1024.00,726.00,833.00,969.00,1089.00,1172.00,1181.00,1195.00
MO160,684.00,684.00,684.00,684.00,759.00,871.00,929.00,993.00,1061.00,872.00,955.00,1033.00,1072.00,1117.00,941.00,1021.00,1079.00,772.00,868.00,1030.00,1136.00,1209.00,1219.00,1233.00
MO161,666.00,666.00,666.00,666.00,750.00,873.00,891.00,912.00,960.00,873.00,900.00,925.00,974.00,1031.00,895.00,921.00,983.00,764.00,870.00,924.00,1055.00,1148.00,1157.00,1171.00
MO162,466.00,466.00,466.00,466.00,514.00,577.00,597.00,626.00,684.00,577.00,605.00,648.00,705.00,741.00,601.00,642.00,710.00,522.00,575.00,652.00,755.00,810.00,843.00,946.00
MO163,456.00,456.00,456.00,456.00,490.00,550.00,582.00,620.00,699.00,550.00,598.00,658.00,718.00,779.00,592.00,642.00,724.00,509.00,564.00,660.00,803.00,878.00,885.00,946.00
MO164,434.00,434.00,434.00,434.00,469.00,507.00,581.00,652.00,704.00,535.00,618.00,681.00,716.00,766.00,593.00,661.00,724.00,474.00,511.00,673.00,792.00,919.00,926.00,946.00
MO165,451.00,451.00,451.00,451.00,517.00,556.00,623.00,701.00,795.00,567.00,655.00,750.00,812.00,884.00,638.00,735.00,823.00,521.00,575.00,746.00,915.00,1032.00,1040.00,1052.00
MO343,510.00,510.00,510.00,510.00,564.00,659.00,690.00,724.00,773.00,659.00,704.00,745.00,784.00,831.00,696.00,739.00,792.00,575.00,657.00,743.00,850.00,925.00,932.00,946.00
MO344,487.00,487.00,487.00,487.00,553.00,610.00,659.00,712.00,766.00,611.00,681.00,746.00,774.00,806.00,669.00,736.00,779.00,560.00,608.00,743.00,823.00,931.00,961.00,1050.00
MS168,627.00,627.00,627.00,627.00,657.00,739.00,789.00,844.00,901.00,740.00,811.00,878.00,910.00,948.00,799.00,868.00,916.00,658.00,737.00,875.00,964.00,1026.00,1034.00,1046.00
MS169,451.00,451.00,451.00,451.00,494.00,543.00,610.00,646.00,737.00,545.00,625.00,681.00,758.00,806.00,596.00,671.00,739.00,509.00,566.00,679.00,824.00,891.00,917.00,955.00
MS170,634.00,634.00,634.00,634.00,682.00,761.00,821.00,887.00,954.00,762.00,848.00,929.00,964.00,1004.00,834.00,917.00,970.00,691.00,759.00,926.00,1021.00,1087.00,1096.00,1109.00
MS171,461.00,461.00,461.00,461.00,502.00,626.00,667.00,713.00,770.00,627.00,686.00,742.00,781.00,828.00,676.00,733.00,789.00,516.00,623.00,740.00,847.00,922.00,929.00,946.00
MS172,517.00,517.00,517.00,517.00,556.00,682.00,736.00,796.00,856.00,683.00,761.00,834.00,865.00,901.00,748.00,823.00,871.00,571.00,679.00,831.00,916.00,975.00,983.00,1057.00
MS410,607.00,607.00,607.00,607.00,637.00,717.00,751.00,789.00,848.00,717.00,767.00,813.00,862.00,918.00,759.00,806.00,870.00,646.00,715.00,811.00,942.00,1034.00,1042.00,1055.00
MS437,597.00,597.00,597.00,597.00,621.00,677.00,714.00,755.00,795.00,677.00,731.00,781.00,801.00,825.00,722.00,773.00,805.00,628.00,675.00,779.00,835.00,939.00,969.00,1058.00
MS438,424.00,424.00,424.00,424.00,488.00,552.00,585.00,630.00,685.00,552.00,601.00,653.00,711.00,774.00,597.00,646.00,716.00,507.00,565.00,664.00,800.00,891.00,898.00,946.00
MT175,445.00,445.00,445.00,445.00,493.00,566.00,624.00,694.00,787.00,566.00,647.00,744.00,804.00,874.00,630.00,729.00,815.00,512.00,569.00,740.00,903.00,1017.00,1025.00,1037.00
MT347,481.00,481.00,481.00,481.00,549.00,625.00,680.00,740.00,800.00,626.00,704.00,778.00,821.00,872.00,692.00,767.00,815.00,550.00,623.00,775.00,861.00,958.00,966.00,977.00
MT379,481.00,481.00,481.00,481.00,547.00,630.00,654.00,694.00,735.00,630.00,666.00,718.00,789.00,847.00,660.00,695.00,745.00,557.00,626.00,699.00,824.00,929.00,939.00,950.00
MT441,575.00,575.00,575.00,575.00,626.00,719.00,767.00,820.00,876.00,720.00,789.00,853.00,885.00,922.00,777.00,843.00,891.00,637.00,717.00,850.00,938.00,998.00,1006.00,1070.00
NC176,787.00,787.00,787.00,787.00,834.00,885.00,965.00,1054.00,1141.00,886.00,1001.00,1109.00,1154.00,1207.00,983.00,1093.00,1162.00,840.00,884.00,1105.00,1229.00,1314.00,1325.00,1340.00
NC177,519.00,519.00,519.00,519.00,561.00,658.00,690.00,725.00,776.00,658.00,704.00,747.00,787.00,833.00,697.00,740.00,794.00,572.00,656.00,745.00,853.00,929.00,959.00,1048.00
NC178,560.00,560.00,560.00,560.00,634.00,650.00,709.00,773.00,838.00,651.00,735.00,814.00,847.00,886.00,721.00,802.00,853.00,636.00,649.00,811.00,903.00,966.00,974.00,1049.00
NC179,760.00,760.00,760.00,760.00,825.00,939.00,980.00,1046.00,1125.00,939.00,1007.00,1087.00,1139.00,1200.00,993.00,1075.00,1149.00,836.00,935.00,1084.00,1226.00,1325.00,1336.00,1351.00
NC180,871.00,871.00,871.00,871.00,934.00,1071.00,1079.00,1087.00,1135.00,1071.00,1082.00,1093.00,1151.00,1218.00,1080.00,1091.00,1161.00,950.00,1068.00,1092.00,1246.00,1355.00,1366.00,1382.00
NC181,717.00,717.00,717.00,717.00,780.00,841.00,888.00,940.00,982.00,842.00,909.00,972.00,986.00,1003.00,898.00,962.00,989.00,787.00,839.00,969.00,1010.00,1038.00,1046.00,1059.00
NC182,625.00,625.00,625.00,625.00,638.00,662.00,667.00,700.00,715.00,662.00,691.00,720.00,753.00,812.00,668.00,675.00,740.00,641.00,661.00,716.00,833.00,921.00,942.00,964.00
NC183,571.00,571.00,571.00,571.00,610.00,620.00,676.00,737.00,796.00,621.00,701.00,776.00,804.00,836.00,688.00,764.00,809.00,612.00,620.00,773.00,850.00,938.00,950.00,1017.00
NC184,645.00,645.00,645.00,645.00,685.00,770.00,816.00,868.00,924.00,771.00,837.00,900.00,933.00,972.00,826.00,890.00,939.00,695.00,768.00,897.00,989.00,1052.00,1061.00,1073.00
NC185,848.00,848.00,848.00,848.00,944.00,1083.00,1130.00,1182.00,1256.00,1084.00,1151.00,1214.00,1273.00,1341.00,1140.00,1204.00,1283.00,960.00,1080.00,1211.00,1370.00,1481.00,1493.00,1510.00
NC186,723.00,723.00,723.00,723.00,778.00,888.00,896.00,905.00,946.00,888.00,900.00,911.00,959.00,1016.00,898.00,909.00,968.00,791.00,885.00,910.00,1039.00,1131.00,1140.00,1153.00
NC187,647.00,647.00,647.00,647.00,679.00,766.00,834.00,910.00,978.00,767.00,865.00,957.00,986.00,1021.00,849.00,943.00,992.00,689.00,764.00,953.00,1035.00,1091.00,1100.00,1113.00
NC372,559.00,559.00,559.00,559.00,619.00,700.00,740.00,783.00,845.00,701.00,758.00,811.00,858.00,916.00,748.00,803.00,867.00,629.00,698.00,809.00,937.00,1027.00,1035.00,1092.00
ND188,437.00,437.00,437.00,437.00,502.00,562.00,603.00,649.00,703.00,573.00,617.00,682.00,756.00,816.00,613.00,660.00,730.00,522.00,585.00,678.00,811.00,910.00,937.00,948.00
ND189,478.00,478.00,478.00,478.00,559.00,740.00,759.00,792.00,830.00,740.00,768.00,818.00,834.00,867.00,763.00,810.00,838.00,577.00,734.00,816.00,863.00,953.00,960.00,972.00
ND190,520.00,520.00,520.00,520.00,600.00,691.00,737.00,789.00,843.00,692.00,758.00,821.00,851.00,895.00,747.00,811.00,857.00,611.00,689.00,818.00,901.00,1023.00,1032.00,1044.00
ND191,393.00,393.00,393.00,393.00,443.00,481.00,567.00,655.00,716.00,515.00,606.00,683.00,729.00,759.00,586.00,662.00,737.00,448.00,504.00,681.00,770.00,895.00,950.00,981.00
NE192,642.00,642.00,642.00,642.00,680.00,780.00,832.00,890.00,951.00,781.00,856.00,926.00,960.00,1001.00,843.00,915.00,967.00,692.00,777.00,923.00,1018.00,1083.00,1092.00,1104.00
NE193,551.00,551.00,551.00,551.00,639.00,695.00,719.00,746.00,811.00,695.00,730.00,766.00,807.00,866.00,724.00,758.00,794.00,646.00,693.00,761.00,854.00,945.00,953.00,1023.00
NH194,830.00,830.00,830.00,830.00,885.00,1104.00,1209.00,1324.00,1439.00,1106.00,1256.00,1396.00,1456.00,1526.00,1231.00,1375.00,1467.00,910.00,1099.00,1390.00,1556.00,1670.00,1684.00,1703.00
NH195,806.00,806.00,806.00,806.00,866.00,989.00,1099.00,1220.00,1353.00,991.00,1149.00,1296.00,1374.00,1466.00,1123.00,1274.00,1389.00,880.00,986.00,1290.00,1504.00,1652.00,1665.00,1685.00
NJ196,922.00,922.00,922.00,922.00,977.00,1069.00,1200.00,1343.00,1483.00,1071.00,1258.00,1433.00,1503.00,1584.00,1228.00,1407.00,1516.00,988.00,1067.00,1426.00,1619.00,1751.00,1765.00,1786.00
NJ198,907.00,907.00,907.00,907.00,956.00,1010.00,1129.00,1261.00,1402.00,1012.00,1183.00,1343.00,1425.00,1521.00,1155.00,1319.00,1440.00,963.00,1009.00,1337.00,1561.00,1716.00,1730.00,1750.00
NJ200,1059.00,1059.00,1059.00,1059.00,1236.00,1360.00,1485.00,1622.00,1761.00,1362.00,1541.00,1708.00,1782.00,1868.00,1512.00,1683.00,1796.00,1250.00,1357.00,1701.00,1905.00,2045.00,2062.00,2086.00
NJ201,1075.00,1075.00,1075.00,1075.00,1187.00,1339.00,1351.00,1365.00,1421.00,1339.00,1357.00,1374.00,1440.00,1516.00,1354.00,1371.00,1451.00,1205.00,1335.00,1373.00,1548.00,1672.00,1686.00,1705.00
NJ202,1220.00,1220.00,1220.00,1220.00,1274.00,1298.00,1304.00,1311.00,1317.00,1298.00,1307.00,1315.00,1317.00,1319.00,1306.00,1314.00,1318.00,1277.00,1297.00,1315.00,1320.00,1383.00,1399.00,1424.00
NJ203,861.00,861.00,861.00,861.00,953.00,1064.00,1147.00,1239.00,1332.00,1065.00,1185.00,1297.00,1346.00,1403.00,1166.00,1280.00,1355.00,966.00,1061.00,1293.00,1427.00,1519.00,1531.00,1549.00
NJ204,855.00,855.00,855.00,855.00,906.00,1055.00,1110.00,1171.00,1259.00,1056.00,1135.00,1209.00,1278.00,1359.00,1122.00,1198.00,1291.00,923.00,1051.00,1206.00,1392.00,1523.00,1535.00,1553.00
NM205,453.00,453.00,453.00,453.00,517.00,653.00,677.00,704.00,772.00,653.00,688.00,721.00,792.00,875.00,682.00,716.00,805.00,532.00,649.00,719.00,909.00,1043.00,1052.00,1102.00
NM206,710.00,710.00,710.00,710.00,774.00,888.00,947.00,1013.00,1082.00,889.00,974.00,1054.00,1093.00,1139.00,960.00,1042.00,1100.00,787.00,885.00,1051.00,1158.00,1233.00,1243.00,1257.00
NM207,426.00,426.00,426.00,426.00,485.00,526.00,589.00,654.00,669.00,509.00,599.00,652.00,672.00,771.00,594.00,644.00,673.00,502.00,526.00,661.00,802.00,922.00,952.00,1027.00
NM209,621.00,621.00,621.00,621.00,697.00,709.00,736.00,766.00,815.00,709.00,748.00,785.00,827.00,875.00,742.00,779.00,834.00,699.00,708.00,783.00,896.00,975.00,1002.00,1044.00
NM210,798.00,798.00,798.00,798.00,820.00,941.00,1046.00,1167.00,1250.00,942.00,1095.00,1242.00,1254.00,1268.00,1070.00,1220.00,1256.00,834.00,938.00,1236.00,1274.00,1306.00,1317.00,1332.00
NV199,1054.00,1054.00,1054.00,1054.00,1237.00,1373.00,1502.00,1644.00,1807.00,1375.00,1560.00,1733.00,1836.00,1955.00,1530.00,1707.00,1854.00,1253.00,1370.00,1726.00,2005.00,2199.00,2217.00,2243.00
NV211,689.00,689.00,689.00,689.00,741.00,749.00,788.00,830.00,890.00,750.00,805.00,857.00,914.00,976.00,796.00,849.00,911.00,742.00,749.00,855.00,978.00,1073.00,1100.00,1119.00
NV212,752.00,752.00,752.00,752.00,848.00,893.00,967.00,1048.00,1124.00,894.00,1000.00,1099.00,1134.00,1175.00,983.00,1084.00,1140.00,854.00,892.00,1095.00,1192.00,1259.00,1269.00,1284.00
NV213,719.00,719.00,719.00,719.00,798.00,827.00,899.00,978.00,1086.00,828.00,931.00,1028.00,1108.00,1201.00,915.00,1013.00,1123.00,802.00,826.00,1024.00,1241.00,1392.00,1403.00,1420.00
NY215,742.00,742.00,742.00,742.00,789.00,828.00,871.00,918.00,998.00,829.00,890.00,948.00,1017.00,1098.00,880.00,939.00,1030.00,794.00,827.00,946.00,1131.00,1262.00,1272.00,1287.00
NY216,679.00,679.00,679.00,679.00,723.00,780.00,842.00,910.00,978.00,781.00,870.00,953.00,988.00,1032.00,855.00,940.00,995.00,730.00,778.00,950.00,1060.00,1165.00,1175.00,1189.00
NY217,789.00,789.00,789.00,789.00,861.00,1059.00,1081.00,1105.00,1144.00,1059.00,1091.00,1120.00,1153.00,1191.00,1085.00,1115.00,1159.00,884.00,1054.00,1119.00,1208.00,1270.00,1281.00,1307.00
NY218,1446.00,1446.00,1446.00,1446.00,1635.00,1741.00,1746.00,1753.00,1797.00,1741.00,1749.00,1757.00,1812.00,1877.00,1748.00,1756.00,1822.00,1647.00,1738.00,1756.00,1904.00,2009.00,2025.00,2049.00
NY219,1353.00,1353.00,1353.00,1353.00,1525.00,1656.00,1774.00,1904.00,2024.00,1658.00,1827.00,1985.00,2039.00,2103.00,1799.00,1961.00,2049.00,1540.00,1653.00,1979.00,2129.00,2232.00,2250.00,2276.00
NY221,714.00,714.00,714.00,714.00,793.00,838.00,924.00,1018.00,1083.00,839.00,962.00,1077.00,1086.00,1097.00,942.00,1060.00,1088.00,799.00,837.00,1072.00,1101.00,1138.00,1156.00,1177.00
NY222,475.00,475.00,475.00,475.00,560.00,647.00,671.00,755.00,825.00,647.00,668.00,754.00,840.00,903.00,676.00,722.00,805.00,567.00,643.00,767.00,906.00,1006.00,1019.00,1044.00
NY223,624.00,624.00,624.00,624.00,692.00,757.00,811.00,871.00,936.00,758.00,835.00,908.00,947.00,992.00,823.00,897.00,954.00,700.00,755.00,905.00,1011.00,1085.00,1094.00,1107.00
NY225,497.00,497.00,497.00,497.00,537.00,651.00,682.00,716.00,757.00,651.00,696.00,737.00,765.00,796.00,688.00,731.00,769.00,560.00,648.00,735.00,810.00,887.00,902.00,946.00
NY226,571.00,571.00,571.00,571.00,614.00,747.00,806.00,871.00,936.00,748.00,833.00,912.00,946.00,986.00,819.00,900.00,952.00,630.00,744.00,909.00,1002.00,1067.00,1076.00,1088.00
NY349,1490.00,1490.00,1490.00,1490.00,1621.00,1798.00,1875.00,1960.00,2097.00,1799.00,1910.00,2013.00,2130.00,2265.00,1892.00,1997.00,2151.00,1642.00,1794.00,2009.00,2323.00,2543.00,2564.00,2594.00
NY444,509.00,509.00,509.00,509.00,555.00,637.00,680.00,726.00,776.00,638.00,699.00,756.00,784.00,830.00,689.00,747.00,789.00,565.00,635.00,754.00,831.00,910.00,940.00,953.00
NY445,748.00,748.00,748.00,748.00,814.00,934.00,997.00,1066.00,1139.00,935.00,1025.00,1109.00,1150.00,1199.00,1010.00,1096.00,1158.00,828.00,931.00,1106.00,1219.00,1300.00,1311.00,1368.00
OH227,621.00,621.00,621.00,621.00,645.00,802.00,845.00,893.00,957.00,803.00,865.00,923.00,970.00,1025.00,855.00,914.00,979.00,663.00,798.00,921.00,1048.00,1137.00,1146.00,1160.00
OH228,743.00,743.00,743.00,743.00,799.00,893.00,974.00,1064.00,1154.00,894.00,1011.00,1120.00,1167.00,1222.00,992.00,1103.00,1176.00,810.00,891.00,1116.00,1246.00,1335.00,1346.00,1362.00
OH229,619.00,619.00,619.00,619.00,679.00,741.00,818.00,902.00,999.00,742.00,852.00,955.00,1016.00,1087.00,834.00,939.00,1027.00,686.00,740.00,951.00,1117.00,1233.00,1243.00,1257.00
OH230,583.00,583.00,583.00,583.00,616.00,731.00,811.00,898.00,995.00,732.00,846.00,953.00,1011.00,1078.00,828.00,937.00,1021.00,629.00,728.00,949.00,1106.00,1215.00,1225.00,1239.00
OH231,548.00,548.00,548.00,548.00,598.00,635.00,702.00,769.00,858.00,636.00,727.00,813.00,876.00,950.00,712.00,800.00,888.00,575.00,633.00,810.00,981.00,1100.00,1109.00,1122.00
OH232,636.00,636.00,636.00,636.00,679.00,685.00,745.00,810.00,873.00,686.00,771.00,851.00,882.00,918.00,757.00,839.00,888.00,680.00,685.00,848.00,955.00,1096.00,1123.00,1143.00
OH233,540.00,540.00,540.00,540.00,574.00,604.00,648.00,707.00,796.00,621.00,698.00,767.00,788.00,850.00,659.00,716.00,814.00,578.00,618.00,726.00,900.00,1034.00,1069.00,1082.00
OH382,428.00,428.00,428.00,428.00,489.00,540.00,572.00,587.00,684.00,534.00,578.00,636.00,712.00,771.00,575.00,622.00,718.00,508.00,557.00,633.00,777.00,810.00,843.00,946.00
OH446,411.00,411.00,411.00,411.00,448.00,507.00,533.00,563.00,599.00,507.00,545.00,581.00,634.00,693.00,539.00,575.00,628.00,455.00,505.00,586.00,710.00,810.00,843.00,946.00
OK235,434.00,434.00,434.00,434.00,490.00,547.00,564.00,582.00,673.00,549.00,572.00,623.00,694.00,795.00,568.00,607.00,708.00,509.00,547.00,615.00,842.00,939.00,972.00,1035.00
OK236,460.00,460.00,460.00,460.00,494.00,568.00,591.00,625.00,678.00,568.00,602.00,647.00,691.00,734.00,596.00,641.00,699.00,505.00,566.00,645.00,752.00,820.00,843.00,946.00
OK237,461.00,461.00,461.00,461.00,514.00,533.00,553.00,596.00,651.00,533.00,571.00,617.00,664.00,696.00,562.00,611.00,672.00,517.00,532.00,616.00,710.00,810.00,843.00,946.00
OK239,526.00,526.00,526.00,526.00,551.00,642.00,688.00,738.00,790.00,643.00,708.00,770.00,798.00,832.00,698.00,760.00,804.00,562.00,640.00,767.00,846.00,935.00,965.00,1054.00
OK240,585.00,585.00,585.00,585.00,616.00,700.00,758.00,822.00,886.00,701.00,784.00,862.00,895.00,933.00,770.00,850.00,901.00,626.00,698.00,859.00,950.00,1063.00,1072.00,1085.00
OR091,527.00,527.00,527.00,527.00,557.00,661.00,715.00,774.00,834.00,662.00,739.00,811.00,843.00,881.00,726.00,800.00,849.00,569.00,658.00,808.00,897.00,958.00,966.00,1014.00
OR241,564.00,564.00,564.00,564.00,602.00,691.00,737.00,789.00,843.00,692.00,758.00,821.00,851.00,887.00,747.00,811.00,857.00,613.00,689.00,818.00,901.00,959.00,967.00,978.00
OR242,462.00,462.00,462.00,462.00,541.00,601.00,673.00,752.00,808.00,579.00,676.00,742.00,814.00,865.00,640.00,713.00,779.00,527.00,600.00,717.00,867.00,950.00,957.00,968.00
OR243,663.00,663.00,663.00,663.00,724.00,799.00,875.00,959.00,1033.00,800.00,909.00,1011.00,1041.00,1076.00,891.00,995.00,1046.00,733.00,797.00,1007.00,1091.00,1148.00,1157.00,1171.00
OR244,560.00,560.00,560.00,560.00,632.00,680.00,735.00,796.00,866.00,681.00,760.00,834.00,881.00,930.00,747.00,823.00,886.00,638.00,679.00,831.00,951.00,1035.00,1043.00,1056.00
OR245,616.00,616.00,616.00,616.00,665.00,811.00,834.00,860.00,920.00,811.00,845.00,877.00,939.00,1007.00,840.00,872.00,939.00,682.00,807.00,876.00,1017.00,1116.00,1133.00,1153.00
OR246,553.00,553.00,553.00,553.00,617.00,662.00,727.00,819.00,911.00,679.00,765.00,876.00,924.00,981.00,745.00,859.00,933.00,639.00,675.00,872.00,1004.00,1096.00,1105.00,1118.00
OR373,448.00,448.00,448.00,448.00,513.00,585.00,632.00,684.00,735.00,586.00,653.00,716.00,748.00,799.00,642.00,706.00,747.00,522.00,583.00,713.00,816.00,892.00,899.00,946.00
PA247,702.00,702.00,702.00,702.00,770.00,780.00,780.00,781.00,848.00,780.00,781.00,782.00,832.00,890.00,781.00,782.00,841.00,772.00,780.00,782.00,914.00,1008.00,1016.00,1054.00
PA248,790.00,790.00,790.00,790.00,876.00,1032.00,1052.00,1075.00,1130.00,1032.00,1061.00,1089.00,1146.00,1213.00,1057.00,1085.00,1157.00,894.00,1028.00,1088.00,1241.00,1350.00,1361.00,1377.00
PA249,915.00,915.00,915.00,915.00,989.00,1055.00,1076.00,1099.00,1167.00,1056.00,1086.00,1114.00,1187.00,1272.00,1081.00,1109.00,1200.00,997.00,1054.00,1113.00,1308.00,1446.00,1458.00,1475.00
PA250,719.00,719.00,719.00,719.00,769.00,783.00,804.00,826.00,873.00,783.00,813.00,906.00,954.00,1018.00,808.00,874.00,987.00,771.00,782.00,856.00,1086.00,1188.00,1197.00,1211.00
PA251,565.00,565.00,565.00,565.00,614.00,745.00,749.00,793.00,869.00,745.00,772.00,859.00,873.00,946.00,750.00,816.00,863.00,629.00,742.00,815.00,975.00,1116.00,1117.00,1137.00
PA252,674.00,674.00,674.00,674.00,728.00,812.00,876.00,947.00,1018.00,813.00,905.00,991.00,1028.00,1071.00,890.00,978.00,1035.00,738.00,810.00,988.00,1090.00,1160.00,1169.00,1186.00
PA253,607.00,607.00,607.00,607.00,682.00,765.00,782.00,802.00,845.00,765.00,790.00,814.00,857.00,908.00,786.00,810.00,865.00,692.00,763.00,813.00,929.00,1011.00,1019.00,1031.00
PA254,636.00,636.00,636.00,636.00,684.00,709.00,714.00,741.00,836.00,709.00,717.00,762.00,816.00,889.00,716.00,724.00,785.00,687.00,708.00,733.00,894.00,1050.00,1075.00,1135.00
PA255,628.00,628.00,628.00,628.00,697.00,757.00,807.00,919.00,989.00,757.00,823.00,920.00,981.00,1046.00,779.00,873.00,935.00,704.00,755.00,874.00,1041.00,1165.00,1179.00,1201.00
PA383,434.00,434.00,434.00,434.00,497.00,581.00,627.00,679.00,730.00,585.00,648.00,711.00,737.00,768.00,637.00,701.00,742.00,517.00,578.00,708.00,780.00,882.00,906.00,946.00
RI256,968.00,968.00,968.00,968.00,1027.00,1157.00,1213.00,1275.00,1381.00,1158.00,1238.00,1323.00,1403.00,1496.00,1221.00,1305.00,1418.00,1033.00,1151.00,1318.00,1536.00,1687.00,1701.00,1721.00
RI257,769.00,769.00,769.00,769.00,815.00,934.00,978.00,1026.00,1117.00,935.00,998.00,1057.00,1140.00,1237.00,987.00,1048.00,1155.00,829.00,931.00,1055.00,1278.00,1435.00,1447.00,1464.00
SC258,653.00,653.00,653.00,653.00,656.00,739.00,765.00,818.00,872.00,739.00,781.00,856.00,879.00,935.00,771.00,844.00,883.00,666.00,737.00,853.00,927.00,1009.00,1019.00,1068.00
SC259,656.00,656.00,656.00,656.00,667.00,778.00,849.00,926.00,1009.00,779.00,880.00,975.00,1022.00,1077.00,864.00,961.00,1031.00,680.00,775.00,971.00,1101.00,1190.00,1200.00,1214.00
SC260,732.00,732.00,732.00,732.00,772.00,865.00,895.00,929.00,968.00,865.00,909.00,950.00,975.00,1005.00,902.00,944.00,980.00,783.00,863.00,948.00,1018.00,1066.00,1075.00,1087.00
SC261,594.00,594.00,594.00,594.00,653.00,679.00,732.00,790.00,859.00,680.00,756.00,827.00,871.00,958.00,743.00,816.00,879.00,656.00,678.00,824.00,1005.00,1185.00,1195.00,1209.00
SC262,781.00,781.00,781.00,781.00,840.00,937.00,939.00,942.00,976.00,937.00,940.00,943.00,989.00,1041.00,940.00,943.00,997.00,851.00,935.00,943.00,1063.00,1148.00,1157.00,1171.00
SC263,536.00,536.00,536.00,536.00,576.00,579.00,661.00,751.00,833.00,589.00,698.00,807.00,843.00,886.00,679.00,790.00,850.00,577.00,579.00,803.00,904.00,973.00,981.00,1035.00
SC375,503.00,503.00,503.00,503.00,554.00,647.00,670.00,695.00,725.00,647.00,680.00,711.00,743.00,806.00,675.00,706.00,734.00,565.00,645.00,710.00,815.00,922.00,951.00,1025.00
SD264,571.00,571.00,571.00,571.00,614.00,705.00,752.00,804.00,859.00,706.00,774.00,837.00,868.00,904.00,762.00,827.00,874.00,625.00,703.00,834.00,919.00,996.00,1037.00,1054.00
SD265,519.00,519.00,519.00,519.00,614.00,707.00,753.00,815.00,876.00,707.00,778.00,853.00,885.00,943.00,765.00,842.00,890.00,625.00,704.00,850.00,937.00,1026.00,1047.00,1088.00
TN266,578.00,578.00,578.00,578.00,610.00,738.00,792.00,851.00,930.00,739.00,816.00,888.00,946.00,1014.00,803.00,877.00,957.00,625.00,735.00,885.00,1043.00,1153.00,1162.00,1176.00
TN267,584.00,584.00,584.00,584.00,635.00,743.00,743.00,743.00,770.00,743.00,743.00,743.00,783.00,847.00,743.00,744.00,786.00,648.00,740.00,744.00,844.00,952.00,966.00,1049.00
TN268,693.00,693.00,693.00,693.00,724.00,739.00,776.00,817.00,881.00,739.00,793.00,845.00,895.00,953.00,784.00,835.00,904.00,726.00,738.00,842.00,978.00,1072.00,1086.00,1105.00
TN269,685.00,685.00,685.00,685.00,783.00,915.00,977.00,1045.00,1117.00,916.00,1005.00,1088.00,1129.00,1176.00,990.00,1075.00,1136.00,798.00,912.00,1085.00,1196.00,1285.00,1296.00,1311.00
TN353,488.00,488.00,488.00,488.00,543.00,647.00,665.00,686.00,735.00,647.00,674.00,699.00,757.00,819.00,669.00,695.00,741.00,555.00,644.00,698.00,815.00,927.00,934.00,946.00
TN354,428.00,428.00,428.00,428.00,491.00,549.00,599.00,651.00,698.00,535.00,617.00,670.00,722.00,784.00,611.00,664.00,725.00,511.00,572.00,681.00,811.00,917.00,947.00,998.00
TN449,556.00,556.00,556.00,556.00,607.00,611.00,657.00,707.00,766.00,612.00,678.00,739.00,777.00,824.00,667.00,730.00,784.00,608.00,611.00,736.00,840.00,915.00,945.00,983.00
TX270,539.00,539.00,539.00,539.00,625.00,691.00,700.00,710.00,765.00,691.00,704.00,716.00,786.00,862.00,702.00,714.00,796.00,633.00,689.00,715.00,895.00,1023.00,1031.00,1047.00
TX271,565.00,565.00,565.00,565.00,637.00,669.00,676.00,683.00,730.00,669.00,679.00,708.00,738.00,837.00,677.00,686.00,744.00,641.00,668.00,687.00,841.00,976.00,986.00,1050.00
TX272,825.00,825.00,825.00,825.00,914.00,962.00,1017.00,1078.00,1173.00,963.00,1042.00,1116.00,1194.00,1286.00,1029.00,1105.00,1209.00,920.00,961.00,1113.00,1324.00,1489.00,1502.00,1519.00
TX273,582.00,582.00,582.00,582.00,617.00,711.00,747.00,788.00,835.00,711.00,764.00,813.00,844.00,891.00,755.00,805.00,849.00,628.00,709.00,811.00,895.00,1003.00,1054.00,1069.00
TX274,650.00,650.00,650.00,650.00,710.00,815.00,850.00,888.00,947.00,815.00,865.00,912.00,960.00,1017.00,857.00,905.00,969.00,722.00,812.00,910.00,1040.00,1208.00,1218.00,1233.00
TX275,673.00,673.00,673.00,673.00,724.00,813.00,858.00,908.00,975.00,814.00,878.00,939.00,989.00,1047.00,868.00,930.00,998.00,735.00,811.00,936.00,1071.00,1165.00,1177.00,1199.00
TX276,536.00,536.00,536.00,536.00,602.00,709.00,757.00,811.00,868.00,710.00,779.00,844.00,878.00,917.00,768.00,834.00,884.00,615.00,706.00,841.00,934.00,998.00,1006.00,1044.00
TX277,812.00,812.00,812.00,812.00,910.00,1018.00,1084.00,1157.00,1262.00,1019.00,1114.00,1203.00,1285.00,1379.00,1099.00,1189.00,1299.00,923.00,1015.00,1199.00,1419.00,1573.00,1586.00,1604.00
TX278,526.00,526.00,526.00,526.00,566.00,651.00,694.00,742.00,806.00,651.00,713.00,772.00,800.00,834.00,703.00,763.00,806.00,576.00,648.00,770.00,848.00,926.00,948.00,1001.00
TX279,602.00,602.00,602.00,602.00,683.00,720.00,747.00,777.00,817.00,720.00,759.00,798.00,825.00,860.00,753.00,790.00,831.00,688.00,719.00,794.00,874.00,936.00,960.00,1050.00
TX280,800.00,800.00,800.00,800.00,892.00,996.00,1030.00,1067.00,1133.00,996.00,1045.00,1091.00,1149.00,1216.00,1037.00,1084.00,1159.00,904.00,993.00,1089.00,1244.00,1353.00,1364.00,1380.00
TX281,572.00,572.00,572.00,572.00,619.00,753.00,838.00,931.00,1012.00,754.00,876.00,989.00,1020.00,1057.00,856.00,972.00,1026.00,635.00,750.00,984.00,1072.00,1132.00,1141.00,1154.00
TX282,775.00,775.00,775.00,775.00,819.00,949.00,1048.00,1157.00,1265.00,951.00,1093.00,1225.00,1280.00,1345.00,1069.00,1205.00,1290.00,834.00,946.00,1220.00,1372.00,1477.00,1489.00,1506.00
TX283,545.00,545.00,545.00,545.00,620.00,679.00,718.00,761.00,804.00,680.00,735.00,787.00,811.00,838.00,726.00,779.00,815.00,627.00,677.00,785.00,850.00,895.00,902.00,946.00
TX284,493.00,493.00,493.00,493.00,552.00,634.00,660.00,690.00,735.00,634.00,672.00,708.00,746.00,790.00,666.00,702.00,753.00,562.00,632.00,706.00,808.00,880.00,887.00,946.00
TX285,692.00,692.00,692.00,692.00,768.00,848.00,874.00,902.00,955.00,848.00,885.00,920.00,969.00,1026.00,879.00,915.00,978.00,777.00,846.00,918.00,1050.00,1142.00,1151.00,1165.00
TX286,558.00,558.00,558.00,558.00,600.00,647.00,683.00,722.00,768.00,651.00,699.00,776.00,793.00,876.00,690.00,740.00,781.00,606.00,646.00,745.00,860.00,964.00,965.00,1052.00
TX288,536.00,536.00,536.00,536.00,616.00,736.00,768.00,804.00,850.00,736.00,783.00,826.00,860.00,900.00,775.00,819.00,866.00,630.00,733.00,824.00,936.00,987.00,989.00,1062.00
TX356,725.00,725.00,725.00,725.00,804.00,817.00,857.00,902.00,959.00,818.00,876.00,930.00,970.00,1016.00,866.00,922.00,977.00,806.00,816.00,928.00,1036.00,1121.00,1123.00,1171.00
TX387,598.00,598.00,598.00,598.00,657.00,754.00,804.00,860.00,919.00,755.00,827.00,895.00,928.00,967.00,815.00,885.00,934.00,668.00,752.00,892.00,984.00,1047.00,1055.00,1096.00
UT291,582.00,582.00,582.00,582.00,665.00,764.00,796.00,832.00,872.00,764.00,811.00,854.00,879.00,908.00,803.00,847.00,883.00,677.00,761.00,852.00,920.00,980.00,997.00,1053.00
UT292,716.00,716.00,716.00,716.00,794.00,858.00,878.00,900.00,956.00,858.00,887.00,946.00,1035.00,1110.00,882.00,910.00,1001.00,802.00,856.00,944.00,1119.00,1224.00,1258.00,1283.00
UT357,572.00,572.00,572.00,572.00,629.00,690.00,755.00,807.00,864.00,690.00,779.00,838.00,881.00,945.00,743.00,808.00,889.00,636.00,695.00,837.00,974.00,1083.00,1091.00,1104.00
VA295,719.00,719.00,719.00,719.00,793.00,910.00,948.00,1007.00,1094.00,910.00,966.00,1054.00,1110.00,1174.00,957.00,1040.00,1120.00,806.00,907.00,1050.00,1202.00,1307.00,1318.00,1333.00
VA296,870.00,870.00,870.00,870.00,922.00,938.00,1005.00,1078.00,1150.00,939.00,1035.00,1124.00,1160.00,1203.00,1019.00,1110.00,1167.00,924.00,937.00,1120.00,1221.00,1290.00,1300.00,1316.00
VA297,633.00,633.00,633.00,633.00,676.00,822.00,871.00,925.00,997.00,823.00,893.00,959.00,1012.00,1073.00,882.00,949.00,1021.00,693.00,818.00,956.00,1099.00,1198.00,1208.00,1222.00
VA298,681.00,681.00,681.00,681.00,707.00,837.00,901.00,972.00,1044.00,838.00,931.00,1017.00,1055.00,1099.00,915.00,1004.00,1062.00,722.00,834.00,1014.00,1118.00,1190.00,1200.00,1214.00
VA300,577.00,577.00,577.00,577.00,613.00,669.00,709.00,763.00,853.00,669.00,722.00,775.00,795.00,861.00,703.00,746.00,794.00,620.00,667.00,763.00,872.00,982.00,985.00,1057.00
VA301,644.00,644.00,644.00,644.00,705.00,742.00,768.00,797.00,877.00,742.00,780.00,817.00,872.00,939.00,774.00,809.00,883.00,710.00,741.00,813.00,967.00,1076.00,1085.00,1097.00
VA302,937.00,937.00,937.00,937.00,1051.00,1190.00,1226.00,1265.00,1313.00,1190.00,1242.00,1290.00,1322.00,1359.00,1233.00,1283.00,1328.00,1067.00,1187.00,1288.00,1375.00,1436.00,1458.00,1484.00
VA303,465.00,465.00,465.00,465.00,519.00,599.00,645.00,719.00,790.00,599.00,656.00,715.00,763.00,824.00,637.00,679.00,740.00,525.00,597.00,688.00,844.00,940.00,942.00,966.00
VA304,480.00,480.00,480.00,480.00,516.00,575.00,621.00,704.00,786.00,635.00,738.00,802.00,816.00,879.00,693.00,769.00,827.00,548.00,624.00,755.00,912.00,1008.00,1019.00,1049.00
VA362,530.00,530.00,530.00,530.00,588.00,646.00,687.00,732.00,793.00,646.00,705.00,760.00,799.00,861.00,695.00,751.00,787.00,592.00,643.00,758.00,865.00,993.00,1000.00,1020.00
VA368,638.00,638.00,638.00,638.00,697.00,765.00,802.00,844.00,934.00,765.00,819.00,870.00,902.00,940.00,811.00,862.00,908.00,705.00,763.00,868.00,956.00,1051.00,1053.00,1106.00
VT305,793.00,793.00,793.00,793.00,862.00,1046.00,1078.00,1113.00,1178.00,1046.00,1092.00,1135.00,1195.00,1264.00,1085.00,1128.00,1206.00,883.00,1042.00,1133.00,1294.00,1407.00,1418.00,1435.00
WA306,688.00,688.00,688.00,688.00,740.00,847.00,883.00,923.00,984.00,847.00,899.00,948.00,997.00,1055.00,891.00,940.00,1006.00,753.00,844.00,946.00,1079.00,1173.00,1183.00,1196.00
WA307,817.00,817.00,817.00,817.00,896.00,990.00,1041.00,1097.00,1197.00,991.00,1064.00,1132.00,1222.00,1326.00,1052.00,1121.00,1238.00,907.00,988.00,1129.00,1370.00,1540.00,1553.00,1571.00
WA308,558.00,558.00,558.00,558.00,627.00,698.00,754.00,815.00,876.00,699.00,779.00,854.00,885.00,921.00,766.00,842.00,891.00,635.00,696.00,851.00,937.00,996.00,1004.00,1016.00
WA309,944.00,944.00,944.00,944.00,1044.00,1092.00,1167.00,1251.00,1351.00,1093.00,1202.00,1303.00,1369.00,1446.00,1184.00,1288.00,1381.00,1050.00,1091.00,1299.00,1479.00,1604.00,1617.00,1636.00
WA310,578.00,578.00,578.00,578.00,628.00,648.00,719.00,762.00,841.00,649.00,727.00,799.00,857.00,924.00,714.00,788.00,867.00,631.00,663.00,796.00,953.00,1062.00,1071.00,1083.00
WA311,730.00,730.00,730.00,730.00,780.00,818.00,882.00,953.00,1036.00,819.00,911.00,998.00,1050.00,1111.00,896.00,985.00,1059.00,785.00,817.00,994.00,1136.00,1235.00,1245.00,1260.00
WA312,685.00,685.00,685.00,685.00,736.00,820.00,894.00,975.00,1057.00,821.00,927.00,1026.00,1069.00,1119.00,910.00,1011.00,1076.00,746.00,818.00,1022.00,1140.00,1221.00,1231.00,1245.00
WA313,559.00,559.00,559.00,559.00,623.00,785.00,808.00,833.00,867.00,785.00,818.00,849.00,874.00,945.00,813.00,844.00,878.00,642.00,781.00,847.00,981.00,1107.00,1134.00,1154.00
WA315,501.00,501.00,501.00,501.00,540.00,616.00,643.00,709.00,770.00,655.00,655.00,751.00,788.00,847.00,648.00,704.00,799.00,546.00,614.00,716.00,852.00,968.00,1057.00,1140.00
WI316,710.00,710.00,710.00,710.00,762.00,795.00,909.00,1034.00,1128.00,797.00,960.00,1112.00,1134.00,1161.00,933.00,1089.00,1139.00,766.00,794.00,1106.00,1172.00,1215.00,1231.00,1253.00
WI317,702.00,702.00,702.00,702.00,742.00,793.00,832.00,875.00,929.00,794.00,850.00,902.00,940.00,984.00,840.00,894.00,947.00,748.00,792.00,900.00,1003.00,1091.00,1156.00,1179.00
WI318,451.00,451.00,451.00,451.00,506.00,597.00,628.00,676.00,766.00,597.00,620.00,671.00,732.00,794.00,614.00,663.00,737.00,524.00,595.00,680.00,820.00,922.00,951.00,1025.00
WI319,505.00,505.00,505.00,505.00,565.00,584.00,632.00,696.00,787.00,620.00,645.00,747.00,797.00,857.00,636.00,706.00,792.00,568.00,611.00,720.00,871.00,968.00,975.00,988.00
WI358,550.00,550.00,550.00,550.00,613.00,705.00,737.00,797.00,857.00,705.00,762.00,835.00,866.00,907.00,749.00,824.00,872.00,621.00,702.00,832.00,923.00,1058.00,1066.00,1079.00
WI359,458.00,458.00,458.00,458.00,512.00,614.00,663.00,717.00,771.00,615.00,685.00,751.00,779.00,824.00,674.00,741.00,784.00,524.00,611.00,748.00,831.00,933.00,963.00,1053.00
WI453,454.00,454.00,454.00,454.00,525.00,691.00,755.00,826.00,893.00,692.00,784.00,870.00,902.00,940.00,769.00,857.00,908.00,535.00,686.00,867.00,956.00,1017.00,1025.00,1046.00
WV320,537.00,537.00,537.00,537.00,597.00,611.00,639.00,670.00,722.00,611.00,661.00,733.00,763.00,824.00,645.00,696.00,772.00,599.00,610.00,696.00,846.00,939.00,946.00,957.00
WV322,523.00,523.00,523.00,523.00,560.00,712.00,735.00,761.00,784.00,712.00,745.00,777.00,792.00,836.00,740.00,772.00,797.00,570.00,707.00,776.00,839.00,924.00,938.00,949.00
WV323,535.00,535.00,535.00,535.00,603.00,616.00,662.00,712.00,778.00,617.00,682.00,744.00,809.00,871.00,672.00,734.00,800.00,605.00,615.00,741.00,879.00,985.00,1007.00,1053.00
WV360,430.00,430.00,430.00,430.00,492.00,544.00,589.00,634.00,705.00,539.00,605.00,658.00,719.00,781.00,600.00,651.00,724.00,511.00,567.00,669.00,807.00,907.00,924.00,946.00
WV454,556.00,556.00,556.00,556.00,600.00,674.00,722.00,781.00,840.00,674.00,746.00,818.00,848.00,884.00,734.00,807.00,854.00,608.00,672.00,815.00,898.00,956.00,964.00,1012.00
WV455,441.00,441.00,441.00,441.00,499.00,556.00,595.00,642.00,701.00,556.00,611.00,666.00,728.00,790.00,606.00,659.00,733.00,518.00,572.00,677.00,816.00,918.00,947.00,1000.00
WV456,474.00,474.00,474.00,474.00,516.00,611.00,660.00,714.00,768.00,612.00,682.00,748.00,775.00,807.00,671.00,738.00,780.00,527.00,609.00,745.00,821.00,926.00,956.00,1045.00
WY324,467.00,467.00,467.00,467.00,539.00,630.00,674.00,722.00,791.00,631.00,694.00,753.00,794.00,842.00,683.00,744.00,801.00,550.00,628.00,751.00,862.00,955.00,982.00,993.00
ZZ510,391.00,391.00,391.00,391.00,424.00,472.00,503.00,537.00,580.00,472.00,517.00,558.00,589.00,625.00,509.00,552.00,595.00,429.00,470.00,557.00,640.00,698.00,704.00,712.00
ZZ520,410.00,410.00,410.00,410.00,444.00,495.00,527.00,563.00,608.00,496.00,542.00,585.00,617.00,654.00,534.00,579.00,623.00,450.00,494.00,584.00,669.00,729.00,735.00,744.00
ZZ530,429.00,429.00,429.00,429.00,465.00,519.00,552.00,589.00,636.00,519.00,567.00,612.00,645.00,683.00,559.00,605.00,651.00,471.00,517.00,610.00,699.00,761.00,767.00,776.00
ZZ540,448.00,448.00,448.00,448.00,486.00,542.00,577.00,615.00,663.00,543.00,593.00,639.00,673.00,712.00,585.00,632.00,679.00,492.00,541.00,637.00,728.00,792.00,799.00,808.00
ZZ550,467.00,467.00,467.00,467.00,507.00,566.00,602.00,641.00,691.00,567.00,618.00,666.00,701.00,741.00,610.00,659.00,707.00,514.00,565.00,664.00,758.00,823.00,830.00,840.00
ZZ560,486.00,486.00,486.00,486.00,528.00,590.00,627.00,667.00,719.00,590.00,643.00,693.00,729.00,770.00,635.00,685.00,735.00,535.00,588.00,691.00,788.00,855.00,862.00,872.00
ZZ570,505.00,505.00,505.00,505.00,548.00,613.00,651.00,694.00,746.00,614.00,669.00,720.00,757.00,799.00,660.00,712.00,763.00,556.00,612.00,718.00,817.00,886.00,893.00,904.00
ZZ580,524.00,524.00,524.00,524.00,569.00,637.00,676.00,720.00,774.00,637.00,694.00,747.00,785.00,828.00,685.00,739.00,791.00,577.00,635.00,745.00,847.00,917.00,925.00,936.00
ZZ590,543.00,543.00,543.00,543.00,590.00,660.00,701.00,746.00,802.00,661.00,719.00,774.00,812.00,857.00,710.00,766.00,819.00,598.00,659.00,772.00,876.00,949.00,957.00,968.00
ZZ600,563.00,563.00,563.00,563.00,611.00,684.00,726.00,772.00,829.00,685.00,745.00,801.00,840.00,886.00,735.00,792.00,848.00,619.00,682.00,799.00,906.00,980.00,988.00,1000.00
ZZ610,582.00,582.00,582.00,582.00,632.00,707.00,751.00,798.00,857.00,708.00,770.00,828.00,868.00,915.00,760.00,819.00,876.00,640.00,706.00,826.00,935.00,1012.00,1020.00,1032.00
ZZ620,601.00,601.00,601.00,601.00,652.00,731.00,775.00,824.00,885.00,732.00,795.00,855.00,896.00,944.00,785.00,846.00,904.00,661.00,729.00,852.00,965.00,1043.00,1051.00,1064.00
ZZ630,620.00,620.00,620.00,620.00,673.00,755.00,800.00,850.00,912.00,755.00,821.00,882.00,924.00,974.00,810.00,872.00,932.00,682.00,753.00,879.00,994.00,1074.00,1083.00,1096.00
ZZ640,639.00,639.00,639.00,639.00,694.00,778.00,825.00,876.00,940.00,779.00,846.00,908.00,952.00,1003.00,835.00,899.00,960.00,704.00,776.00,906.00,1024.00,1106.00,1115.00,1128.00
ZZ650,658.00,658.00,658.00,658.00,715.00,802.00,850.00,903.00,968.00,802.00,871.00,935.00,980.00,1032.00,860.00,926.00,988.00,725.00,800.00,933.00,1053.00,1137.00,1146.00,1160.00
ZZ660,677.00,677.00,677.00,677.00,736.00,825.00,874.00,929.00,995.00,826.00,897.00,962.00,1008.00,1061.00,885.00,953.00,1016.00,746.00,823.00,960.00,1083.00,1168.00,1178.00,1192.00
ZZ670,696.00,696.00,696.00,696.00,756.00,849.00,899.00,955.00,1023.00,850.00,922.00,989.00,1036.00,1090.00,910.00,979.00,1044.00,767.00,847.00,987.00,1112.00,1200.00,1210.00,1224.00
ZZ680,715.00,715.00,715.00,715.00,777.00,872.00,924.00,981.00,1051.00,873.00,947.00,1016.00,1064.00,1119.00,935.00,1006.00,1072.00,788.00,870.00,1014.00,1142.00,1231.00,1241.00,1256.00
ZZ690,734.00,734.00,734.00,734.00,798.00,896.00,949.00,1007.00,1078.00,897.00,973.00,1043.00,1092.00,1148.00,960.00,1033.00,1100.00,809.00,894.00,1041.00,1171.00,1262.00,1273.00,1288.00
ZZ700,753.00,753.00,753.00,753.00,819.00,920.00,974.00,1033.00,1106.00,920.00,998.00,1070.00,1120.00,1177.00,985.00,1059.00,1129.00,830.00,917.00,1068.00,1201.00,1294.00,1304.00,1320.00
ZZ710,772.00,772.00,772.00,772.00,840.00,943.00,998.00,1059.00,1134.00,944.00,1023.00,1097.00,1148.00,1206.00,1010.00,1086.00,1157.00,851.00,941.00,1095.00,1230.00,1325.00,1336.00,1352.00
ZZ720,791.00,791.00,791.00,791.00,860.00,967.00,1023.00,1085.00,1161.00,968.00,1049.00,1124.00,1176.00,1235.00,1035.00,1113.00,1185.00,872.00,964.00,1121.00,1260.00,1356.00,1368.00,1384.00
ZZ730,811.00,811.00,811.00,811.00,881.00,990.00,1048.00,1112.00,1189.00,991.00,1074.00,1151.00,1203.00,1264.00,1060.00,1140.00,1213.00,894.00,988.00,1148.00,1290.00,1388.00,1399.00,1415.00
ZZ740,830.00,830.00,830.00,830.00,902.00,1014.00,1073.00,1138.00,1217.00,1015.00,1099.00,1178.00,1231.00,1293.00,1086.00,1166.00,1241.00,915.00,1011.00,1175.00,1319.00,1419.00,1431.00,1447.00
ZZ750,849.00,849.00,849.00,849.00,923.00,1037.00,1098.00,1164.00,1244.00,1038.00,1125.00,1205.00,1259.00,1322.00,1111.00,1193.00,1269.00,936.00,1035.00,1202.00,1349.00,1450.00,1462.00,1479.00
ZZ760,868.00,868.00,868.00,868.00,944.00,1061.00,1122.00,1190.00,1272.00,1062.00,1150.00,1232.00,1287.00,1351.00,1136.00,1220.00,1297.00,957.00,1058.00,1229.00,1378.00,1482.00,1494.00,1511.00
ZZ770,887.00,887.00,887.00,887.00,964.00,1084.00,1147.00,1216.00,1300.00,1086.00,1175.00,1259.00,1315.00,1380.00,1161.00,1246.00,1325.00,978.00,1082.00,1256.00,1408.00,1513.00,1526.00,1543.00
ZZ780,906.00,906.00,906.00,906.00,985.00,1108.00,1172.00,1242.00,1327.00,1109.00,1201.00,1286.00,1343.00,1409.00,1186.00,1273.00,1353.00,999.00,1105.00,1283.00,1437.00,1545.00,1557.00,1575.00
ZZ790,925.00,925.00,925.00,925.00,1006.00,1132.00,1197.00,1268.00,1355.00,1133.00,1226.00,1313.00,1371.00,1438.00,1211.00,1300.00,1381.00,1020.00,1129.00,1310.00,1467.00,1576.00,1589.00,1607.00
ZZ800,944.00,944.00,944.00,944.00,1027.00,1155.00,1222.00,1295.00,1383.00,1156.00,1251.00,1340.00,1399.00,1467.00,1236.00,1327.00,1410.00,1041.00,1152.00,1337.00,1496.00,1607.00,1620.00,1639.00
ZZ810,963.00,963.00,963.00,963.00,1047.00,1179.00,1246.00,1321.00,1410.00,1180.00,1277.00,1367.00,1427.00,1496.00,1261.00,1353.00,1438.00,1062.00,1176.00,1364.00,1526.00,1639.00,1652.00,1671.00
ZZ820,982.00,982.00,982.00,982.00,1068.00,1202.00,1271.00,1347.00,1438.00,1203.00,1302.00,1394.00,1455.00,1526.00,1286.00,1380.00,1466.00,1084.00,1199.00,1390.00,1555.00,1670.00,1684.00,1703.00
ZZ830,1001.00,1001.00,1001.00,1001.00,1089.00,1226.00,1296.00,1373.00,1466.00,1227.00,1327.00,1421.00,1483.00,1555.00,1311.00,1407.00,1494.00,1105.00,1223.00,1417.00,1585.00,1701.00,1715.00,1735.00
ZZ840,1020.00,1020.00,1020.00,1020.00,1110.00,1249.00,1321.00,1399.00,1493.00,1251.00,1353.00,1448.00,1511.00,1584.00,1336.00,1433.00,1522.00,1126.00,1246.00,1444.00,1614.00,1733.00,1747.00,1767.00
ZZ850,1039.00,1039.00,1039.00,1039.00,1131.00,1273.00,1345.00,1425.00,1521.00,1274.00,1378.00,1475.00,1539.00,1613.00,1361.00,1460.00,1550.00,1147.00,1270.00,1471.00,1644.00,1764.00,1779.00,1799.00
ZZ860,1059.00,1059.00,1059.00,1059.00,1151.00,1297.00,1370.00,1451.00,1549.00,1298.00,1403.00,1502.00,1567.00,1642.00,1386.00,1487.00,1578.00,1168.00,1293.00,1498.00,1673.00,1795.00,1810.00,1831.00
ZZ870,1078.00,1078.00,1078.00,1078.00,1172.00,1320.00,1395.00,1477.00,1576.00,1321.00,1429.00,1529.00,1594.00,1671.00,1411.00,1514.00,1606.00,1189.00,1317.00,1525.00,1703.00,1827.00,1842.00,1863.00
ZZ880,1097.00,1097.00,1097.00,1097.00,1193.00,1344.00,1420.00,1504.00,1604.00,1345.00,1454.00,1555.00,1622.00,1700.00,1436.00,1540.00,1634.00,1210.00,1340.00,1552.00,1732.00,1858.00,1873.00,1895.00
ZZ890,1116.00,1116.00,1116.00,1116.00,1214.00,1367.00,1445.00,1530.00,1631.00,1369.00,1479.00,1582.00,1650.00,1729.00,1461.00,1567.00,1663.00,1231.00,1364.00,1579.00,1762.00,1910.00,1926.00,1948.00
