AK400,1134,1134,1134,1134,1425,1450,1492,1546,1612,1450,1514,1579,1624,1676,1503,1569,1632,1427,1449,1577,1698,1783,1798,1819
AK401,1159,1159,1159,1159,1315,1343,1407,1483,1583,1344,1438,1530,1604,1688,1422,1516,1617,1317,1342,1527,1724,1862,1877,1899
AK402,1118,1118,1118,1118,1366,1468,1504,1544,1598,1469,1521,1569,1609,1655,1512,1562,1616,1371,1463,1567,1674,1749,1763,1784
AK403,1092,1092,1092,1092,1278,1402,1491,1589,1684,1404,1531,1650,1697,1751,1511,1632,1705,1287,1396,1646,1773,1861,1876,1898
AK404,980,980,980,980,1239,1331,1433,1545,1663,1333,1479,1615,1681,1758,1455,1595,1693,1250,1328,1610,1790,1914,1930,1952
AK405,895,895,895,895,1073,1142,1225,1316,1409,1144,1263,1373,1423,1480,1243,1357,1432,1077,1138,1369,1505,1598,1611,1630
AL001,525,525,525,525,585,699,704,709,736,699,706,712,745,785,705,711,751,598,697,712,811,912,942,964
AL002,494,494,494,494,570,716,751,789,822,717,767,813,825,838,759,806,827,586,713,811,844,866,873,946
AL003,577,577,577,577,637,661,728,801,907,662,758,847,931,1027,742,834,946,639,661,844,1068,1225,1235,1249
AL004,642,642,642,642,691,732,759,788,866,733,771,806,890,986,765,801,905,695,731,805,1027,1184,1194,1208
AL005,643,643,643,643,712,779,838,902,967,780,864,942,976,1016,850,930,982,719,778,939,1033,1097,1106,1119
AL006,657,657,657,657,745,827,837,848,887,827,841,854,900,953,839,852,908,754,825,854,975,1061,1070,1082
AL007,757,757,757,757,816,893,1023,1166,1272,895,1082,1255,1279,1306,1051,1229,1283,824,891,1249,1317,1361,1372,1388
AL008,572,572,572,572,590,752,794,840,898,753,813,868,910,958,803,860,917,608,749,866,979,1057,1066,1078
AR010,572,572,572,572,603,804,827,852,892,805,838,868,901,939,832,864,907,626,800,867,955,1017,1025,1037
AR011,572,572,572,572,621,623,624,624,647,623,624,624,656,722,624,624,661,621,623,624,769,912,942,966
AR012,486,486,486,486,517,658,694,733,787,659,710,758,798,844,702,751,805,533,655,756,863,954,993,1038
AR411,537,537,537,537,608,695,831,980,1102,697,892,1073,1113,1159,860,1046,1120,618,693,1066,1179,1254,1264,1279
AR419,519,519,519,519,560,654,690,730,781,655,707,755,791,833,698,748,798,570,652,753,851,925,954,1044
AZ013,851,851,851,851,922,991,1033,1087,1148,992,1053,1124,1157,1214,1042,1113,1166,928,990,1121,1239,1332,1343,1359
AZ014,691,691,691,691,798,872,892,914,955,873,901,927,966,1010,896,923,972,806,871,926,1029,1101,1110,1123
AZ015,799,799,799,799,889,1037,1070,1107,1174,1038,1085,1129,1191,1262,1077,1123,1202,905,1034,1127,1292,1408,1420,1436
AZ016,760,760,760,760,838,990,1032,1078,1130,991,1051,1106,1139,1177,1041,1098,1145,855,987,1104,1193,1255,1265,1280
CA018,1489,1489,1489,1489,1581,1833,1911,2025,2152,1834,1958,2095,2173,2284,1934,2074,2187,1607,1827,2090,2341,2562,2583,2613
CA019,2153,2153,2153,2153,2332,2656,2731,2814,2946,2658,2765,2865,2977,3107,2747,2850,2997,2369,2649,2861,3162,3374,3402,3441
CA021,561,561,561,561,640,738,791,849,928,739,815,885,944,1012,802,875,954,651,736,882,1041,1151,1160,1174
CA022,716,716,716,716,763,865,937,1015,1083,866,969,1064,1091,1121,952,1050,1095,774,863,1061,1134,1184,1194,1208
CA023,734,734,734,734,811,881,938,1001,1090,882,964,1040,1110,1190,951,1029,1122,819,880,1037,1224,1354,1365,1381
CA024,1055,1055,1055,1055,1137,1316,1423,1540,1661,1318,1471,1613,1679,1755,1446,1592,1690,1157,1312,1608,1787,1910,1926,1948
CA025,1327,1327,1327,1327,1391,1515,1622,1738,1878,1517,1669,1811,1903,2010,1645,1790,1920,1405,1512,1806,2055,2228,2246,2273
CA026,959,959,959,959,1038,1191,1302,1424,1552,1193,1352,1499,1572,1656,1326,1477,1585,1055,1188,1494,1692,1829,1844,1866
CA027,1398,1398,1398,1398,1542,1909,1983,2074,2259,1911,2016,2177,2291,2471,1999,2147,2312,1583,1901,2169,2582,3010,3035,3070
CA028,689,689,689,689,777,863,881,900,944,863,889,912,956,1006,885,909,964,786,861,911,1028,1110,1119,1132
CA030,775,775,775,775,821,903,944,988,1040,904,962,1016,1049,1087,953,1008,1055,830,901,1014,1103,1164,1174,1187
CA031,838,838,838,838,903,1030,1061,1095,1168,1031,1075,1116,1188,1271,1068,1110,1201,917,1027,1115,1306,1441,1453,1470
CA032,607,607,607,607,673,787,827,872,925,788,846,899,934,975,836,891,941,686,785,897,992,1058,1067,1079
CA033,765,765,765,765,880,924,1071,1233,1362,927,1137,1333,1373,1420,1103,1304,1381,885,923,1326,1439,1515,1527,1545
CA034,1153,1153,1153,1153,1252,1300,1408,1527,1661,1302,1456,1600,1685,1783,1431,1579,1700,1257,1299,1595,1824,1983,1999,2023
CA035,881,881,881,881,981,1136,1218,1309,1389,1138,1256,1365,1398,1437,1236,1349,1404,998,1133,1361,1453,1515,1527,1545
CA036,1221,1221,1221,1221,1247,1431,1538,1655,1755,1433,1586,1728,1766,1810,1561,1707,1773,1268,1427,1723,1828,1900,1915,1938
CA037,1344,1344,1344,1344,1382,1813,1879,1950,2064,1814,1908,1995,2090,2201,1893,1982,2107,1429,1803,1992,2247,2426,2446,2474
CA038,1192,1192,1192,1192,1303,1552,1651,1759,1883,1554,1695,1826,1905,1996,1672,1806,1919,1331,1547,1821,2034,2182,2200,2226
CA039,1215,1215,1215,1215,1281,1549,1788,2052,2250,1553,1896,2215,2263,2319,1840,2167,2272,1311,1543,2203,2342,2432,2452,2481
CA040,695,695,695,695,751,816,891,974,1064,817,925,1025,1079,1141,908,1010,1088,758,815,1021,1167,1268,1278,1293
CA041,915,915,915,915,1010,1123,1219,1325,1404,1125,1263,1391,1409,1430,1240,1372,1412,1023,1121,1386,1438,1472,1484,1501
CA042,679,679,679,679,740,929,1024,1129,1219,931,1067,1194,1228,1268,1045,1175,1234,761,925,1189,1284,1348,1359,1375
CA044,2059,2059,2059,2059,2207,2366,2502,2652,2824,2369,2564,2745,2855,2982,2532,2718,2874,2225,2363,2738,3035,3242,3268,3307
CA392,1174,1174,1174,1174,1290,1513,1588,1670,1745,1514,1622,1721,1755,1794,1604,1706,1761,1315,1508,1717,1810,1873,1888,1910
CA393,788,788,788,788,839,1097,1184,1280,1378,1099,1223,1339,1392,1454,1203,1322,1402,868,1091,1335,1480,1580,1593,1612
CA420,772,772,772,772,857,1051,1125,1207,1270,1052,1159,1257,1275,1296,1141,1242,1278,879,1047,1253,1304,1338,1349,1365
CA421,904,904,904,904,966,1104,1181,1266,1354,1105,1216,1319,1367,1423,1198,1304,1376,981,1101,1315,1446,1536,1549,1567
CA457,863,863,863,863,898,971,1084,1208,1302,973,1135,1285,1309,1337,1108,1263,1313,906,970,1279,1348,1393,1404,1421
CO045,981,981,981,981,1054,1235,1311,1408,1483,1236,1350,1468,1488,1512,1330,1450,1492,1073,1230,1464,1522,1585,1598,1616
CO046,772,772,772,772,865,1020,1067,1119,1166,1021,1088,1151,1175,1218,1077,1142,1181,882,1017,1149,1237,1308,1319,1334
CO047,827,827,827,827,863,1033,1131,1238,1318,1035,1174,1304,1323,1345,1152,1285,1327,882,1029,1299,1354,1405,1416,1433
CO422,1151,1151,1151,1151,1320,1501,1524,1549,1624,1502,1534,1579,1648,1744,1529,1564,1663,1340,1497,1575,1785,1942,1958,1981
CT049,856,856,856,856,927,1156,1257,1368,1492,1158,1303,1437,1513,1601,1279,1417,1527,933,1150,1432,1638,1781,1796,1817
CT050,997,997,997,997,1104,1231,1295,1365,1459,1232,1324,1409,1479,1559,1309,1396,1491,1118,1228,1406,1593,1724,1738,1758
CT051,1455,1455,1455,1455,1553,1600,1714,1839,1990,1602,1765,1917,2018,2134,1739,1894,2036,1558,1599,1911,2183,2372,2392,2419
DC053,1240,1240,1240,1240,1332,1731,1828,1935,2053,1733,1872,2001,2073,2156,1849,1982,2086,1377,1722,1996,2191,2326,2345,2372
DE054,789,789,789,789,867,941,952,965,1010,941,957,972,1025,1086,955,970,1034,867,939,972,1112,1211,1221,1235
DE055,806,806,806,806,867,869,894,920,968,870,905,937,980,1030,899,932,988,867,869,936,1051,1132,1141,1155
FL056,649,649,649,649,684,763,801,842,895,764,818,868,905,971,809,860,912,692,761,866,1005,1133,1142,1156
FL057,701,701,701,701,739,900,951,1006,1076,901,973,1040,1090,1148,961,1030,1099,757,897,1038,1172,1266,1276,1291
FL058,779,779,779,779,856,981,1015,1053,1126,982,1031,1076,1145,1225,1023,1069,1158,870,978,1074,1259,1389,1400,1417
FL059,797,797,797,797,854,1071,1158,1254,1321,1073,1197,1313,1325,1338,1177,1296,1327,878,1066,1309,1343,1365,1376,1392
FL061,1149,1149,1149,1149,1269,1475,1598,1732,1944,1477,1653,1816,1993,2197,1624,1792,2024,1292,1471,1810,2283,2615,2637,2667
FL062,868,868,868,868,907,1009,1075,1163,1281,1010,1104,1235,1298,1371,1089,1214,1310,911,1006,1230,1402,1523,1535,1553
FL063,624,624,624,624,672,776,793,836,923,776,811,863,945,1040,802,855,960,678,772,861,1081,1235,1245,1260
FL064,665,665,665,665,687,831,836,840,882,831,837,843,897,959,836,842,907,703,828,843,986,1087,1096,1109
FL065,728,728,728,728,771,906,925,950,1005,907,933,970,1023,1097,929,964,1034,784,902,969,1129,1251,1261,1276
FL066,866,866,866,866,940,969,1043,1146,1275,970,1085,1210,1300,1403,1063,1191,1316,941,967,1205,1447,1618,1631,1650
FL067,1059,1059,1059,1059,1163,1367,1455,1551,1712,1369,1494,1611,1753,1927,1474,1593,1780,1178,1361,1607,2001,2283,2302,2329
FL068,645,645,645,645,659,770,798,828,882,771,810,846,896,953,803,841,905,671,768,845,978,1089,1130,1143
FL069,1449,1449,1449,1449,1569,1816,1956,2110,2245,1819,2019,2206,2260,2322,1987,2178,2269,1597,1811,2199,2348,2449,2469,2498
FL070,769,769,769,769,805,932,970,1012,1069,933,987,1038,1081,1130,979,1031,1088,819,929,1036,1150,1230,1240,1255
FL397,698,698,698,698,765,884,927,973,1037,885,946,1002,1050,1106,936,994,1059,778,882,1000,1130,1220,1230,1244
FL423,685,685,685,685,733,828,879,959,1057,829,902,1021,1070,1127,890,1003,1079,737,825,1017,1151,1243,1253,1268
FL424,833,833,833,833,904,1148,1211,1281,1370,1149,1240,1324,1388,1461,1225,1312,1399,931,1143,1321,1492,1612,1625,1644
GA071,1031,1031,1031,1031,1129,1281,1311,1343,1414,1282,1324,1363,1434,1526,1317,1357,1447,1140,1277,1361,1577,1775,1790,1810
GA072,555,555,555,555,612,637,685,738,798,638,707,771,809,853,696,762,816,615,637,769,871,957,987,1077
GA073,671,671,671,671,702,789,815,855,903,790,829,882,911,945,820,874,917,712,787,880,959,1014,1022,1069
GA074,574,574,574,574,624,751,763,785,830,752,768,809,838,882,766,802,844,624,747,807,904,990,998,1046
GA075,758,758,758,758,803,913,953,996,1056,914,971,1023,1069,1122,961,1015,1077,815,911,1021,1145,1231,1241,1256
GA076,749,749,749,749,803,874,892,911,935,874,900,923,940,963,896,920,943,807,872,922,982,1056,1064,1077
GA077,850,850,850,850,913,921,958,1000,1054,922,975,1025,1065,1112,966,1018,1073,914,921,1023,1131,1207,1217,1231
GA078,756,756,756,756,796,871,934,1029,1133,872,973,1088,1150,1223,953,1071,1162,802,868,1084,1253,1370,1381,1397
GA079,775,775,775,775,806,908,944,984,1043,909,960,1008,1057,1112,952,1001,1065,817,906,1006,1136,1227,1237,1252
GA080,647,647,647,647,661,676,766,865,928,678,806,926,928,931,785,908,929,662,676,922,933,1046,1054,1067
GA081,550,550,550,550,593,675,729,789,852,676,753,826,862,904,741,815,869,598,672,823,922,1043,1052,1064
HI407,1321,1321,1321,1321,1463,1708,1796,1893,2000,1710,1836,1953,2017,2092,1815,1936,2029,1491,1703,1949,2123,2244,2262,2289
HI408,1279,1279,1279,1279,1363,1628,1781,1948,2081,1631,1849,2052,2092,2138,1814,2022,2099,1393,1622,2045,2157,2232,2250,2277
HI409,918,918,918,918,1068,1188,1244,1304,1416,1189,1268,1342,1445,1563,1255,1331,1463,1081,1185,1339,1613,1806,1821,1842
IA082,750,750,750,750,814,961,978,997,1069,961,986,1041,1080,1125,982,1027,1087,826,957,1037,1144,1228,1238,1253
IA083,671,671,671,671,777,822,866,939,1018,823,896,984,1031,1086,880,971,1040,779,819,981,1109,1198,1208,1222
IA330,615,615,615,615,697,762,797,836,890,763,813,860,901,949,805,853,909,704,761,858,969,1047,1056,1068
IA331,530,530,530,530,616,658,714,784,857,658,742,828,868,914,727,815,875,619,654,825,934,1009,1017,1046
IA332,577,577,577,577,646,793,837,885,939,794,857,915,948,987,846,906,954,662,790,913,1003,1065,1074,1086
IA389,531,531,531,531,569,676,713,755,807,676,730,787,815,848,722,778,820,579,673,785,861,914,922,946
IA425,847,847,847,847,987,1084,1112,1143,1195,1085,1125,1162,1208,1261,1118,1157,1216,998,1082,1161,1284,1370,1381,1397
ID084,621,621,621,621,689,869,891,915,977,870,901,930,995,1070,896,926,1006,697,864,929,1101,1223,1233,1247
ID085,477,477,477,477,541,615,675,739,814,616,713,770,820,860,672,735,801,548,635,750,878,945,952,963
ID086,619,619,619,619,673,747,783,822,867,748,799,846,875,908,790,839,880,681,746,844,922,976,984,995
ID087,485,485,485,485,531,666,704,745,781,667,720,770,785,803,712,763,788,546,663,768,810,854,854,946
ID333,595,595,595,595,691,891,917,945,988,892,928,962,998,1038,922,957,1004,713,887,961,1056,1122,1131,1144
ID426,536,536,536,536,573,654,693,736,785,655,711,763,794,830,702,755,800,582,652,761,845,903,910,946
IL088,650,650,650,650,713,717,769,826,891,718,792,861,902,950,780,851,910,713,717,859,970,1048,1057,1069
IL089,628,628,628,628,673,752,783,816,866,753,796,842,877,924,789,834,885,682,750,840,943,1019,1027,1039
IL090,686,686,686,686,761,850,931,1020,1118,852,967,1075,1134,1203,949,1059,1145,771,848,1071,1232,1343,1354,1370
IL092,1018,1018,1018,1018,1161,1352,1420,1495,1598,1353,1451,1541,1620,1712,1435,1528,1634,1182,1348,1538,1750,1899,1915,1937
IL093,684,684,684,684,777,847,952,1067,1167,849,999,1138,1178,1224,974,1117,1185,785,846,1133,1243,1386,1397,1413
IL325,1444,1444,1444,1444,1593,1760,1801,1846,1927,1761,1820,1874,1947,2031,1810,1866,1960,1612,1756,1872,2066,2203,2221,2247
IL335,576,576,576,576,637,756,790,826,878,757,805,849,890,937,797,842,897,650,754,847,957,1059,1106,1118
IL366,855,855,855,855,958,1123,1167,1216,1307,1124,1187,1276,1330,1427,1177,1256,1345,976,1119,1271,1468,1626,1639,1658
IL427,609,609,609,609,649,800,860,925,1000,801,887,966,1013,1066,873,954,1021,666,797,963,1089,1176,1186,1199
IN094,719,719,719,719,783,842,923,1012,1119,844,959,1067,1140,1224,940,1051,1153,789,841,1063,1259,1429,1441,1458
IN096,682,682,682,682,702,776,790,805,851,776,796,830,859,900,793,822,864,710,775,828,918,991,999,1011
IN097,648,648,648,648,723,746,771,798,853,747,782,815,868,929,776,810,878,725,746,814,955,1055,1064,1076
IN099,709,709,709,709,791,805,816,829,860,805,821,836,870,908,819,834,875,792,805,836,924,1088,1097,1110
IN337,680,680,680,680,753,843,906,974,1044,844,934,1017,1054,1097,919,1005,1061,763,841,1014,1115,1184,1194,1208
IN338,545,545,545,545,585,650,674,700,742,651,685,716,752,795,679,711,759,592,649,715,812,909,916,946
IN367,753,753,753,753,813,818,850,885,939,819,865,907,951,1002,857,901,959,813,818,906,1023,1106,1115,1128
IN399,648,648,648,648,685,860,886,914,979,861,898,932,997,1071,892,927,1008,705,856,931,1103,1224,1234,1248
KS100,590,590,590,590,645,775,790,805,825,775,796,815,829,845,793,812,831,659,772,814,851,922,951,1025
KS101,627,627,627,627,690,909,948,991,1054,910,966,1018,1067,1124,957,1010,1076,703,904,1016,1148,1240,1250,1265
KS102,725,725,725,725,765,900,938,980,1031,901,955,1006,1040,1080,947,999,1046,780,897,1004,1096,1160,1170,1183
KS104,760,760,760,760,855,960,975,991,1049,960,982,1001,1067,1143,978,998,1078,867,958,1000,1175,1298,1309,1324
KS105,681,681,681,681,795,834,858,885,932,835,869,901,944,995,863,896,952,799,833,900,1016,1097,1106,1119
KS334,503,503,503,503,528,592,639,689,746,593,659,721,755,795,649,712,761,535,591,719,812,876,883,946
KY106,502,502,502,502,526,664,692,722,771,665,704,741,782,829,698,736,789,559,661,740,849,926,957,982
KY107,650,650,650,650,716,829,869,914,964,830,888,941,973,1009,878,933,978,729,827,939,1025,1084,1093,1106
KY109,656,656,656,656,743,886,928,973,1036,887,946,1001,1050,1105,936,993,1058,759,883,999,1129,1220,1230,1244
KY110,453,453,453,453,485,598,630,666,728,599,645,694,741,795,637,683,749,498,595,691,818,906,913,946
KY112,518,518,518,518,595,679,709,757,813,680,729,787,823,885,718,778,829,604,677,785,913,1020,1028,1040
KY339,546,546,546,546,604,738,773,812,870,739,788,848,878,920,780,837,884,619,735,845,940,1015,1023,1035
KY429,525,525,525,525,553,699,762,842,932,700,790,901,944,995,776,884,952,566,696,897,1016,1097,1106,1119
KY430,478,478,478,478,524,574,615,659,705,575,633,687,720,785,624,679,724,525,583,685,813,922,951,1026
LA113,541,541,541,541,600,696,745,798,854,697,767,831,863,899,755,821,868,611,694,829,914,973,981,992
LA114,670,670,670,670,730,796,870,952,1029,797,904,1002,1039,1082,886,987,1046,737,795,998,1100,1196,1206,1220
LA115,511,511,511,511,581,685,722,762,796,686,738,787,800,814,730,780,802,592,683,785,820,871,878,946
LA116,677,677,677,677,707,889,979,1077,1142,891,1019,1138,1144,1150,998,1120,1145,724,885,1133,1158,1260,1270,1285
LA117,662,662,662,662,737,906,949,995,1049,907,968,1024,1059,1099,958,1016,1065,756,902,1022,1116,1181,1191,1205
LA118,572,572,572,572,607,836,893,955,1015,837,918,993,1023,1057,905,982,1028,619,830,990,1071,1127,1136,1150
LA326,562,562,562,562,599,709,755,806,868,710,776,837,880,931,765,828,888,611,707,835,952,1033,1042,1054
LA370,620,620,620,620,688,817,825,834,872,817,829,839,885,937,827,838,893,702,814,839,959,1045,1086,1110
LA371,642,642,642,642,692,813,833,855,881,814,842,869,886,906,838,865,889,705,810,868,914,946,954,965
MA119,1186,1186,1186,1186,1277,1455,1535,1623,1728,1457,1571,1678,1747,1826,1553,1662,1759,1297,1451,1674,1859,1988,2004,2028
MA120,1788,1788,1788,1788,1988,2012,2135,2277,2482,2014,2193,2365,2527,2730,2163,2339,2556,1990,2010,2359,2829,3208,3234,3272
MA121,1186,1186,1186,1186,1277,1455,1535,1623,1728,1457,1571,1678,1747,1826,1553,1662,1759,1297,1451,1674,1859,1988,2004,2028
MA122,1281,1281,1281,1281,1319,1412,1556,1715,1876,1415,1621,1813,1900,2001,1587,1784,1916,1329,1410,1806,2043,2207,2225,2251
MA123,1366,1366,1366,1366,1516,1540,1644,1759,1866,1542,1691,1830,1879,1936,1667,1809,1888,1518,1540,1825,1960,2052,2069,2093
MA124,1458,1458,1458,1458,1595,1708,1848,2001,2157,1711,1910,2096,2180,2278,1878,2068,2195,1608,1706,2089,2319,2477,2497,2527
MA125,1300,1300,1300,1300,1374,1660,1783,1917,2070,1662,1838,2001,2097,2208,1809,1977,2114,1406,1654,1995,2255,2435,2455,2484
MA126,840,840,840,840,889,1265,1349,1441,1517,1267,1387,1498,1524,1555,1367,1481,1529,899,1256,1494,1568,1617,1630,1649
MA151,1186,1186,1186,1186,1277,1455,1535,1623,1728,1457,1571,1678,1747,1826,1553,1662,1759,1297,1451,1674,1859,1988,2004,2028
MA377,1623,1623,1623,1623,1835,1842,1979,2129,2302,1845,2040,2222,2332,2460,2008,2195,2352,1835,1842,2215,2514,2721,2743,2775
MA431,636,636,636,636,675,996,1063,1136,1219,997,1093,1182,1233,1293,1077,1169,1243,711,989,1179,1318,1414,1426,1442
MD127,760,760,760,760,833,924,1048,1185,1290,926,1104,1270,1298,1331,1075,1245,1303,843,922,1264,1345,1399,1410,1427
MD128,1136,1136,1136,1136,1278,1413,1535,1691,1836,1415,1599,1788,1855,1932,1566,1760,1867,1293,1410,1781,1985,2216,2234,2260
MD129,844,844,844,844,923,1051,1147,1299,1460,1052,1209,1393,1486,1593,1176,1366,1503,932,1047,1386,1639,1813,1828,1849
MD130,930,930,930,930,1028,1208,1258,1313,1374,1209,1281,1347,1384,1428,1269,1337,1391,1048,1204,1345,1446,1516,1528,1546
MD133,1167,1167,1167,1167,1223,1306,1379,1507,1624,1307,1432,1587,1638,1696,1404,1564,1647,1227,1301,1581,1721,1816,1831,1852
MD134,1033,1033,1033,1033,1103,1300,1338,1380,1470,1301,1355,1406,1494,1596,1347,1399,1510,1125,1296,1404,1639,1804,1819,1840
MD135,873,873,873,873,938,1118,1160,1206,1279,1119,1179,1234,1296,1368,1169,1226,1307,958,1114,1232,1398,1515,1527,1545
MD340,464,464,464,464,525,596,635,678,724,597,653,705,732,763,644,697,736,525,594,703,780,850,857,946
MD432,767,767,767,767,845,967,1010,1058,1128,968,1030,1087,1144,1210,1020,1079,1154,859,964,1085,1238,1345,1356,1372
ME136,763,763,763,763,843,1012,1045,1081,1148,1013,1060,1103,1165,1236,1052,1097,1176,862,1008,1101,1266,1382,1393,1410
ME137,512,512,512,512,528,618,662,710,759,619,682,740,766,796,671,731,771,538,616,738,809,864,871,946
ME139,949,949,949,949,1004,1193,1319,1458,1587,1195,1376,1544,1604,1673,1347,1519,1614,1025,1189,1538,1702,1814,1829,1850
ME141,874,874,874,874,929,1013,1089,1172,1245,1014,1123,1224,1253,1287,1105,1209,1259,938,1011,1220,1301,1356,1367,1383
ME390,713,713,713,713,780,896,959,1028,1099,897,987,1071,1110,1155,973,1059,1117,793,894,1068,1173,1246,1256,1271
MI142,830,830,830,830,934,1254,1280,1308,1428,1255,1292,1326,1467,1629,1286,1321,1492,970,1247,1325,1697,1961,1977,2000
MI143,501,501,501,501,528,585,650,720,781,586,678,764,788,815,663,751,792,534,584,761,827,871,878,946
MI145,663,663,663,663,686,808,852,901,961,809,872,932,973,1020,862,923,980,700,805,930,1041,1118,1127,1140
MI146,762,762,762,762,823,936,982,1032,1096,937,1002,1063,1108,1161,992,1054,1117,836,934,1061,1183,1268,1278,1293
MI148,648,648,648,648,731,804,845,904,965,805,869,940,975,1016,857,929,982,739,803,937,1033,1100,1109,1122
MI149,609,609,609,609,653,761,798,839,891,762,815,864,902,945,806,857,908,665,759,862,963,1034,1043,1107
MI152,704,704,704,704,771,873,932,997,1054,874,959,1037,1061,1088,945,1025,1065,782,871,1034,1099,1143,1152,1166
MI153,767,767,767,767,840,977,1018,1063,1135,978,1037,1091,1152,1222,1027,1083,1163,855,974,1089,1252,1366,1377,1393
MI154,719,719,719,719,841,960,991,1035,1118,961,1004,1081,1133,1193,997,1067,1142,854,958,1078,1218,1327,1338,1353
MI155,1064,1064,1064,1064,1211,1355,1455,1565,1676,1357,1500,1633,1693,1761,1477,1613,1703,1227,1352,1628,1790,1902,1918,1940
MI156,581,581,581,581,628,727,759,794,831,728,774,816,837,861,766,810,841,639,725,815,871,955,987,1007
MI157,489,489,489,489,528,610,653,701,749,611,673,730,756,786,663,722,761,537,608,728,799,848,855,946
MI391,699,699,699,699,825,964,1032,1106,1182,965,1062,1152,1194,1242,1046,1139,1201,840,961,1149,1263,1341,1352,1368
MI434,652,652,652,652,715,827,885,949,1015,828,912,989,1025,1066,898,978,1031,727,825,986,1084,1151,1160,1174
MN158,786,786,786,786,828,901,932,967,1012,902,947,988,1021,1059,939,982,1027,836,900,987,1075,1137,1146,1160
MN159,1006,1006,1006,1006,1093,1349,1381,1459,1552,1350,1413,1507,1570,1642,1396,1493,1581,1119,1343,1503,1673,1819,1834,1855
MN376,698,698,698,698,769,877,945,1019,1094,878,975,1065,1105,1151,959,1052,1112,781,875,1062,1170,1245,1255,1270
MN436,701,701,701,701,791,946,998,1056,1129,947,1022,1091,1144,1204,1010,1081,1153,808,943,1089,1230,1328,1339,1355
MO160,715,715,715,715,825,935,989,1064,1177,936,1014,1126,1197,1279,1001,1108,1209,837,933,1121,1313,1447,1459,1476
MO161,810,810,810,810,891,1001,1042,1087,1202,1002,1061,1115,1235,1374,1051,1107,1257,903,999,1113,1433,1658,1672,1691
MO162,536,536,536,536,591,679,688,697,734,679,692,703,746,796,690,701,754,601,677,703,816,897,904,946
MO163,564,564,564,564,629,804,833,865,898,805,846,885,903,923,840,879,906,649,800,884,932,965,973,984
MO164,540,540,540,540,584,636,685,739,799,637,707,772,809,852,696,762,816,590,635,770,870,940,948,959
MO165,589,589,589,589,644,721,806,898,989,723,844,956,1002,1055,824,939,1010,652,719,952,1078,1164,1174,1187
MO343,560,560,560,560,632,708,759,814,870,709,781,848,878,912,769,838,883,640,706,846,927,983,991,1003
MO344,523,523,523,523,553,634,679,728,779,635,699,759,786,818,689,750,791,560,632,757,831,931,961,1050
MS168,635,635,635,635,688,824,825,844,901,824,825,878,910,948,825,868,916,700,821,875,964,1026,1034,1046
MS169,538,538,538,538,556,626,651,678,737,627,662,704,758,816,656,696,761,564,625,702,843,948,956,967
MS170,660,660,660,660,713,919,933,949,986,919,940,958,996,1040,936,955,1003,736,915,957,1059,1130,1139,1153
MS171,515,515,515,515,551,793,859,931,1010,794,889,976,1023,1077,873,963,1031,578,788,973,1100,1188,1198,1212
MS172,572,572,572,572,600,715,755,798,856,716,773,834,865,910,763,823,872,613,712,831,930,1004,1012,1057
MS410,690,690,690,690,732,783,813,883,972,784,842,927,989,1062,827,914,1001,738,782,924,1092,1209,1219,1233
MS437,654,654,654,654,683,745,787,833,879,746,806,862,886,914,796,854,890,690,744,860,925,970,978,1058
MS438,554,554,554,554,597,633,658,684,722,634,669,701,730,774,663,696,735,601,632,700,800,891,898,946
MT175,601,601,601,601,659,813,868,929,978,814,893,966,983,1002,880,955,986,676,810,963,1010,1041,1050,1062
MT347,517,517,517,517,574,671,718,770,823,672,739,802,831,872,728,793,836,585,669,800,879,958,966,977
MT379,528,528,528,528,578,675,723,776,829,676,744,808,837,871,733,799,842,589,673,806,885,939,947,958
MT441,636,636,636,636,693,876,935,1000,1069,877,962,1040,1080,1125,948,1028,1087,704,871,1037,1145,1219,1229,1243
NC176,1132,1132,1132,1132,1213,1301,1400,1509,1610,1303,1445,1577,1623,1677,1422,1557,1632,1223,1299,1572,1699,1786,1801,1822
NC177,627,627,627,627,699,850,892,937,970,851,910,965,972,980,900,957,973,716,847,963,983,996,1004,1048
NC178,621,621,621,621,674,714,779,851,936,715,809,895,952,1018,793,882,962,676,713,892,1045,1152,1161,1175
NC179,810,810,810,810,877,961,1001,1046,1126,962,1018,1087,1146,1234,1009,1075,1160,886,959,1084,1271,1413,1424,1441
NC180,871,871,871,871,934,1071,1079,1087,1135,1071,1082,1093,1151,1225,1080,1091,1161,950,1068,1092,1261,1403,1415,1431
NC181,717,717,717,717,780,841,888,940,982,842,909,972,986,1003,898,962,989,787,839,969,1010,1038,1046,1059
NC182,662,662,662,662,679,818,825,832,869,818,828,837,882,933,826,836,889,694,815,837,955,1038,1047,1059
NC183,639,639,639,639,698,752,825,910,992,753,860,963,1003,1050,842,948,1011,703,749,959,1069,1145,1154,1168
NC184,665,665,665,665,718,860,911,988,1092,861,934,1049,1109,1177,922,1031,1119,734,857,1045,1206,1318,1329,1344
NC185,848,848,848,848,944,1083,1130,1182,1256,1084,1151,1214,1273,1341,1140,1204,1283,960,1080,1211,1370,1481,1493,1510
NC186,783,783,783,783,838,950,976,1004,1067,951,987,1021,1084,1157,981,1016,1096,850,948,1020,1188,1307,1318,1333
NC187,803,803,803,803,855,951,985,1022,1081,952,1000,1045,1095,1153,992,1038,1104,866,949,1043,1178,1272,1282,1297
NC372,733,733,733,733,788,914,969,1030,1103,915,994,1067,1117,1174,981,1056,1125,802,911,1064,1198,1291,1302,1317
ND188,521,521,521,521,632,693,746,804,870,694,770,840,881,929,757,830,889,639,692,837,949,1027,1035,1048
ND189,598,598,598,598,689,811,858,910,962,812,879,942,970,1003,868,933,975,703,808,940,1016,1069,1078,1090
ND190,575,575,575,575,651,784,827,873,927,785,846,902,936,976,836,894,942,665,781,900,992,1056,1065,1077
ND191,485,485,485,485,557,565,586,655,716,566,606,683,729,759,591,662,737,558,565,681,770,895,950,981
NE192,706,706,706,706,770,914,953,996,1056,915,970,1022,1069,1123,961,1014,1077,786,911,1020,1146,1234,1244,1259
NE193,685,685,685,685,776,889,909,930,981,890,917,943,996,1057,913,939,1006,789,887,942,1083,1183,1193,1207
NH194,1187,1187,1187,1187,1349,1639,1764,1901,2043,1641,1820,1986,2065,2155,1791,1961,2079,1382,1633,1980,2194,2341,2360,2388
NH195,1031,1031,1031,1031,1110,1188,1308,1440,1573,1190,1362,1522,1593,1675,1334,1498,1605,1119,1186,1516,1709,1842,1857,1879
NJ196,964,964,964,964,1049,1327,1357,1389,1483,1328,1370,1433,1503,1584,1363,1407,1516,1080,1321,1426,1619,1751,1765,1786
NJ198,910,910,910,910,1023,1181,1237,1299,1402,1182,1262,1343,1425,1521,1249,1326,1440,1041,1178,1337,1561,1716,1730,1750
NJ200,1322,1322,1322,1322,1528,1587,1772,1974,2137,1590,1854,2100,2151,2210,1811,2063,2160,1534,1586,2091,2235,2330,2349,2377
NJ201,1365,1365,1365,1365,1448,1606,1757,1922,2048,1609,1824,2025,2057,2094,1789,1995,2063,1466,1603,2018,2110,2170,2188,2213
NJ202,1380,1380,1380,1380,1614,1676,1767,1866,1969,1678,1807,1928,1985,2051,1786,1910,1995,1621,1675,1924,2078,2185,2203,2229
NJ203,1052,1052,1052,1052,1144,1323,1416,1517,1622,1325,1457,1580,1638,1705,1436,1562,1648,1164,1319,1576,1733,1841,1856,1878
NJ204,1017,1017,1017,1017,1116,1206,1285,1371,1501,1207,1320,1424,1530,1653,1301,1409,1549,1126,1204,1420,1705,1904,1920,1942
NM205,538,538,538,538,618,728,806,892,986,729,841,945,1001,1066,823,930,1011,630,726,941,1093,1198,1208,1222
NM206,749,749,749,749,827,971,986,1013,1082,971,992,1054,1093,1142,989,1042,1100,843,968,1051,1172,1286,1297,1312
NM207,505,505,505,505,600,671,720,773,835,672,742,806,846,891,730,796,853,608,670,804,911,985,993,1027
NM209,641,641,641,641,743,813,828,845,885,813,835,855,896,944,832,852,904,751,812,854,964,1041,1050,1062
NM210,852,852,852,852,896,1047,1120,1200,1283,1048,1153,1250,1296,1348,1136,1236,1304,913,1044,1246,1370,1456,1468,1485
NV199,1154,1154,1154,1154,1324,1522,1610,1706,1851,1524,1649,1765,1884,2022,1628,1748,1906,1346,1518,1761,2080,2304,2323,2350
NV211,1026,1026,1026,1026,1120,1159,1234,1316,1394,1160,1268,1367,1404,1448,1250,1352,1411,1124,1158,1363,1466,1536,1549,1567
NV212,775,775,775,775,858,981,1061,1162,1237,982,1103,1224,1242,1262,1081,1206,1245,870,978,1220,1271,1310,1321,1336
NV213,1026,1026,1026,1026,1120,1159,1234,1316,1394,1160,1268,1367,1404,1448,1250,1352,1411,1124,1158,1363,1466,1536,1549,1567
NY215,786,786,786,786,871,1074,1083,1093,1172,1074,1087,1137,1185,1241,1085,1124,1194,894,1070,1134,1265,1356,1367,1383
NY216,694,694,694,694,764,870,931,1000,1107,871,958,1067,1123,1188,944,1047,1133,776,868,1062,1215,1321,1332,1347
NY217,1376,1376,1376,1376,1755,1819,1924,2039,2220,1821,1971,2111,2261,2435,1947,2090,2288,1762,1818,2106,2509,2791,2814,2847
NY218,1526,1526,1526,1526,1662,1942,1999,2108,2236,1942,2044,2176,2258,2353,2021,2156,2273,1694,1936,2171,2394,2548,2569,2599
NY219,1873,1873,1873,1873,1939,2002,2089,2185,2335,2004,2128,2244,2369,2514,2108,2227,2392,1946,2001,2240,2575,2810,2833,2866
NY221,772,772,772,772,888,996,1039,1086,1144,997,1058,1119,1155,1200,1048,1107,1162,900,994,1115,1220,1294,1305,1320
NY222,650,650,650,650,745,851,907,968,1035,852,932,1006,1047,1094,919,995,1054,757,849,1003,1114,1190,1200,1214
NY223,698,698,698,698,769,801,856,916,978,802,880,953,987,1026,868,942,993,772,800,950,1043,1106,1115,1128
NY225,650,650,650,650,763,877,888,900,911,877,893,907,913,919,890,905,914,776,875,907,922,932,940,951
NY226,713,713,713,713,789,1011,1095,1188,1262,1013,1133,1245,1268,1295,1113,1228,1272,814,1006,1241,1306,1349,1360,1376
NY349,1726,1726,1726,1726,1959,1968,2077,2198,2358,1969,2127,2273,2390,2526,2101,2251,2411,1960,1967,2268,2583,2803,2826,2859
NY413,1365,1365,1365,1365,1448,1606,1757,1922,2048,1609,1824,2025,2057,2094,1789,1995,2063,1466,1603,2018,2110,2170,2188,2213
NY444,554,554,554,554,608,702,751,805,860,703,773,838,869,905,762,828,875,618,700,836,920,978,986,998
NY445,895,895,895,895,945,1092,1164,1244,1327,1093,1197,1293,1340,1395,1180,1279,1349,961,1089,1290,1418,1506,1518,1536
OH227,715,715,715,715,741,802,847,907,978,803,871,945,990,1042,858,934,998,746,798,942,1064,1149,1158,1172
OH228,796,796,796,796,838,922,1020,1128,1279,924,1064,1195,1311,1446,1042,1176,1332,838,919,1190,1503,1721,1735,1755
OH229,718,718,718,718,782,952,977,1003,1084,953,988,1033,1103,1184,982,1018,1115,801,948,1029,1218,1355,1366,1382
OH230,651,651,651,651,707,771,841,918,1044,772,873,966,1074,1198,856,952,1093,713,768,963,1251,1453,1465,1482
OH231,579,579,579,579,646,880,893,907,965,880,899,916,984,1061,896,914,996,672,875,915,1094,1221,1231,1245
OH232,675,675,675,675,791,829,899,976,1053,830,931,1024,1064,1111,914,1010,1072,795,828,1021,1130,1206,1216,1230
OH233,612,612,612,612,652,712,737,764,807,713,748,781,817,859,742,776,824,658,711,780,900,1034,1069,1082
OH382,555,555,555,555,623,728,780,836,894,729,803,871,902,938,791,861,908,635,726,869,953,1012,1020,1032
OH446,535,535,535,535,588,687,736,789,843,688,758,822,852,885,746,812,857,599,685,820,900,955,963,974
OK235,489,489,489,489,536,658,707,761,827,659,729,794,840,893,718,784,848,550,655,792,915,1001,1009,1035
OK236,513,513,513,513,541,605,628,654,711,606,638,674,728,797,633,668,739,548,604,672,827,939,947,958
OK237,506,506,506,506,561,687,700,714,752,687,706,723,763,809,703,721,770,567,684,722,829,904,911,946
OK239,625,625,625,625,686,717,763,813,881,718,783,844,895,955,773,835,905,689,717,842,980,1076,1085,1097
OK240,651,651,651,651,675,872,908,948,1002,873,924,972,1013,1061,916,965,1021,685,867,970,1081,1159,1169,1182
OR091,698,698,698,698,709,823,893,969,1051,824,924,1016,1065,1121,908,1002,1074,722,821,1013,1145,1237,1247,1262
OR241,616,616,616,616,680,858,911,970,1041,859,935,1006,1054,1110,923,996,1063,687,854,1003,1134,1224,1234,1248
OR242,523,523,523,523,566,737,753,771,811,737,761,782,822,868,757,779,829,585,733,781,887,962,970,981
OR243,849,849,849,849,925,1084,1123,1166,1226,1085,1140,1192,1239,1292,1131,1184,1247,943,1081,1190,1315,1402,1414,1430
OR244,622,622,622,622,687,744,809,881,946,745,839,925,954,987,823,912,959,693,743,922,1001,1085,1094,1106
OR245,641,641,641,641,696,890,955,1026,1073,891,984,1070,1074,1079,969,1057,1075,718,886,1067,1081,1155,1164,1178
OR246,683,683,683,683,711,773,835,902,983,774,862,944,998,1060,848,932,1007,718,772,941,1086,1187,1197,1211
OR373,530,530,530,530,604,765,779,799,855,765,786,834,863,898,782,824,869,614,761,831,912,968,976,987
PA247,745,745,745,745,796,894,935,979,1029,895,953,1007,1037,1071,944,999,1042,807,892,1005,1086,1142,1151,1165
PA248,1004,1004,1004,1004,1111,1348,1434,1528,1640,1350,1473,1587,1660,1744,1453,1570,1673,1138,1343,1583,1780,1917,1933,1955
PA249,1188,1188,1188,1188,1249,1460,1582,1715,1939,1462,1636,1798,1993,2218,1608,1774,2027,1273,1455,1792,2313,2678,2700,2732
PA250,831,831,831,831,962,971,974,1009,1070,971,975,1046,1079,1132,974,1035,1085,963,971,1043,1167,1301,1312,1327
PA251,712,712,712,712,745,874,878,882,911,874,880,885,921,963,879,884,928,759,871,885,980,1116,1117,1137
PA252,736,736,736,736,777,928,962,998,1045,929,977,1021,1054,1092,969,1014,1060,794,925,1019,1108,1170,1180,1193
PA253,649,649,649,649,707,790,823,860,913,791,838,882,925,974,830,876,932,711,787,880,994,1074,1083,1095
PA254,636,636,636,636,684,735,749,765,836,735,756,774,816,889,752,771,823,687,733,773,894,1050,1075,1135
PA255,782,782,782,782,848,977,980,983,1021,977,982,985,1037,1105,981,985,1048,862,974,985,1134,1244,1254,1269
PA383,506,506,506,506,582,596,669,749,853,597,701,798,874,961,684,784,887,583,596,794,997,1139,1148,1162
RI256,1241,1241,1241,1241,1362,1585,1688,1800,1919,1587,1734,1870,1938,2015,1710,1850,1950,1387,1580,1865,2048,2175,2193,2218
RI257,1125,1125,1125,1125,1176,1272,1340,1415,1528,1273,1371,1461,1554,1662,1355,1448,1571,1187,1270,1458,1707,1882,1898,1920
SC258,875,875,875,875,937,1036,1052,1070,1105,1036,1060,1081,1114,1151,1056,1078,1119,948,1034,1080,1167,1228,1238,1253
SC259,831,831,831,831,845,870,974,1088,1202,872,1021,1159,1218,1293,996,1138,1229,848,870,1154,1337,1507,1519,1537
SC260,743,743,743,743,805,933,987,1046,1106,934,1011,1083,1115,1151,999,1072,1120,819,930,1080,1167,1249,1259,1274
SC261,675,675,675,675,704,863,888,915,998,864,899,932,1023,1128,893,927,1039,718,860,931,1172,1342,1353,1369
SC262,781,781,781,781,844,980,997,1015,1074,981,1005,1038,1088,1145,1001,1028,1097,859,977,1036,1170,1263,1273,1288
SC263,644,644,644,644,662,748,830,921,1011,750,868,977,1024,1078,848,961,1032,671,746,973,1101,1189,1199,1213
SC375,683,683,683,683,754,859,896,937,977,860,913,962,983,1007,904,955,987,766,857,960,1018,1057,1066,1078
SD264,703,703,703,703,786,857,878,901,931,858,887,915,937,962,883,911,941,794,856,914,979,1058,1066,1079
SD265,647,647,647,647,711,856,919,989,1044,857,948,1032,1049,1068,933,1020,1052,727,853,1029,1076,1108,1117,1130
TN266,618,618,618,618,631,756,809,867,938,757,833,903,951,1034,820,892,960,641,753,900,1080,1259,1269,1284
TN267,588,588,588,588,677,816,855,897,938,817,872,923,943,969,863,915,947,692,813,921,988,1060,1068,1081
TN268,783,783,783,783,861,868,937,1014,1143,869,969,1061,1174,1305,952,1047,1194,861,868,1058,1360,1573,1586,1604
TN269,769,769,769,769,831,983,1051,1125,1194,984,1081,1171,1203,1282,1065,1157,1208,848,980,1168,1335,1536,1549,1567
TN353,519,519,519,519,567,682,714,749,797,683,728,770,807,850,721,764,814,580,680,769,868,937,945,956
TN354,503,503,503,503,551,634,682,735,797,635,703,767,809,857,692,758,816,560,632,765,878,956,964,998
TN449,603,603,603,603,659,742,777,815,867,743,792,838,878,925,784,831,886,664,740,836,944,1020,1028,1040
TX270,556,556,556,556,625,807,828,852,901,808,838,866,915,970,833,862,923,633,802,865,994,1085,1094,1107
TX271,656,656,656,656,699,803,840,881,950,804,857,906,966,1036,848,899,977,710,801,904,1066,1179,1189,1203
TX272,896,896,896,896,971,1060,1176,1302,1422,1062,1227,1381,1440,1534,1200,1358,1454,981,1058,1375,1574,1728,1742,1762
TX273,653,653,653,653,691,825,856,889,928,826,869,910,934,963,862,904,939,706,822,909,974,1020,1054,1069
TX274,736,736,736,736,780,919,960,1005,1079,920,978,1033,1097,1177,969,1025,1108,789,915,1031,1212,1345,1356,1372
TX275,731,731,731,731,791,982,996,1011,1056,982,1002,1020,1070,1127,999,1017,1079,811,978,1019,1152,1273,1283,1298
TX276,585,585,585,585,681,757,784,813,869,758,796,844,883,943,790,834,892,689,755,841,968,1066,1075,1087
TX277,878,878,878,878,913,1099,1150,1244,1377,1100,1179,1312,1402,1506,1161,1292,1418,927,1095,1307,1550,1719,1733,1753
TX278,545,545,545,545,595,743,792,845,911,744,813,878,925,1042,802,868,943,612,740,876,1091,1282,1293,1308
TX279,645,645,645,645,733,753,816,889,989,754,846,935,1010,1097,830,922,1023,734,752,932,1133,1274,1284,1299
TX280,800,800,800,800,892,1039,1083,1131,1210,1040,1103,1161,1229,1307,1092,1152,1241,904,1035,1159,1340,1467,1479,1496
TX281,666,666,666,666,747,924,1014,1112,1184,926,1054,1173,1189,1207,1033,1155,1192,767,920,1169,1215,1244,1254,1269
TX282,923,923,923,923,962,1156,1303,1465,1615,1159,1369,1565,1634,1713,1335,1536,1646,984,1152,1558,1747,1876,1891,1913
TX283,733,733,733,733,818,885,913,943,983,886,925,962,991,1025,919,957,997,825,884,961,1039,1094,1103,1116
TX284,628,628,628,628,707,814,823,833,852,814,827,839,858,894,825,837,864,719,812,839,908,966,974,985
TX285,758,758,758,758,822,962,972,983,1037,962,977,990,1056,1131,974,988,1067,838,959,990,1163,1286,1297,1312
TX286,671,671,671,671,726,774,809,847,899,775,824,870,911,958,816,863,918,731,773,868,978,1054,1063,1075
TX288,637,637,637,637,716,803,834,872,965,804,847,907,995,1118,840,897,1014,726,801,904,1170,1371,1382,1398
TX356,798,798,798,798,876,976,1067,1175,1298,977,1111,1242,1320,1409,1089,1223,1334,886,974,1237,1447,1593,1606,1625
TX387,661,661,661,661,728,850,910,976,1044,851,937,1017,1054,1096,923,1005,1060,742,847,1014,1114,1183,1193,1207
UT291,593,593,593,593,665,808,832,857,897,809,842,873,907,945,837,869,912,677,804,872,961,1024,1032,1053
UT292,723,723,723,723,808,920,923,926,982,920,924,946,1035,1110,923,927,1016,814,917,944,1125,1264,1274,1289
UT357,656,656,656,656,665,819,867,920,966,820,889,953,971,991,878,944,974,682,816,951,1000,1083,1091,1104
VA295,797,797,797,797,870,1055,1089,1125,1217,1056,1104,1148,1244,1354,1096,1141,1261,880,1050,1146,1401,1580,1593,1612
VA296,938,938,938,938,1008,1232,1271,1314,1425,1233,1288,1340,1457,1593,1279,1332,1478,1033,1227,1338,1650,1870,1885,1907
VA297,759,759,759,759,799,832,897,968,1060,833,926,1012,1078,1155,911,999,1090,802,831,1009,1187,1311,1322,1337
VA298,843,843,843,843,857,881,927,977,1068,882,947,1017,1093,1194,937,1004,1108,859,881,1014,1237,1402,1413,1430
VA300,650,650,650,650,670,691,770,857,941,693,806,911,952,1000,787,895,960,672,691,907,1020,1097,1106,1119
VA301,749,749,749,749,789,853,938,1030,1124,855,976,1088,1138,1196,956,1071,1147,796,852,1084,1220,1314,1325,1340
VA302,1118,1118,1118,1118,1214,1261,1336,1417,1523,1263,1369,1468,1549,1657,1352,1453,1565,1219,1260,1464,1702,1878,1893,1916
VA303,562,562,562,562,634,683,754,832,915,684,786,880,929,985,769,866,937,639,682,877,1009,1100,1109,1122
VA362,606,606,606,606,653,774,796,819,863,775,805,834,874,920,800,830,881,666,771,833,939,1014,1022,1034
VA368,852,852,852,852,893,909,974,1044,1131,910,1002,1088,1147,1216,987,1075,1158,894,909,1085,1245,1356,1367,1383
VT305,972,972,972,972,1081,1177,1282,1397,1512,1179,1329,1469,1529,1598,1305,1448,1540,1092,1175,1464,1628,1740,1754,1775
WA306,728,728,728,728,821,1057,1081,1107,1156,1058,1092,1123,1169,1222,1086,1118,1177,840,1052,1122,1244,1330,1341,1357
WA307,931,931,931,931,1003,1238,1257,1283,1355,1239,1266,1329,1364,1406,1261,1315,1371,1029,1233,1326,1423,1540,1553,1571
WA308,666,666,666,666,763,862,910,963,999,863,931,995,1000,1007,920,986,1001,774,860,993,1009,1019,1027,1039
WA309,1074,1074,1074,1074,1171,1307,1376,1451,1566,1308,1407,1504,1592,1701,1391,1486,1609,1181,1304,1500,1747,1924,1940,1962
WA310,593,593,593,593,649,723,757,825,908,724,772,881,918,962,764,865,925,657,722,877,980,1062,1071,1083
WA311,843,843,843,843,956,1038,1097,1163,1228,1039,1124,1203,1237,1277,1110,1191,1243,965,1036,1200,1293,1357,1368,1384
WA312,751,751,751,751,811,1049,1119,1195,1283,1050,1150,1242,1299,1364,1134,1228,1309,838,1044,1239,1391,1497,1509,1527
WA313,586,586,586,586,656,808,843,916,1006,809,871,963,1023,1092,855,949,1033,673,805,959,1121,1233,1243,1257
WA315,584,584,584,584,642,720,761,805,841,721,779,833,844,855,770,825,845,651,718,831,861,968,1057,1140
WI316,808,808,808,808,853,968,1021,1079,1154,969,1045,1115,1169,1230,1032,1105,1178,866,966,1112,1257,1357,1368,1384
WI317,843,843,843,843,884,885,934,996,1080,886,959,1034,1098,1172,946,1023,1110,884,885,1031,1204,1324,1335,1350
WI318,602,602,602,602,662,797,816,837,852,798,825,850,853,856,820,846,854,677,794,849,858,922,951,1025
WI319,540,540,540,540,587,709,747,788,841,710,764,814,851,894,755,807,858,593,705,812,912,981,989,1001
WI358,673,673,673,673,744,863,870,878,913,863,874,883,925,974,872,882,933,757,861,883,994,1073,1082,1094
WI359,547,547,547,547,614,776,805,836,885,777,817,855,896,944,811,849,904,632,773,854,964,1041,1050,1062
WI412,673,673,673,673,744,863,870,878,913,863,874,883,925,974,872,882,933,757,861,883,994,1073,1082,1094
WI453,495,495,495,495,546,720,772,829,894,721,795,870,906,954,783,857,913,565,716,867,974,1052,1061,1073
WV320,630,630,630,630,709,768,817,872,936,769,840,905,948,997,828,895,955,715,767,903,1018,1098,1107,1120
WV322,545,545,545,545,593,756,809,866,926,757,832,902,935,973,820,892,941,604,752,899,989,1051,1060,1072
WV323,553,553,553,553,641,653,693,754,829,654,711,799,841,889,701,786,848,642,653,796,910,989,1007,1053
WV360,539,539,539,539,574,631,671,714,765,632,689,741,774,813,679,733,780,580,630,739,829,907,924,946
WV454,648,648,648,648,718,839,898,963,1029,840,925,1003,1039,1081,911,991,1046,731,836,1000,1099,1167,1177,1190
WV455,497,497,497,497,537,621,665,713,762,622,685,743,770,800,674,734,774,546,619,741,816,918,947,1000
WV456,531,531,531,531,578,679,733,792,852,680,757,829,860,896,745,818,866,589,677,826,911,970,978,1045
WY324,668,668,668,668,779,873,883,894,923,873,887,900,932,968,885,898,937,789,871,900,984,1043,1052,1064
ZZ510,410,410,410,410,447,523,547,573,613,523,558,590,622,660,552,585,628,454,520,589,676,737,743,751
ZZ520,432,432,432,432,470,552,578,607,649,552,590,625,659,697,584,620,665,477,549,624,714,777,783,793
ZZ530,453,453,453,453,492,581,609,641,685,581,622,660,695,735,615,654,701,500,579,659,752,817,824,834
ZZ540,474,474,474,474,515,610,640,674,721,610,654,695,731,773,647,689,737,523,608,693,790,858,865,875
ZZ550,495,495,495,495,538,639,672,708,757,639,686,730,767,810,679,724,774,549,637,728,828,898,906,916
ZZ560,516,516,516,516,565,668,703,741,793,669,719,765,803,848,710,758,810,577,666,763,867,939,946,957
ZZ570,540,540,540,540,592,697,734,775,829,698,751,800,840,885,742,793,847,604,695,798,905,979,987,998
ZZ580,566,566,566,566,619,726,765,808,865,727,783,835,876,923,774,827,883,631,724,833,943,1019,1028,1040
ZZ590,591,591,591,591,646,755,797,842,900,756,815,870,912,961,806,862,920,659,753,868,981,1060,1068,1081
ZZ600,616,616,616,616,673,785,828,876,936,785,847,905,948,998,837,897,956,686,782,903,1019,1100,1109,1122
ZZ610,641,641,641,641,700,814,859,909,972,814,880,940,985,1036,869,931,992,713,811,938,1057,1140,1150,1163
ZZ620,666,666,666,666,728,843,890,943,1008,844,912,975,1021,1073,901,966,1029,741,840,973,1095,1181,1191,1204
ZZ630,692,692,692,692,755,872,922,976,1044,873,944,1010,1057,1111,932,1000,1065,768,869,1008,1134,1221,1231,1246
ZZ640,717,717,717,717,782,901,953,1010,1080,902,976,1045,1093,1149,964,1035,1102,795,898,1043,1172,1262,1272,1287
ZZ650,742,742,742,742,809,930,984,1044,1116,931,1008,1080,1129,1186,996,1070,1138,823,927,1078,1210,1302,1313,1328
ZZ660,767,767,767,767,836,959,1015,1077,1152,960,1041,1116,1166,1224,1028,1104,1175,850,956,1113,1248,1342,1353,1369
ZZ670,792,792,792,792,863,988,1047,1111,1188,989,1073,1151,1202,1261,1059,1139,1211,877,986,1148,1286,1383,1394,1410
ZZ680,818,818,818,818,890,1017,1078,1144,1224,1018,1105,1186,1238,1299,1091,1174,1247,905,1015,1183,1325,1423,1435,1452
ZZ690,843,843,843,843,918,1047,1109,1178,1259,1048,1137,1221,1274,1336,1123,1208,1284,932,1044,1217,1363,1464,1476,1493
ZZ700,868,868,868,868,945,1076,1140,1211,1295,1077,1169,1256,1311,1374,1154,1243,1320,959,1073,1252,1401,1504,1516,1534
ZZ710,893,893,893,893,972,1105,1172,1245,1331,1106,1202,1291,1347,1412,1186,1277,1357,987,1102,1287,1439,1544,1557,1575
ZZ720,918,918,918,918,999,1134,1203,1279,1367,1135,1234,1326,1383,1449,1218,1312,1393,1014,1131,1322,1477,1585,1598,1616
ZZ730,944,944,944,944,1026,1163,1234,1312,1403,1164,1266,1361,1419,1487,1249,1347,1430,1042,1160,1357,1515,1625,1638,1658
ZZ740,969,969,969,969,1053,1192,1265,1346,1439,1193,1298,1396,1455,1524,1281,1381,1466,1069,1189,1392,1554,1665,1679,1699
ZZ750,994,994,994,994,1080,1221,1297,1379,1475,1222,1330,1431,1492,1562,1313,1416,1503,1096,1218,1427,1592,1706,1720,1740
ZZ760,1019,1019,1019,1019,1107,1250,1328,1413,1511,1252,1363,1466,1528,1600,1345,1450,1539,1124,1247,1462,1630,1746,1761,1781
ZZ770,1044,1044,1044,1044,1135,1279,1359,1447,1547,1281,1395,1501,1564,1637,1376,1485,1575,1151,1276,1497,1668,1787,1801,1822
ZZ780,1070,1070,1070,1070,1162,1309,1390,1480,1582,1310,1427,1536,1600,1675,1408,1520,1612,1178,1305,1532,1706,1827,1842,1864
ZZ790,1095,1095,1095,1095,1189,1338,1422,1514,1618,1339,1459,1571,1637,1712,1440,1554,1648,1206,1334,1567,1744,1867,1883,1905
ZZ800,1120,1120,1120,1120,1216,1367,1453,1547,1654,1368,1491,1606,1673,1750,1471,1589,1685,1233,1363,1602,1783,1908,1924,1946
ZZ810,1145,1145,1145,1145,1243,1396,1484,1581,1690,1397,1524,1641,1709,1788,1503,1624,1721,1260,1392,1637,1821,1948,1964,1987
ZZ820,1171,1171,1171,1171,1270,1425,1515,1615,1726,1426,1556,1676,1745,1825,1535,1658,1758,1288,1422,1672,1859,1989,2005,2028
ZZ830,1196,1196,1196,1196,1297,1454,1547,1648,1762,1456,1588,1712,1782,1863,1566,1693,1794,1315,1451,1707,1897,2029,2046,2070
ZZ840,1221,1221,1221,1221,1324,1483,1578,1682,1798,1485,1620,1747,1818,1900,1598,1728,1830,1342,1480,1742,1935,2069,2086,2111
ZZ850,1246,1246,1246,1246,1352,1512,1609,1716,1834,1514,1653,1782,1854,1938,1630,1762,1867,1370,1509,1777,1973,2110,2127,2152
ZZ860,1271,1271,1271,1271,1379,1541,1640,1749,1870,1543,1685,1817,1890,1975,1662,1797,1903,1397,1538,1812,2012,2150,2168,2193
ZZ870,1297,1297,1297,1297,1406,1571,1672,1783,1906,1572,1717,1852,1926,2013,1693,1832,1940,1424,1567,1847,2050,2191,2209,2234
ZZ880,1322,1322,1322,1322,1433,1600,1703,1816,1941,1601,1749,1887,1963,2051,1725,1866,1976,1452,1596,1882,2088,2231,2249,2275
ZZ890,1347,1347,1347,1347,1460,1629,1734,1850,1977,1631,1782,1922,1999,2088,1757,1901,2013,1479,1625,1917,2126,2271,2290,2317
