AK400,1296.00,1296.00,1296.00,1296.00,1503.00,1509.00,1578.00,1782.00,1869.00,1512.00,1779.00,1878.00,2028.00,2127.00,1728.00,1848.00,2004.00,1506.00,1659.00,1905.00,2115.00,2178.00,2280.00,2325.00,2325.00,2325.00,2325.00
AK401,1215.00,1215.00,1215.00,1215.00,1428.00,1434.00,1500.00,1677.00,1764.00,1446.00,1674.00,1773.00,1923.00,1995.00,1620.00,1746.00,1905.00,1431.00,1578.00,1803.00,1986.00,2031.00,2106.00,2148.00,2148.00,2148.00,2148.00
AK402,1230.00,1230.00,1230.00,1230.00,1548.00,1554.00,1596.00,1722.00,1854.00,1557.00,1719.00,1869.00,2079.00,2142.00,1638.00,1824.00,2064.00,1551.00,1608.00,1911.00,2133.00,2175.00,2241.00,2286.00,2286.00,2286.00,2286.00
AK403,1317.00,1317.00,1317.00,1317.00,1494.00,1593.00,1674.00,1803.00,1875.00,1635.00,1800.00,1881.00,2013.00,2097.00,1755.00,1857.00,1992.00,1581.00,1725.00,1905.00,2085.00,2139.00,2226.00,2271.00,2271.00,2271.00,2271.00
AK404,1128.00,1128.00,1128.00,1128.00,1434.00,1440.00,1542.00,1659.00,1806.00,1443.00,1590.00,1809.00,1947.00,2091.00,1566.00,1713.00,1911.00,1437.00,1545.00,1812.00,2070.00,2172.00,2313.00,2358.00,2358.00,2358.00,2358.00
AK405,1140.00,1140.00,1140.00,1140.00,1485.00,1491.00,1539.00,1611.00,1755.00,1494.00,1608.00,1767.00,1998.00,2070.00,1551.00,1722.00,1980.00,1488.00,1542.00,1815.00,2058.00,2106.00,2178.00,2223.00,2223.00,2223.00,2223.00
AL001,648.00,648.00,648.00,648.00,690.00,819.00,840.00,900.00,972.00,822.00,897.00,981.00,1098.00,1128.00,849.00,957.00,1092.00,711.00,843.00,1005.00,1125.00,1143.00,1173.00,1197.00,1197.00,1197.00,1197.00
AL002,681.00,681.00,681.00,681.00,768.00,921.00,1002.00,1092.00,1182.00,924.00,1062.00,1185.00,1257.00,1365.00,1023.00,1131.00,1230.00,795.00,1005.00,1188.00,1350.00,1419.00,1530.00,1563.00,1563.00,1563.00,1563.00
AL003,813.00,813.00,813.00,813.00,891.00,939.00,1005.00,1092.00,1173.00,972.00,1089.00,1176.00,1209.00,1317.00,1071.00,1113.00,1206.00,930.00,1047.00,1179.00,1305.00,1437.00,1500.00,1530.00,1530.00,1530.00,1530.00
AL004,735.00,735.00,735.00,735.00,831.00,894.00,987.00,1089.00,1101.00,942.00,1086.00,1104.00,1140.00,1203.00,1080.00,1098.00,1122.00,882.00,1044.00,1107.00,1194.00,1305.00,1320.00,1332.00,1332.00,1332.00,1332.00
AL005,831.00,831.00,831.00,831.00,903.00,948.00,1011.00,1098.00,1170.00,981.00,1095.00,1173.00,1218.00,1332.00,1074.00,1125.00,1194.00,939.00,1050.00,1176.00,1317.00,1392.00,1509.00,1539.00,1539.00,1539.00,1539.00
AL006,693.00,693.00,693.00,693.00,783.00,927.00,987.00,1047.00,1131.00,930.00,1032.00,1134.00,1257.00,1332.00,999.00,1095.00,1236.00,867.00,990.00,1146.00,1323.00,1371.00,1452.00,1479.00,1479.00,1479.00,1479.00
AL007,771.00,771.00,771.00,771.00,852.00,942.00,981.00,1098.00,1158.00,945.00,1095.00,1164.00,1269.00,1335.00,1056.00,1143.00,1254.00,894.00,1029.00,1185.00,1332.00,1539.00,1554.00,1569.00,1569.00,1569.00,1569.00
AL008,717.00,717.00,717.00,717.00,807.00,933.00,972.00,1074.00,1137.00,936.00,1071.00,1143.00,1257.00,1311.00,1029.00,1122.00,1242.00,852.00,999.00,1167.00,1302.00,1449.00,1464.00,1479.00,1479.00,1479.00,1479.00
AR010,708.00,708.00,708.00,708.00,807.00,945.00,963.00,1059.00,1137.00,948.00,1056.00,1143.00,1266.00,1287.00,1008.00,1119.00,1260.00,858.00,981.00,1170.00,1284.00,1416.00,1431.00,1443.00,1443.00,1443.00,1443.00
AR011,615.00,615.00,615.00,615.00,720.00,777.00,822.00,900.00,948.00,801.00,897.00,951.00,1026.00,1041.00,870.00,936.00,1020.00,771.00,852.00,966.00,1038.00,1050.00,1065.00,1086.00,1086.00,1086.00,1086.00
AR012,609.00,609.00,609.00,609.00,690.00,840.00,861.00,960.00,1020.00,843.00,957.00,1026.00,1125.00,1152.00,921.00,1008.00,1119.00,708.00,882.00,1047.00,1149.00,1167.00,1197.00,1221.00,1221.00,1221.00,1221.00
AR411,585.00,585.00,585.00,585.00,669.00,771.00,846.00,927.00,1035.00,774.00,879.00,1038.00,1074.00,1188.00,861.00,963.00,1071.00,726.00,849.00,1041.00,1185.00,1338.00,1350.00,1362.00,1362.00,1362.00,1362.00
AR419,630.00,630.00,630.00,630.00,732.00,795.00,840.00,921.00,966.00,819.00,918.00,972.00,1059.00,1122.00,888.00,957.00,1041.00,789.00,870.00,987.00,1113.00,1152.00,1218.00,1242.00,1242.00,1242.00,1242.00
AZ013,873.00,873.00,873.00,873.00,996.00,1071.00,1170.00,1293.00,1317.00,1122.00,1290.00,1320.00,1371.00,1422.00,1272.00,1311.00,1359.00,1056.00,1236.00,1329.00,1416.00,1449.00,1500.00,1530.00,1530.00,1530.00,1530.00
AZ014,744.00,744.00,744.00,744.00,831.00,879.00,918.00,1011.00,1107.00,897.00,981.00,1110.00,1137.00,1251.00,951.00,1053.00,1128.00,873.00,939.00,1113.00,1236.00,1311.00,1428.00,1458.00,1458.00,1458.00,1458.00
AZ015,720.00,720.00,720.00,720.00,804.00,909.00,966.00,1101.00,1143.00,915.00,1098.00,1146.00,1224.00,1281.00,1071.00,1134.00,1212.00,846.00,1032.00,1161.00,1272.00,1326.00,1368.00,1395.00,1395.00,1395.00,1395.00
AZ016,762.00,762.00,762.00,762.00,861.00,951.00,1026.00,1173.00,1209.00,966.00,1170.00,1212.00,1281.00,1323.00,1149.00,1200.00,1269.00,885.00,1104.00,1224.00,1317.00,1344.00,1386.00,1416.00,1416.00,1416.00,1416.00
CA018,1437.00,1437.00,1437.00,1437.00,1599.00,1851.00,1941.00,2199.00,2304.00,1854.00,2196.00,2313.00,2499.00,2619.00,2133.00,2280.00,2469.00,1698.00,2058.00,2346.00,2601.00,2679.00,2802.00,2859.00,2859.00,2859.00,2859.00
CA019,1824.00,1824.00,1824.00,1824.00,2079.00,2223.00,2325.00,2487.00,2577.00,2274.00,2484.00,2586.00,2751.00,2877.00,2430.00,2556.00,2718.00,2205.00,2391.00,2616.00,2859.00,2991.00,3072.00,3132.00,3132.00,3132.00,3132.00
CA021,729.00,729.00,729.00,729.00,813.00,1014.00,1035.00,1134.00,1218.00,1017.00,1131.00,1224.00,1359.00,1389.00,1077.00,1197.00,1350.00,864.00,1041.00,1251.00,1383.00,1404.00,1437.00,1464.00,1464.00,1464.00,1464.00
CA022,828.00,828.00,828.00,828.00,930.00,1044.00,1098.00,1239.00,1299.00,1047.00,1236.00,1305.00,1404.00,1452.00,1200.00,1284.00,1392.00,978.00,1164.00,1323.00,1443.00,1473.00,1521.00,1551.00,1551.00,1551.00,1551.00
CA023,738.00,738.00,738.00,738.00,843.00,993.00,1071.00,1158.00,1242.00,996.00,1116.00,1245.00,1350.00,1455.00,1089.00,1197.00,1323.00,903.00,1074.00,1248.00,1440.00,1509.00,1617.00,1650.00,1650.00,1650.00,1650.00
CA024,1395.00,1395.00,1395.00,1395.00,1623.00,1743.00,1803.00,1887.00,1914.00,1776.00,1884.00,1917.00,2004.00,2166.00,1866.00,1908.00,1962.00,1734.00,1842.00,1929.00,2142.00,2247.00,2415.00,2463.00,2463.00,2463.00,2463.00
CA025,1470.00,1470.00,1470.00,1470.00,1617.00,1704.00,1806.00,1944.00,1992.00,1758.00,1941.00,1998.00,2109.00,2253.00,1911.00,1983.00,2073.00,1689.00,1872.00,2013.00,2235.00,2325.00,2475.00,2526.00,2526.00,2526.00,2526.00
CA026,990.00,990.00,990.00,990.00,1113.00,1224.00,1320.00,1488.00,1542.00,1260.00,1485.00,1548.00,1656.00,1746.00,1452.00,1530.00,1632.00,1173.00,1404.00,1566.00,1734.00,1791.00,1884.00,1923.00,1923.00,1923.00,1923.00
CA027,1455.00,1455.00,1455.00,1455.00,1581.00,1659.00,1758.00,1893.00,1938.00,1710.00,1890.00,1941.00,2031.00,2112.00,1860.00,1926.00,2010.00,1644.00,1824.00,1956.00,2100.00,2250.00,2274.00,2295.00,2295.00,2295.00,2295.00
CA028,777.00,777.00,777.00,777.00,891.00,957.00,1026.00,1134.00,1185.00,993.00,1131.00,1191.00,1287.00,1344.00,1095.00,1173.00,1272.00,945.00,1071.00,1209.00,1335.00,1371.00,1431.00,1458.00,1458.00,1458.00,1458.00
CA031,891.00,891.00,891.00,891.00,1020.00,1095.00,1170.00,1287.00,1347.00,1134.00,1284.00,1353.00,1470.00,1569.00,1245.00,1332.00,1446.00,1086.00,1218.00,1374.00,1554.00,1617.00,1719.00,1752.00,1752.00,1752.00,1752.00
CA032,711.00,711.00,711.00,711.00,807.00,873.00,957.00,1059.00,1134.00,915.00,1056.00,1137.00,1188.00,1305.00,1032.00,1095.00,1158.00,861.00,1002.00,1140.00,1287.00,1362.00,1482.00,1512.00,1512.00,1512.00,1512.00
CA033,957.00,957.00,957.00,957.00,1125.00,1224.00,1293.00,1527.00,1566.00,1227.00,1524.00,1572.00,1656.00,1749.00,1500.00,1557.00,1632.00,1134.00,1422.00,1584.00,1737.00,1809.00,1890.00,1929.00,1929.00,1929.00,1929.00
CA034,1179.00,1179.00,1179.00,1179.00,1311.00,1419.00,1584.00,1767.00,1791.00,1506.00,1764.00,1794.00,1863.00,1992.00,1749.00,1785.00,1830.00,1395.00,1689.00,1800.00,1974.00,2058.00,2193.00,2238.00,2238.00,2238.00,2238.00
CA035,876.00,876.00,876.00,876.00,993.00,1062.00,1149.00,1257.00,1290.00,1107.00,1254.00,1293.00,1350.00,1389.00,1236.00,1281.00,1341.00,1050.00,1203.00,1302.00,1383.00,1494.00,1506.00,1521.00,1521.00,1521.00,1521.00
CA036,1251.00,1251.00,1251.00,1251.00,1455.00,1557.00,1581.00,1632.00,1674.00,1569.00,1629.00,1680.00,1767.00,1869.00,1605.00,1665.00,1743.00,1554.00,1596.00,1692.00,1854.00,1917.00,2022.00,2061.00,2061.00,2061.00,2061.00
CA037,1470.00,1470.00,1470.00,1470.00,1632.00,1722.00,1947.00,2202.00,2235.00,1839.00,2199.00,2238.00,2343.00,2541.00,2175.00,2226.00,2292.00,1689.00,2094.00,2250.00,2511.00,2640.00,2841.00,2898.00,2898.00,2898.00,2898.00
CA038,1464.00,1464.00,1464.00,1464.00,1731.00,1875.00,1947.00,2055.00,2109.00,1914.00,2052.00,2115.00,2223.00,2334.00,2019.00,2097.00,2196.00,1866.00,1992.00,2133.00,2319.00,2391.00,2505.00,2553.00,2553.00,2553.00,2553.00
CA039,1344.00,1344.00,1344.00,1344.00,1503.00,1671.00,1800.00,1986.00,2073.00,1740.00,1983.00,2079.00,2247.00,2418.00,1932.00,2052.00,2205.00,1653.00,1884.00,2106.00,2394.00,2505.00,2679.00,2733.00,2733.00,2733.00,2733.00
CA040,735.00,735.00,735.00,735.00,849.00,912.00,960.00,1053.00,1155.00,936.00,1038.00,1158.00,1179.00,1302.00,1011.00,1101.00,1176.00,903.00,993.00,1161.00,1284.00,1362.00,1491.00,1521.00,1521.00,1521.00,1521.00
CA041,1107.00,1107.00,1107.00,1107.00,1287.00,1389.00,1482.00,1617.00,1680.00,1437.00,1614.00,1686.00,1788.00,1827.00,1578.00,1665.00,1776.00,1374.00,1542.00,1704.00,1821.00,1929.00,1950.00,1968.00,1968.00,1968.00,1968.00
CA042,762.00,762.00,762.00,762.00,894.00,1032.00,1092.00,1158.00,1239.00,1035.00,1119.00,1242.00,1395.00,1476.00,1104.00,1197.00,1374.00,978.00,1095.00,1260.00,1464.00,1515.00,1599.00,1629.00,1629.00,1629.00,1629.00
CA044,1548.00,1548.00,1548.00,1548.00,1752.00,1866.00,1971.00,2127.00,2202.00,1920.00,2124.00,2208.00,2334.00,2394.00,2076.00,2184.00,2319.00,1851.00,2040.00,2232.00,2385.00,2532.00,2556.00,2583.00,2583.00,2583.00,2583.00
CA392,1011.00,1011.00,1011.00,1011.00,1116.00,1485.00,1530.00,1587.00,1740.00,1488.00,1581.00,1755.00,1995.00,2055.00,1539.00,1704.00,1980.00,1209.00,1533.00,1803.00,2046.00,2085.00,2145.00,2187.00,2187.00,2187.00,2187.00
CA393,1017.00,1017.00,1017.00,1017.00,1209.00,1308.00,1338.00,1389.00,1419.00,1326.00,1386.00,1422.00,1479.00,1542.00,1368.00,1410.00,1464.00,1305.00,1359.00,1431.00,1533.00,1632.00,1647.00,1665.00,1665.00,1665.00,1665.00
CA420,804.00,804.00,804.00,804.00,921.00,990.00,1047.00,1134.00,1176.00,1020.00,1131.00,1182.00,1266.00,1341.00,1104.00,1167.00,1245.00,981.00,1083.00,1194.00,1332.00,1380.00,1458.00,1488.00,1488.00,1488.00,1488.00
CA421,915.00,915.00,915.00,915.00,993.00,1158.00,1242.00,1338.00,1419.00,1161.00,1335.00,1425.00,1572.00,1686.00,1287.00,1398.00,1542.00,1032.00,1245.00,1449.00,1668.00,1740.00,1857.00,1896.00,1896.00,1896.00,1896.00
CA457,918.00,918.00,918.00,918.00,990.00,1167.00,1236.00,1311.00,1398.00,1170.00,1293.00,1407.00,1578.00,1671.00,1251.00,1374.00,1554.00,1026.00,1239.00,1440.00,1656.00,1716.00,1812.00,1848.00,1848.00,1848.00,1848.00
CO045,978.00,978.00,978.00,978.00,1098.00,1161.00,1311.00,1479.00,1497.00,1239.00,1476.00,1500.00,1557.00,1662.00,1464.00,1494.00,1530.00,1140.00,1410.00,1506.00,1647.00,1785.00,1821.00,1857.00,1857.00,1857.00,1857.00
CO046,822.00,822.00,822.00,822.00,948.00,1041.00,1101.00,1200.00,1257.00,1071.00,1197.00,1263.00,1362.00,1428.00,1161.00,1242.00,1347.00,1032.00,1140.00,1281.00,1419.00,1512.00,1530.00,1560.00,1560.00,1560.00,1560.00
CO047,786.00,786.00,786.00,786.00,885.00,957.00,1053.00,1176.00,1206.00,1008.00,1173.00,1209.00,1278.00,1359.00,1152.00,1200.00,1257.00,942.00,1116.00,1221.00,1350.00,1401.00,1485.00,1515.00,1515.00,1515.00,1515.00
CO422,978.00,978.00,978.00,978.00,1125.00,1290.00,1407.00,1533.00,1668.00,1293.00,1464.00,1671.00,1761.00,1917.00,1434.00,1593.00,1722.00,1203.00,1410.00,1674.00,1893.00,1995.00,2154.00,2196.00,2196.00,2196.00,2196.00
CT049,993.00,993.00,993.00,993.00,1140.00,1230.00,1332.00,1476.00,1533.00,1281.00,1473.00,1539.00,1653.00,1761.00,1437.00,1521.00,1626.00,1212.00,1398.00,1560.00,1746.00,1851.00,1923.00,1962.00,1962.00,1962.00,1962.00
CT050,1164.00,1164.00,1164.00,1164.00,1344.00,1587.00,1674.00,1770.00,1905.00,1590.00,1716.00,1908.00,2145.00,2262.00,1695.00,1818.00,2115.00,1434.00,1677.00,1926.00,2247.00,2322.00,2442.00,2493.00,2493.00,2493.00,2493.00
CT051,1473.00,1473.00,1473.00,1473.00,1623.00,1716.00,1818.00,1989.00,2091.00,1767.00,1986.00,2103.00,2289.00,2424.00,1923.00,2070.00,2253.00,1698.00,1884.00,2136.00,2403.00,2544.00,2628.00,2682.00,2682.00,2682.00,2682.00
DC053,1365.00,1365.00,1365.00,1365.00,1572.00,1689.00,1785.00,1947.00,2052.00,1740.00,1944.00,2064.00,2247.00,2367.00,1881.00,2028.00,2217.00,1674.00,1845.00,2097.00,2349.00,2424.00,2547.00,2598.00,2598.00,2598.00,2598.00
DE054,936.00,936.00,936.00,936.00,1029.00,1179.00,1200.00,1320.00,1419.00,1182.00,1317.00,1428.00,1578.00,1605.00,1257.00,1398.00,1572.00,1074.00,1227.00,1461.00,1602.00,1617.00,1644.00,1677.00,1677.00,1677.00,1677.00
DE055,1029.00,1029.00,1029.00,1029.00,1104.00,1185.00,1218.00,1344.00,1434.00,1188.00,1341.00,1443.00,1590.00,1632.00,1284.00,1413.00,1578.00,1140.00,1260.00,1473.00,1626.00,1653.00,1695.00,1728.00,1728.00,1728.00,1728.00
FL056,870.00,870.00,870.00,870.00,1005.00,1110.00,1161.00,1242.00,1275.00,1137.00,1239.00,1278.00,1338.00,1368.00,1218.00,1269.00,1332.00,1101.00,1197.00,1290.00,1365.00,1410.00,1422.00,1440.00,1440.00,1440.00,1440.00
FL057,831.00,831.00,831.00,831.00,972.00,1050.00,1110.00,1200.00,1239.00,1083.00,1197.00,1245.00,1323.00,1401.00,1173.00,1230.00,1305.00,1041.00,1149.00,1257.00,1389.00,1458.00,1515.00,1545.00,1545.00,1545.00,1545.00
FL058,885.00,885.00,885.00,885.00,1035.00,1119.00,1182.00,1275.00,1317.00,1152.00,1272.00,1320.00,1407.00,1506.00,1248.00,1308.00,1380.00,1110.00,1224.00,1332.00,1491.00,1557.00,1659.00,1692.00,1692.00,1692.00,1692.00
FL059,798.00,798.00,798.00,798.00,900.00,1101.00,1131.00,1254.00,1338.00,1104.00,1251.00,1344.00,1479.00,1518.00,1200.00,1317.00,1467.00,927.00,1155.00,1371.00,1512.00,1539.00,1578.00,1611.00,1611.00,1611.00,1611.00
FL061,1311.00,1311.00,1311.00,1311.00,1497.00,1605.00,1704.00,1842.00,1899.00,1656.00,1839.00,1902.00,2025.00,2175.00,1803.00,1884.00,1989.00,1590.00,1767.00,1923.00,2154.00,2250.00,2406.00,2454.00,2454.00,2454.00,2454.00
FL062,1011.00,1011.00,1011.00,1011.00,1137.00,1215.00,1311.00,1431.00,1458.00,1266.00,1428.00,1461.00,1515.00,1557.00,1410.00,1452.00,1503.00,1200.00,1374.00,1470.00,1551.00,1602.00,1626.00,1659.00,1659.00,1659.00,1659.00
FL063,915.00,915.00,915.00,915.00,999.00,1047.00,1083.00,1155.00,1200.00,1065.00,1152.00,1203.00,1287.00,1344.00,1122.00,1188.00,1272.00,1041.00,1110.00,1218.00,1335.00,1410.00,1431.00,1461.00,1461.00,1461.00,1461.00
FL064,783.00,783.00,783.00,783.00,930.00,1008.00,1029.00,1089.00,1149.00,1017.00,1086.00,1155.00,1251.00,1272.00,1050.00,1134.00,1245.00,1005.00,1041.00,1173.00,1269.00,1335.00,1347.00,1359.00,1359.00,1359.00,1359.00
FL065,876.00,876.00,876.00,876.00,987.00,1044.00,1089.00,1170.00,1233.00,1068.00,1167.00,1236.00,1347.00,1431.00,1131.00,1218.00,1329.00,1038.00,1116.00,1257.00,1419.00,1578.00,1596.00,1611.00,1611.00,1611.00,1611.00
FL066,1050.00,1050.00,1050.00,1050.00,1182.00,1443.00,1479.00,1620.00,1737.00,1446.00,1614.00,1749.00,1935.00,1986.00,1542.00,1710.00,1923.00,1257.00,1494.00,1785.00,1980.00,2013.00,2067.00,2106.00,2106.00,2106.00,2106.00
FL067,1170.00,1170.00,1170.00,1170.00,1308.00,1425.00,1524.00,1701.00,1776.00,1461.00,1698.00,1785.00,1932.00,2067.00,1650.00,1758.00,1899.00,1377.00,1602.00,1809.00,2049.00,2133.00,2271.00,2316.00,2316.00,2316.00,2316.00
FL068,774.00,774.00,774.00,774.00,897.00,966.00,1020.00,1116.00,1179.00,993.00,1113.00,1185.00,1290.00,1314.00,1074.00,1164.00,1284.00,957.00,1053.00,1206.00,1311.00,1329.00,1356.00,1383.00,1383.00,1383.00,1383.00
FL069,1446.00,1446.00,1446.00,1446.00,1629.00,1842.00,1938.00,2166.00,2277.00,1866.00,2163.00,2289.00,2463.00,2493.00,2094.00,2253.00,2454.00,1761.00,2037.00,2325.00,2490.00,2508.00,2541.00,2592.00,2592.00,2592.00,2592.00
FL070,855.00,855.00,855.00,855.00,957.00,1029.00,1119.00,1251.00,1296.00,1071.00,1248.00,1302.00,1395.00,1488.00,1218.00,1287.00,1374.00,1008.00,1182.00,1317.00,1473.00,1593.00,1626.00,1659.00,1659.00,1659.00,1659.00
FL397,693.00,693.00,693.00,693.00,810.00,876.00,942.00,1029.00,1125.00,897.00,999.00,1128.00,1179.00,1284.00,963.00,1068.00,1152.00,867.00,948.00,1131.00,1269.00,1356.00,1443.00,1473.00,1473.00,1473.00,1473.00
FL423,837.00,837.00,837.00,837.00,930.00,1038.00,1077.00,1191.00,1266.00,1041.00,1188.00,1272.00,1395.00,1449.00,1143.00,1248.00,1383.00,978.00,1116.00,1296.00,1443.00,1476.00,1530.00,1560.00,1560.00,1560.00,1560.00
FL424,939.00,939.00,939.00,939.00,1050.00,1242.00,1302.00,1422.00,1512.00,1245.00,1419.00,1521.00,1674.00,1758.00,1365.00,1491.00,1653.00,1137.00,1326.00,1551.00,1746.00,1800.00,1887.00,1926.00,1926.00,1926.00,1926.00
GA071,816.00,816.00,816.00,816.00,921.00,984.00,1041.00,1137.00,1188.00,1014.00,1134.00,1194.00,1293.00,1371.00,1101.00,1176.00,1272.00,975.00,1080.00,1209.00,1359.00,1455.00,1491.00,1521.00,1521.00,1521.00,1521.00
GA072,687.00,687.00,687.00,687.00,786.00,840.00,882.00,951.00,984.00,861.00,948.00,990.00,1056.00,1134.00,924.00,978.00,1044.00,834.00,909.00,1002.00,1131.00,1305.00,1317.00,1329.00,1329.00,1329.00,1329.00
GA073,756.00,756.00,756.00,756.00,861.00,1005.00,1044.00,1122.00,1206.00,1008.00,1119.00,1215.00,1353.00,1404.00,1068.00,1188.00,1341.00,948.00,1047.00,1242.00,1398.00,1428.00,1479.00,1509.00,1509.00,1509.00,1509.00
GA074,765.00,765.00,765.00,765.00,837.00,924.00,999.00,1083.00,1164.00,927.00,1080.00,1167.00,1257.00,1356.00,1044.00,1128.00,1233.00,870.00,1014.00,1170.00,1341.00,1404.00,1503.00,1533.00,1533.00,1533.00,1533.00
GA075,861.00,861.00,861.00,861.00,948.00,1098.00,1107.00,1239.00,1326.00,1101.00,1236.00,1332.00,1467.00,1482.00,1182.00,1305.00,1461.00,990.00,1149.00,1362.00,1479.00,1488.00,1500.00,1530.00,1530.00,1530.00,1530.00
GA076,825.00,825.00,825.00,825.00,885.00,924.00,981.00,1065.00,1152.00,951.00,1062.00,1155.00,1233.00,1332.00,1029.00,1110.00,1209.00,915.00,1011.00,1158.00,1317.00,1380.00,1479.00,1509.00,1509.00,1509.00,1509.00
GA077,918.00,918.00,918.00,918.00,1047.00,1119.00,1188.00,1299.00,1359.00,1155.00,1296.00,1365.00,1467.00,1503.00,1260.00,1347.00,1458.00,1110.00,1233.00,1386.00,1497.00,1521.00,1557.00,1590.00,1590.00,1590.00,1590.00
GA078,720.00,720.00,720.00,720.00,813.00,867.00,930.00,1017.00,1044.00,900.00,1014.00,1047.00,1107.00,1170.00,996.00,1038.00,1092.00,858.00,972.00,1056.00,1161.00,1269.00,1281.00,1296.00,1296.00,1296.00,1296.00
GA079,729.00,729.00,729.00,729.00,819.00,882.00,978.00,1092.00,1110.00,933.00,1089.00,1113.00,1158.00,1218.00,1074.00,1104.00,1143.00,870.00,1041.00,1119.00,1209.00,1248.00,1308.00,1335.00,1335.00,1335.00,1335.00
GA080,852.00,852.00,852.00,852.00,936.00,993.00,1056.00,1122.00,1206.00,996.00,1095.00,1209.00,1344.00,1428.00,1068.00,1167.00,1323.00,975.00,1059.00,1224.00,1416.00,1470.00,1554.00,1587.00,1587.00,1587.00,1587.00
GA081,723.00,723.00,723.00,723.00,807.00,882.00,915.00,987.00,1059.00,885.00,984.00,1068.00,1185.00,1233.00,939.00,1044.00,1176.00,849.00,924.00,1089.00,1227.00,1254.00,1302.00,1329.00,1329.00,1329.00,1329.00
HI407,1209.00,1209.00,1209.00,1209.00,1401.00,1509.00,1578.00,1686.00,1746.00,1545.00,1683.00,1752.00,1869.00,1983.00,1647.00,1731.00,1839.00,1497.00,1623.00,1770.00,1968.00,2043.00,2160.00,2205.00,2205.00,2205.00,2205.00
HI408,1512.00,1512.00,1512.00,1512.00,1818.00,1992.00,2016.00,2109.00,2262.00,2004.00,2106.00,2265.00,2436.00,2631.00,2040.00,2193.00,2385.00,1989.00,2031.00,2268.00,2604.00,2727.00,2928.00,2988.00,2988.00,2988.00,2988.00
HI409,957.00,957.00,957.00,957.00,1122.00,1296.00,1344.00,1410.00,1533.00,1299.00,1407.00,1545.00,1743.00,1809.00,1356.00,1506.00,1728.00,1221.00,1347.00,1584.00,1800.00,1842.00,1908.00,1947.00,1947.00,1947.00,1947.00
HI414,1236.00,1236.00,1236.00,1236.00,1392.00,1545.00,1656.00,1815.00,1878.00,1602.00,1812.00,1884.00,1992.00,2040.00,1770.00,1863.00,1980.00,1527.00,1731.00,1905.00,2034.00,2148.00,2169.00,2190.00,2190.00,2190.00,2190.00
IA082,804.00,804.00,804.00,804.00,891.00,1044.00,1080.00,1170.00,1254.00,1047.00,1167.00,1263.00,1401.00,1449.00,1113.00,1236.00,1389.00,933.00,1083.00,1290.00,1443.00,1473.00,1524.00,1554.00,1554.00,1554.00,1554.00
IA083,717.00,717.00,717.00,717.00,768.00,900.00,912.00,1053.00,1110.00,903.00,1050.00,1116.00,1203.00,1218.00,1017.00,1098.00,1197.00,792.00,978.00,1134.00,1215.00,1224.00,1239.00,1263.00,1263.00,1263.00,1263.00
IA330,681.00,681.00,681.00,681.00,717.00,897.00,906.00,963.00,1053.00,900.00,960.00,1062.00,1200.00,1212.00,912.00,1032.00,1197.00,735.00,909.00,1092.00,1209.00,1218.00,1227.00,1254.00,1254.00,1254.00,1254.00
IA331,789.00,789.00,789.00,789.00,909.00,1044.00,1065.00,1152.00,1245.00,1047.00,1149.00,1254.00,1398.00,1425.00,1092.00,1224.00,1392.00,969.00,1071.00,1284.00,1422.00,1440.00,1467.00,1497.00,1497.00,1497.00,1497.00
IA332,612.00,612.00,612.00,612.00,711.00,789.00,819.00,879.00,948.00,804.00,876.00,951.00,1023.00,1098.00,846.00,918.00,1005.00,786.00,837.00,954.00,1086.00,1170.00,1209.00,1233.00,1233.00,1233.00,1233.00
IA389,642.00,642.00,642.00,642.00,744.00,831.00,852.00,897.00,978.00,834.00,894.00,987.00,1113.00,1140.00,858.00,960.00,1107.00,792.00,855.00,1014.00,1137.00,1155.00,1182.00,1206.00,1206.00,1206.00,1206.00
IA425,735.00,735.00,735.00,735.00,828.00,1044.00,1089.00,1143.00,1260.00,1047.00,1140.00,1263.00,1407.00,1497.00,1101.00,1218.00,1392.00,876.00,1092.00,1278.00,1494.00,1728.00,1746.00,1761.00,1761.00,1761.00,1761.00
ID084,696.00,696.00,696.00,696.00,729.00,795.00,825.00,903.00,963.00,798.00,900.00,969.00,1068.00,1107.00,861.00,948.00,1059.00,744.00,843.00,987.00,1104.00,1128.00,1170.00,1194.00,1194.00,1194.00,1194.00
ID085,645.00,645.00,645.00,645.00,720.00,807.00,867.00,972.00,1011.00,831.00,969.00,1017.00,1083.00,1104.00,945.00,1002.00,1077.00,780.00,915.00,1029.00,1101.00,1116.00,1140.00,1161.00,1161.00,1161.00,1161.00
ID086,657.00,657.00,657.00,657.00,750.00,825.00,900.00,984.00,1053.00,855.00,966.00,1056.00,1122.00,1227.00,936.00,1023.00,1098.00,816.00,918.00,1059.00,1212.00,1278.00,1383.00,1410.00,1410.00,1410.00,1410.00
ID333,639.00,639.00,639.00,639.00,738.00,1023.00,1053.00,1086.00,1176.00,1026.00,1065.00,1188.00,1371.00,1413.00,1059.00,1149.00,1362.00,768.00,1056.00,1227.00,1407.00,1434.00,1473.00,1503.00,1503.00,1503.00,1503.00
IL088,855.00,855.00,855.00,855.00,912.00,972.00,1083.00,1230.00,1254.00,1026.00,1227.00,1257.00,1308.00,1362.00,1212.00,1248.00,1296.00,942.00,1164.00,1266.00,1353.00,1389.00,1443.00,1470.00,1470.00,1470.00,1470.00
IL089,699.00,699.00,699.00,699.00,756.00,963.00,1050.00,1143.00,1242.00,966.00,1086.00,1245.00,1311.00,1428.00,1068.00,1185.00,1284.00,783.00,1053.00,1248.00,1410.00,1485.00,1602.00,1635.00,1635.00,1635.00,1635.00
IL090,714.00,714.00,714.00,714.00,801.00,906.00,960.00,1098.00,1137.00,909.00,1095.00,1143.00,1212.00,1230.00,1068.00,1128.00,1206.00,837.00,1029.00,1155.00,1227.00,1311.00,1326.00,1338.00,1338.00,1338.00,1338.00
IL092,894.00,894.00,894.00,894.00,1011.00,1227.00,1236.00,1404.00,1494.00,1230.00,1401.00,1503.00,1638.00,1650.00,1347.00,1473.00,1635.00,1035.00,1293.00,1530.00,1647.00,1656.00,1671.00,1704.00,1704.00,1704.00,1704.00
IL093,774.00,774.00,774.00,774.00,879.00,1014.00,1065.00,1158.00,1233.00,1017.00,1155.00,1239.00,1368.00,1440.00,1110.00,1215.00,1350.00,951.00,1083.00,1263.00,1428.00,1548.00,1563.00,1578.00,1578.00,1578.00,1578.00
IL325,1137.00,1137.00,1137.00,1137.00,1350.00,1461.00,1512.00,1617.00,1698.00,1488.00,1614.00,1704.00,1836.00,1890.00,1566.00,1680.00,1824.00,1455.00,1548.00,1731.00,1881.00,1959.00,1977.00,2007.00,2007.00,2007.00,2007.00
IL335,711.00,711.00,711.00,711.00,813.00,867.00,900.00,975.00,1038.00,882.00,972.00,1044.00,1152.00,1200.00,933.00,1023.00,1140.00,861.00,921.00,1065.00,1191.00,1341.00,1356.00,1368.00,1368.00,1368.00,1368.00
IL366,879.00,879.00,879.00,879.00,1023.00,1149.00,1200.00,1398.00,1449.00,1152.00,1395.00,1455.00,1548.00,1620.00,1362.00,1437.00,1533.00,1035.00,1296.00,1470.00,1611.00,1653.00,1725.00,1761.00,1761.00,1761.00,1761.00
IL427,672.00,672.00,672.00,672.00,765.00,906.00,912.00,1017.00,1092.00,909.00,1014.00,1098.00,1209.00,1218.00,969.00,1074.00,1206.00,819.00,945.00,1122.00,1215.00,1221.00,1224.00,1251.00,1251.00,1251.00,1251.00
IN094,828.00,828.00,828.00,828.00,930.00,993.00,1080.00,1197.00,1236.00,1038.00,1194.00,1239.00,1311.00,1374.00,1170.00,1227.00,1296.00,981.00,1137.00,1251.00,1365.00,1404.00,1467.00,1494.00,1494.00,1494.00,1494.00
IN096,798.00,798.00,798.00,798.00,897.00,981.00,1068.00,1185.00,1224.00,1026.00,1182.00,1227.00,1296.00,1338.00,1158.00,1215.00,1284.00,969.00,1125.00,1239.00,1332.00,1359.00,1401.00,1431.00,1431.00,1431.00,1431.00
IN097,681.00,681.00,681.00,681.00,765.00,819.00,891.00,984.00,1008.00,858.00,981.00,1011.00,1062.00,1107.00,963.00,1002.00,1050.00,810.00,939.00,1020.00,1101.00,1191.00,1203.00,1215.00,1215.00,1215.00,1215.00
IN099,702.00,702.00,702.00,702.00,822.00,900.00,936.00,1032.00,1095.00,912.00,1029.00,1101.00,1206.00,1236.00,987.00,1080.00,1200.00,879.00,969.00,1125.00,1233.00,1269.00,1281.00,1308.00,1308.00,1308.00,1308.00
IN337,687.00,687.00,687.00,687.00,771.00,825.00,903.00,993.00,1002.00,867.00,990.00,1005.00,1020.00,1038.00,984.00,999.00,1017.00,813.00,957.00,1008.00,1035.00,1059.00,1071.00,1086.00,1086.00,1086.00,1086.00
IN338,654.00,654.00,654.00,654.00,732.00,780.00,837.00,918.00,939.00,810.00,915.00,942.00,999.00,1074.00,900.00,933.00,978.00,771.00,876.00,951.00,1062.00,1110.00,1188.00,1212.00,1212.00,1212.00,1212.00
IN399,735.00,735.00,735.00,735.00,831.00,933.00,990.00,1137.00,1176.00,936.00,1134.00,1182.00,1254.00,1293.00,1107.00,1167.00,1245.00,855.00,1065.00,1194.00,1287.00,1344.00,1359.00,1380.00,1380.00,1380.00,1380.00
KS100,744.00,744.00,744.00,744.00,852.00,1065.00,1071.00,1140.00,1248.00,1068.00,1137.00,1260.00,1422.00,1431.00,1077.00,1224.00,1419.00,912.00,1074.00,1293.00,1428.00,1434.00,1443.00,1470.00,1470.00,1470.00,1470.00
KS101,663.00,663.00,663.00,663.00,753.00,936.00,963.00,1053.00,1128.00,939.00,1050.00,1137.00,1257.00,1293.00,1005.00,1110.00,1248.00,774.00,966.00,1161.00,1287.00,1317.00,1347.00,1374.00,1374.00,1374.00,1374.00
KS102,666.00,666.00,666.00,666.00,738.00,900.00,933.00,1026.00,1095.00,903.00,1023.00,1101.00,1212.00,1257.00,984.00,1077.00,1200.00,789.00,951.00,1122.00,1251.00,1356.00,1371.00,1383.00,1383.00,1383.00,1383.00
KS104,723.00,723.00,723.00,723.00,822.00,963.00,999.00,1095.00,1167.00,966.00,1092.00,1176.00,1296.00,1341.00,1047.00,1152.00,1284.00,882.00,1020.00,1200.00,1335.00,1389.00,1413.00,1440.00,1440.00,1440.00,1440.00
KS105,669.00,669.00,669.00,669.00,756.00,1041.00,1062.00,1086.00,1200.00,1044.00,1077.00,1212.00,1392.00,1422.00,1068.00,1173.00,1386.00,786.00,1065.00,1248.00,1419.00,1437.00,1467.00,1497.00,1497.00,1497.00,1497.00
KS334,615.00,615.00,615.00,615.00,687.00,756.00,825.00,936.00,963.00,783.00,933.00,966.00,1026.00,1092.00,915.00,957.00,1008.00,726.00,882.00,975.00,1083.00,1125.00,1194.00,1218.00,1218.00,1218.00,1218.00
KY106,705.00,705.00,705.00,705.00,783.00,837.00,909.00,990.00,1080.00,840.00,942.00,1083.00,1140.00,1239.00,927.00,1029.00,1113.00,822.00,912.00,1086.00,1224.00,1287.00,1389.00,1419.00,1419.00,1419.00,1419.00
KY107,699.00,699.00,699.00,699.00,783.00,888.00,900.00,1011.00,1077.00,891.00,1008.00,1083.00,1188.00,1203.00,966.00,1062.00,1182.00,825.00,942.00,1104.00,1200.00,1323.00,1335.00,1347.00,1347.00,1347.00,1347.00
KY109,786.00,786.00,786.00,786.00,882.00,966.00,1062.00,1170.00,1290.00,987.00,1143.00,1293.00,1329.00,1449.00,1110.00,1218.00,1326.00,930.00,1080.00,1296.00,1431.00,1572.00,1650.00,1683.00,1683.00,1683.00,1683.00
KY110,624.00,624.00,624.00,624.00,705.00,879.00,954.00,1032.00,1122.00,882.00,984.00,1125.00,1197.00,1296.00,969.00,1068.00,1173.00,777.00,957.00,1128.00,1281.00,1344.00,1443.00,1473.00,1473.00,1473.00,1473.00
KY112,567.00,567.00,567.00,567.00,639.00,789.00,801.00,876.00,945.00,792.00,873.00,951.00,1056.00,1101.00,834.00,930.00,1050.00,675.00,807.00,972.00,1098.00,1293.00,1308.00,1320.00,1320.00,1320.00,1320.00
KY339,612.00,612.00,612.00,612.00,717.00,774.00,816.00,876.00,981.00,795.00,870.00,984.00,1014.00,1104.00,858.00,921.00,1011.00,768.00,843.00,987.00,1101.00,1218.00,1248.00,1275.00,1275.00,1275.00,1275.00
KY429,699.00,699.00,699.00,699.00,747.00,807.00,837.00,888.00,969.00,810.00,885.00,972.00,1086.00,1173.00,846.00,942.00,1077.00,771.00,840.00,990.00,1170.00,1371.00,1386.00,1398.00,1398.00,1398.00,1398.00
KY430,615.00,615.00,615.00,615.00,711.00,837.00,858.00,912.00,990.00,840.00,909.00,999.00,1122.00,1149.00,864.00,972.00,1116.00,780.00,861.00,1023.00,1146.00,1164.00,1191.00,1215.00,1215.00,1215.00,1215.00
LA113,714.00,714.00,714.00,714.00,816.00,900.00,963.00,1110.00,1146.00,903.00,1107.00,1149.00,1209.00,1251.00,1086.00,1137.00,1200.00,825.00,1041.00,1158.00,1245.00,1281.00,1314.00,1338.00,1338.00,1338.00,1338.00
LA114,945.00,945.00,945.00,945.00,1041.00,1104.00,1200.00,1314.00,1335.00,1155.00,1311.00,1338.00,1395.00,1491.00,1296.00,1329.00,1371.00,1089.00,1260.00,1344.00,1476.00,1632.00,1650.00,1668.00,1668.00,1668.00,1668.00
LA115,633.00,633.00,633.00,633.00,729.00,861.00,882.00,957.00,1029.00,864.00,954.00,1038.00,1155.00,1182.00,906.00,1014.00,1149.00,783.00,885.00,1062.00,1179.00,1197.00,1224.00,1251.00,1251.00,1251.00,1251.00
LA116,909.00,909.00,909.00,909.00,1077.00,1170.00,1218.00,1305.00,1365.00,1194.00,1302.00,1371.00,1473.00,1515.00,1263.00,1350.00,1461.00,1164.00,1248.00,1392.00,1509.00,1584.00,1599.00,1614.00,1614.00,1614.00,1614.00
LA117,876.00,876.00,876.00,876.00,972.00,1131.00,1203.00,1281.00,1389.00,1134.00,1236.00,1392.00,1533.00,1629.00,1218.00,1317.00,1509.00,1020.00,1206.00,1395.00,1614.00,1710.00,1773.00,1809.00,1809.00,1809.00,1809.00
LA118,768.00,768.00,768.00,768.00,864.00,984.00,1032.00,1173.00,1227.00,987.00,1170.00,1233.00,1320.00,1347.00,1137.00,1215.00,1314.00,912.00,1098.00,1251.00,1344.00,1539.00,1554.00,1572.00,1572.00,1572.00,1572.00
LA326,885.00,885.00,885.00,885.00,1020.00,1116.00,1182.00,1275.00,1308.00,1152.00,1272.00,1311.00,1380.00,1443.00,1248.00,1299.00,1365.00,1107.00,1224.00,1323.00,1434.00,1473.00,1536.00,1569.00,1569.00,1569.00,1569.00
LA370,831.00,831.00,831.00,831.00,966.00,1038.00,1044.00,1086.00,1137.00,1041.00,1083.00,1143.00,1236.00,1281.00,1050.00,1125.00,1224.00,1035.00,1047.00,1161.00,1275.00,1305.00,1353.00,1380.00,1380.00,1380.00,1380.00
LA371,648.00,648.00,648.00,648.00,747.00,882.00,900.00,927.00,1023.00,885.00,924.00,1032.00,1182.00,1206.00,906.00,1002.00,1176.00,795.00,903.00,1065.00,1203.00,1251.00,1263.00,1278.00,1278.00,1278.00,1278.00
MA119,1755.00,1755.00,1755.00,1755.00,2010.00,2145.00,2190.00,2331.00,2478.00,2169.00,2325.00,2493.00,2742.00,2859.00,2235.00,2445.00,2712.00,2139.00,2220.00,2541.00,2844.00,2919.00,3042.00,3105.00,3105.00,3105.00,3105.00
MA120,1518.00,1518.00,1518.00,1518.00,1704.00,2034.00,2082.00,2361.00,2496.00,2037.00,2358.00,2511.00,2730.00,2793.00,2274.00,2466.00,2712.00,1779.00,2190.00,2556.00,2784.00,2895.00,2922.00,2952.00,2952.00,2952.00,2952.00
MA121,1146.00,1146.00,1146.00,1146.00,1302.00,1512.00,1518.00,1635.00,1782.00,1515.00,1629.00,1797.00,2019.00,2028.00,1539.00,1749.00,2016.00,1380.00,1521.00,1845.00,2025.00,2031.00,2034.00,2076.00,2076.00,2076.00,2076.00
MA122,1038.00,1038.00,1038.00,1038.00,1215.00,1320.00,1389.00,1512.00,1590.00,1356.00,1509.00,1599.00,1731.00,1788.00,1458.00,1572.00,1719.00,1311.00,1434.00,1626.00,1779.00,1911.00,1929.00,1950.00,1950.00,1950.00,1950.00
MA123,1053.00,1053.00,1053.00,1053.00,1191.00,1332.00,1422.00,1584.00,1656.00,1353.00,1581.00,1665.00,1806.00,1926.00,1536.00,1641.00,1773.00,1272.00,1491.00,1689.00,1911.00,1989.00,2115.00,2157.00,2157.00,2157.00,2157.00
MA124,1215.00,1215.00,1215.00,1215.00,1395.00,1497.00,1599.00,1758.00,1842.00,1551.00,1755.00,1851.00,1989.00,2040.00,1704.00,1824.00,1974.00,1482.00,1665.00,1878.00,2031.00,2064.00,2118.00,2160.00,2160.00,2160.00,2160.00
MA125,1314.00,1314.00,1314.00,1314.00,1500.00,1680.00,1758.00,1872.00,1926.00,1719.00,1869.00,1932.00,2058.00,2238.00,1836.00,1914.00,2013.00,1668.00,1806.00,1950.00,2211.00,2328.00,2511.00,2562.00,2562.00,2562.00,2562.00
MA126,1032.00,1032.00,1032.00,1032.00,1233.00,1347.00,1377.00,1467.00,1557.00,1365.00,1464.00,1566.00,1716.00,1782.00,1407.00,1536.00,1701.00,1344.00,1398.00,1596.00,1773.00,1839.00,1884.00,1923.00,1923.00,1923.00,1923.00
MA151,1347.00,1347.00,1347.00,1347.00,1539.00,1683.00,1800.00,2007.00,2097.00,1731.00,2004.00,2106.00,2256.00,2319.00,1947.00,2076.00,2241.00,1635.00,1893.00,2136.00,2310.00,2349.00,2409.00,2457.00,2457.00,2457.00,2457.00
MA377,1359.00,1359.00,1359.00,1359.00,1524.00,1710.00,1809.00,2049.00,2139.00,1725.00,2046.00,2145.00,2295.00,2367.00,1992.00,2118.00,2277.00,1605.00,1926.00,2175.00,2355.00,2400.00,2475.00,2523.00,2523.00,2523.00,2523.00
MD127,1044.00,1044.00,1044.00,1044.00,1221.00,1338.00,1395.00,1512.00,1602.00,1368.00,1509.00,1608.00,1752.00,1803.00,1455.00,1581.00,1740.00,1329.00,1434.00,1638.00,1797.00,1839.00,1878.00,1917.00,1917.00,1917.00,1917.00
MD128,1383.00,1383.00,1383.00,1383.00,1566.00,1668.00,1737.00,1860.00,1935.00,1704.00,1857.00,1944.00,2094.00,2229.00,1809.00,1917.00,2058.00,1656.00,1782.00,1968.00,2211.00,2298.00,2439.00,2487.00,2487.00,2487.00,2487.00
MD129,1311.00,1311.00,1311.00,1311.00,1485.00,1596.00,1758.00,1959.00,2013.00,1680.00,1956.00,2016.00,2127.00,2247.00,1923.00,2001.00,2097.00,1569.00,1863.00,2034.00,2229.00,2307.00,2430.00,2478.00,2478.00,2478.00,2478.00
MD130,1092.00,1092.00,1092.00,1092.00,1203.00,1374.00,1467.00,1650.00,1719.00,1401.00,1647.00,1728.00,1842.00,1893.00,1605.00,1704.00,1830.00,1311.00,1554.00,1749.00,1884.00,1974.00,1995.00,2013.00,2013.00,2013.00,2013.00
MD133,1146.00,1146.00,1146.00,1146.00,1281.00,1596.00,1683.00,1791.00,1923.00,1599.00,1788.00,1935.00,2154.00,2274.00,1710.00,1893.00,2127.00,1347.00,1686.00,1977.00,2256.00,2331.00,2454.00,2502.00,2502.00,2502.00,2502.00
MD134,1242.00,1242.00,1242.00,1242.00,1461.00,1572.00,1608.00,1698.00,1782.00,1590.00,1695.00,1791.00,1941.00,2034.00,1644.00,1764.00,1917.00,1566.00,1632.00,1818.00,2022.00,2082.00,2178.00,2223.00,2223.00,2223.00,2223.00
MD135,1044.00,1044.00,1044.00,1044.00,1155.00,1263.00,1329.00,1485.00,1563.00,1281.00,1482.00,1569.00,1695.00,1740.00,1434.00,1545.00,1686.00,1212.00,1395.00,1596.00,1734.00,1761.00,1803.00,1839.00,1839.00,1839.00,1839.00
MD340,627.00,627.00,627.00,627.00,720.00,861.00,909.00,999.00,1056.00,864.00,996.00,1062.00,1164.00,1227.00,960.00,1044.00,1149.00,735.00,918.00,1080.00,1218.00,1260.00,1326.00,1353.00,1353.00,1353.00,1353.00
MD432,981.00,981.00,981.00,981.00,1116.00,1206.00,1317.00,1464.00,1515.00,1263.00,1461.00,1521.00,1605.00,1623.00,1428.00,1503.00,1599.00,1188.00,1386.00,1539.00,1620.00,1632.00,1650.00,1683.00,1683.00,1683.00,1683.00
MD458,1086.00,1086.00,1086.00,1086.00,1215.00,1290.00,1362.00,1494.00,1578.00,1329.00,1491.00,1587.00,1725.00,1779.00,1437.00,1560.00,1713.00,1278.00,1410.00,1614.00,1773.00,1806.00,1860.00,1899.00,1899.00,1899.00,1899.00
ME136,651.00,651.00,651.00,651.00,723.00,903.00,993.00,1092.00,1173.00,906.00,1035.00,1176.00,1233.00,1356.00,1014.00,1137.00,1203.00,747.00,996.00,1179.00,1338.00,1416.00,1542.00,1572.00,1572.00,1572.00,1572.00
ME137,564.00,564.00,564.00,564.00,636.00,717.00,756.00,858.00,894.00,723.00,855.00,900.00,966.00,1005.00,834.00,888.00,954.00,672.00,807.00,912.00,999.00,1023.00,1065.00,1086.00,1086.00,1086.00,1086.00
ME139,954.00,954.00,954.00,954.00,1068.00,1158.00,1278.00,1434.00,1476.00,1218.00,1431.00,1482.00,1572.00,1683.00,1407.00,1467.00,1545.00,1134.00,1359.00,1494.00,1668.00,1737.00,1851.00,1887.00,1887.00,1887.00,1887.00
ME141,852.00,852.00,852.00,852.00,981.00,1056.00,1119.00,1221.00,1272.00,1089.00,1218.00,1275.00,1359.00,1386.00,1185.00,1260.00,1353.00,1047.00,1161.00,1293.00,1380.00,1398.00,1422.00,1449.00,1449.00,1449.00,1449.00
ME390,771.00,771.00,771.00,771.00,852.00,933.00,1032.00,1158.00,1188.00,984.00,1155.00,1191.00,1245.00,1278.00,1137.00,1179.00,1236.00,918.00,1098.00,1200.00,1272.00,1293.00,1326.00,1353.00,1353.00,1353.00,1353.00
MI142,840.00,840.00,840.00,840.00,936.00,1209.00,1263.00,1326.00,1431.00,1212.00,1311.00,1440.00,1629.00,1704.00,1278.00,1404.00,1611.00,1002.00,1266.00,1476.00,1695.00,1785.00,1821.00,1857.00,1857.00,1857.00,1857.00
MI143,615.00,615.00,615.00,615.00,726.00,900.00,933.00,969.00,1029.00,903.00,948.00,1041.00,1209.00,1254.00,939.00,1005.00,1197.00,786.00,936.00,1074.00,1248.00,1278.00,1323.00,1350.00,1350.00,1350.00,1350.00
MI145,603.00,603.00,603.00,603.00,672.00,801.00,816.00,918.00,975.00,804.00,915.00,981.00,1074.00,1095.00,879.00,963.00,1068.00,726.00,855.00,999.00,1092.00,1104.00,1125.00,1149.00,1149.00,1149.00,1149.00
MI146,720.00,720.00,720.00,720.00,783.00,888.00,927.00,1059.00,1107.00,891.00,1056.00,1113.00,1197.00,1248.00,1026.00,1095.00,1185.00,813.00,990.00,1128.00,1239.00,1272.00,1323.00,1350.00,1350.00,1350.00,1350.00
MI148,654.00,654.00,654.00,654.00,693.00,804.00,828.00,918.00,978.00,807.00,915.00,984.00,1080.00,1113.00,879.00,963.00,1071.00,711.00,852.00,1002.00,1110.00,1131.00,1167.00,1188.00,1188.00,1188.00,1188.00
MI149,705.00,705.00,705.00,705.00,813.00,939.00,948.00,1116.00,1167.00,942.00,1113.00,1173.00,1254.00,1263.00,1083.00,1155.00,1251.00,825.00,1035.00,1191.00,1260.00,1371.00,1386.00,1398.00,1398.00,1398.00,1398.00
MI152,690.00,690.00,690.00,690.00,810.00,933.00,987.00,1116.00,1164.00,936.00,1113.00,1167.00,1263.00,1335.00,1080.00,1152.00,1242.00,825.00,1026.00,1185.00,1326.00,1497.00,1512.00,1527.00,1527.00,1527.00,1527.00
MI153,792.00,792.00,792.00,792.00,903.00,972.00,1062.00,1179.00,1212.00,1020.00,1176.00,1215.00,1275.00,1311.00,1155.00,1203.00,1266.00,960.00,1122.00,1227.00,1305.00,1365.00,1377.00,1395.00,1395.00,1395.00,1395.00
MI154,801.00,801.00,801.00,801.00,858.00,894.00,945.00,1035.00,1095.00,921.00,1032.00,1101.00,1194.00,1212.00,993.00,1080.00,1191.00,888.00,975.00,1119.00,1209.00,1221.00,1236.00,1263.00,1263.00,1263.00,1263.00
MI155,879.00,879.00,879.00,879.00,993.00,1098.00,1197.00,1353.00,1425.00,1116.00,1350.00,1428.00,1497.00,1629.00,1323.00,1383.00,1464.00,1023.00,1272.00,1431.00,1611.00,1701.00,1830.00,1869.00,1869.00,1869.00,1869.00
MI156,630.00,630.00,630.00,630.00,711.00,798.00,858.00,948.00,993.00,810.00,945.00,996.00,1083.00,1164.00,918.00,981.00,1062.00,759.00,891.00,1011.00,1152.00,1203.00,1287.00,1314.00,1314.00,1314.00,1314.00
MI157,525.00,525.00,525.00,525.00,588.00,768.00,789.00,834.00,906.00,771.00,831.00,915.00,1032.00,1056.00,795.00,891.00,1026.00,615.00,792.00,939.00,1053.00,1071.00,1098.00,1119.00,1119.00,1119.00,1119.00
MI434,636.00,636.00,636.00,636.00,702.00,819.00,849.00,939.00,996.00,822.00,936.00,1002.00,1101.00,1143.00,897.00,984.00,1092.00,735.00,870.00,1023.00,1137.00,1221.00,1233.00,1245.00,1245.00,1245.00,1245.00
MN158,792.00,792.00,792.00,792.00,903.00,1158.00,1167.00,1272.00,1377.00,1161.00,1269.00,1389.00,1548.00,1560.00,1206.00,1353.00,1545.00,933.00,1170.00,1422.00,1557.00,1563.00,1575.00,1608.00,1608.00,1608.00,1608.00
MN159,909.00,909.00,909.00,909.00,1050.00,1254.00,1302.00,1455.00,1539.00,1257.00,1452.00,1548.00,1689.00,1749.00,1401.00,1521.00,1674.00,1074.00,1335.00,1575.00,1743.00,1782.00,1845.00,1881.00,1881.00,1881.00,1881.00
MN376,657.00,657.00,657.00,657.00,750.00,993.00,1017.00,1065.00,1167.00,996.00,1062.00,1176.00,1332.00,1365.00,1023.00,1143.00,1326.00,777.00,1020.00,1209.00,1359.00,1380.00,1413.00,1440.00,1440.00,1440.00,1440.00
MN436,654.00,654.00,654.00,654.00,762.00,876.00,960.00,1050.00,1125.00,879.00,1047.00,1128.00,1194.00,1308.00,1017.00,1092.00,1167.00,774.00,966.00,1131.00,1290.00,1362.00,1476.00,1506.00,1506.00,1506.00,1506.00
MO160,753.00,753.00,753.00,753.00,852.00,960.00,1008.00,1137.00,1191.00,966.00,1134.00,1197.00,1290.00,1344.00,1098.00,1179.00,1278.00,906.00,1065.00,1215.00,1335.00,1422.00,1437.00,1449.00,1449.00,1449.00,1449.00
MO161,837.00,837.00,837.00,837.00,948.00,1170.00,1197.00,1296.00,1398.00,1173.00,1293.00,1410.00,1569.00,1608.00,1233.00,1377.00,1560.00,1002.00,1200.00,1440.00,1602.00,1626.00,1665.00,1698.00,1698.00,1698.00,1698.00
MO162,597.00,597.00,597.00,597.00,651.00,783.00,843.00,906.00,984.00,786.00,903.00,987.00,1065.00,1143.00,870.00,945.00,1044.00,666.00,846.00,990.00,1131.00,1182.00,1263.00,1287.00,1287.00,1287.00,1287.00
MO163,666.00,666.00,666.00,666.00,744.00,894.00,909.00,1032.00,1095.00,897.00,1029.00,1101.00,1197.00,1218.00,990.00,1080.00,1191.00,783.00,957.00,1119.00,1215.00,1227.00,1248.00,1275.00,1275.00,1275.00,1275.00
MO164,654.00,654.00,654.00,654.00,768.00,831.00,873.00,927.00,936.00,852.00,924.00,939.00,969.00,1041.00,918.00,933.00,954.00,822.00,900.00,942.00,1038.00,1182.00,1194.00,1206.00,1206.00,1206.00,1206.00
MO165,708.00,708.00,708.00,708.00,753.00,777.00,807.00,879.00,936.00,792.00,876.00,942.00,1038.00,1074.00,840.00,924.00,1029.00,774.00,828.00,960.00,1068.00,1092.00,1128.00,1152.00,1152.00,1152.00,1152.00
MO343,615.00,615.00,615.00,615.00,702.00,939.00,984.00,1035.00,1101.00,942.00,1005.00,1107.00,1266.00,1329.00,996.00,1074.00,1251.00,729.00,987.00,1137.00,1320.00,1359.00,1422.00,1449.00,1449.00,1449.00,1449.00
MO344,570.00,570.00,570.00,570.00,645.00,804.00,825.00,879.00,954.00,807.00,876.00,960.00,1080.00,1104.00,831.00,936.00,1071.00,681.00,828.00,984.00,1101.00,1119.00,1146.00,1167.00,1167.00,1167.00,1167.00
MS168,858.00,858.00,858.00,858.00,945.00,999.00,1080.00,1194.00,1236.00,1041.00,1191.00,1239.00,1314.00,1347.00,1164.00,1227.00,1305.00,987.00,1134.00,1254.00,1341.00,1542.00,1557.00,1572.00,1572.00,1572.00,1572.00
MS169,783.00,783.00,783.00,783.00,849.00,888.00,909.00,972.00,1038.00,900.00,969.00,1041.00,1131.00,1200.00,933.00,1014.00,1116.00,882.00,924.00,1050.00,1197.00,1356.00,1371.00,1383.00,1383.00,1383.00,1383.00
MS170,849.00,849.00,849.00,849.00,951.00,1011.00,1068.00,1152.00,1179.00,1041.00,1149.00,1182.00,1245.00,1308.00,1128.00,1173.00,1230.00,1002.00,1107.00,1194.00,1299.00,1467.00,1482.00,1497.00,1497.00,1497.00,1497.00
MS171,747.00,747.00,747.00,747.00,792.00,897.00,969.00,1047.00,1155.00,900.00,1011.00,1158.00,1221.00,1314.00,984.00,1080.00,1197.00,813.00,972.00,1161.00,1308.00,1461.00,1476.00,1491.00,1491.00,1491.00,1491.00
MS172,744.00,744.00,744.00,744.00,816.00,879.00,939.00,1047.00,1095.00,903.00,1044.00,1101.00,1182.00,1230.00,1014.00,1083.00,1173.00,852.00,987.00,1116.00,1221.00,1251.00,1299.00,1323.00,1323.00,1323.00,1323.00
MS410,951.00,951.00,951.00,951.00,1017.00,1056.00,1098.00,1194.00,1272.00,1077.00,1191.00,1278.00,1410.00,1464.00,1140.00,1254.00,1398.00,1047.00,1125.00,1305.00,1455.00,1491.00,1545.00,1575.00,1575.00,1575.00,1575.00
MS437,684.00,684.00,684.00,684.00,777.00,828.00,849.00,894.00,927.00,840.00,891.00,930.00,990.00,1029.00,870.00,918.00,981.00,825.00,864.00,942.00,1023.00,1050.00,1089.00,1110.00,1110.00,1110.00,1110.00
MS438,633.00,633.00,633.00,633.00,744.00,822.00,846.00,930.00,996.00,825.00,927.00,1002.00,1101.00,1134.00,888.00,981.00,1095.00,798.00,873.00,1020.00,1131.00,1329.00,1341.00,1356.00,1356.00,1356.00,1356.00
MT175,603.00,603.00,603.00,603.00,678.00,825.00,909.00,1002.00,1086.00,828.00,948.00,1089.00,1128.00,1242.00,927.00,1044.00,1104.00,708.00,912.00,1092.00,1224.00,1296.00,1413.00,1443.00,1443.00,1443.00,1443.00
MT347,675.00,675.00,675.00,675.00,783.00,948.00,990.00,1086.00,1155.00,951.00,1083.00,1161.00,1278.00,1335.00,1041.00,1140.00,1263.00,801.00,993.00,1182.00,1329.00,1365.00,1425.00,1455.00,1455.00,1455.00,1455.00
MT379,684.00,684.00,684.00,684.00,765.00,963.00,1008.00,1056.00,1143.00,966.00,1050.00,1152.00,1299.00,1359.00,1017.00,1122.00,1284.00,825.00,1011.00,1179.00,1350.00,1389.00,1449.00,1479.00,1479.00,1479.00,1479.00
MT441,750.00,750.00,750.00,750.00,831.00,978.00,1035.00,1101.00,1191.00,981.00,1098.00,1194.00,1320.00,1398.00,1050.00,1161.00,1302.00,873.00,1038.00,1212.00,1389.00,1470.00,1518.00,1548.00,1548.00,1548.00,1548.00
NC176,930.00,930.00,930.00,930.00,1026.00,1170.00,1239.00,1311.00,1383.00,1173.00,1269.00,1389.00,1584.00,1674.00,1254.00,1350.00,1560.00,1074.00,1242.00,1425.00,1662.00,1719.00,1812.00,1848.00,1848.00,1848.00,1848.00
NC177,792.00,792.00,792.00,792.00,894.00,999.00,1056.00,1155.00,1224.00,1002.00,1152.00,1230.00,1353.00,1425.00,1110.00,1209.00,1332.00,942.00,1080.00,1251.00,1416.00,1464.00,1539.00,1569.00,1569.00,1569.00,1569.00
NC178,912.00,912.00,912.00,912.00,984.00,1032.00,1116.00,1221.00,1251.00,1074.00,1218.00,1254.00,1311.00,1347.00,1200.00,1245.00,1302.00,1020.00,1170.00,1266.00,1341.00,1365.00,1401.00,1428.00,1428.00,1428.00,1428.00
NC179,810.00,810.00,810.00,810.00,930.00,1026.00,1086.00,1212.00,1272.00,1047.00,1209.00,1278.00,1374.00,1407.00,1173.00,1257.00,1368.00,990.00,1140.00,1296.00,1404.00,1425.00,1458.00,1488.00,1488.00,1488.00,1488.00
NC180,825.00,825.00,825.00,825.00,963.00,1044.00,1101.00,1185.00,1299.00,1074.00,1182.00,1302.00,1347.00,1500.00,1161.00,1209.00,1344.00,1035.00,1140.00,1305.00,1497.00,1695.00,1713.00,1731.00,1731.00,1731.00,1731.00
NC181,1122.00,1122.00,1122.00,1122.00,1191.00,1239.00,1329.00,1446.00,1482.00,1287.00,1443.00,1485.00,1554.00,1611.00,1422.00,1473.00,1539.00,1224.00,1389.00,1497.00,1605.00,1641.00,1701.00,1734.00,1734.00,1734.00,1734.00
NC182,828.00,828.00,828.00,828.00,900.00,942.00,993.00,1074.00,1119.00,969.00,1071.00,1125.00,1212.00,1278.00,1041.00,1107.00,1194.00,936.00,1023.00,1140.00,1269.00,1311.00,1377.00,1407.00,1407.00,1407.00,1407.00
NC183,723.00,723.00,723.00,723.00,819.00,885.00,954.00,1029.00,1125.00,900.00,1011.00,1128.00,1203.00,1296.00,972.00,1065.00,1179.00,867.00,957.00,1131.00,1281.00,1371.00,1437.00,1464.00,1464.00,1464.00,1464.00
NC184,663.00,663.00,663.00,663.00,750.00,804.00,861.00,948.00,990.00,834.00,945.00,993.00,1071.00,1128.00,918.00,981.00,1059.00,795.00,897.00,1008.00,1119.00,1161.00,1215.00,1239.00,1239.00,1239.00,1239.00
NC185,804.00,804.00,804.00,804.00,882.00,948.00,969.00,1062.00,1140.00,951.00,1059.00,1146.00,1269.00,1296.00,1011.00,1122.00,1263.00,918.00,996.00,1173.00,1293.00,1506.00,1521.00,1536.00,1536.00,1536.00,1536.00
NC186,879.00,879.00,879.00,879.00,1017.00,1092.00,1137.00,1206.00,1245.00,1116.00,1203.00,1248.00,1320.00,1383.00,1179.00,1236.00,1305.00,1086.00,1164.00,1260.00,1374.00,1437.00,1473.00,1503.00,1503.00,1503.00,1503.00
NC187,825.00,825.00,825.00,825.00,942.00,1128.00,1182.00,1242.00,1347.00,1131.00,1233.00,1350.00,1521.00,1593.00,1194.00,1317.00,1503.00,999.00,1185.00,1383.00,1584.00,1704.00,1722.00,1740.00,1740.00,1740.00,1740.00
NC372,735.00,735.00,735.00,735.00,828.00,882.00,933.00,1005.00,1134.00,909.00,1002.00,1137.00,1176.00,1308.00,984.00,1050.00,1173.00,876.00,966.00,1140.00,1305.00,1479.00,1494.00,1509.00,1509.00,1509.00,1509.00
ND188,717.00,717.00,717.00,717.00,789.00,933.00,1038.00,1155.00,1287.00,936.00,1086.00,1290.00,1323.00,1437.00,1062.00,1209.00,1320.00,825.00,1041.00,1293.00,1434.00,1581.00,1641.00,1674.00,1674.00,1674.00,1674.00
ND189,717.00,717.00,717.00,717.00,831.00,1059.00,1110.00,1167.00,1263.00,1062.00,1164.00,1272.00,1431.00,1497.00,1122.00,1242.00,1413.00,855.00,1113.00,1302.00,1488.00,1530.00,1599.00,1632.00,1632.00,1632.00,1632.00
ND190,657.00,657.00,657.00,657.00,747.00,909.00,954.00,999.00,1077.00,912.00,990.00,1086.00,1227.00,1284.00,963.00,1059.00,1212.00,816.00,957.00,1113.00,1278.00,1314.00,1374.00,1401.00,1401.00,1401.00,1401.00
ND191,699.00,699.00,699.00,699.00,777.00,1101.00,1137.00,1179.00,1251.00,1104.00,1155.00,1266.00,1479.00,1530.00,1146.00,1221.00,1467.00,831.00,1140.00,1308.00,1524.00,1554.00,1608.00,1641.00,1641.00,1641.00,1641.00
NE192,744.00,744.00,744.00,744.00,834.00,954.00,1002.00,1146.00,1194.00,957.00,1143.00,1197.00,1287.00,1353.00,1113.00,1182.00,1272.00,870.00,1071.00,1215.00,1344.00,1386.00,1455.00,1485.00,1485.00,1485.00,1485.00
NE193,753.00,753.00,753.00,753.00,831.00,1014.00,1044.00,1137.00,1221.00,1017.00,1134.00,1227.00,1362.00,1404.00,1086.00,1203.00,1350.00,870.00,1047.00,1254.00,1398.00,1428.00,1473.00,1500.00,1500.00,1500.00,1500.00
NH194,957.00,957.00,957.00,957.00,1086.00,1455.00,1491.00,1548.00,1698.00,1458.00,1542.00,1713.00,1953.00,2001.00,1500.00,1665.00,1941.00,1128.00,1494.00,1764.00,1995.00,2025.00,2076.00,2118.00,2118.00,2118.00,2118.00
NH195,1065.00,1065.00,1065.00,1065.00,1203.00,1341.00,1458.00,1608.00,1743.00,1362.00,1605.00,1746.00,1827.00,1986.00,1563.00,1662.00,1788.00,1275.00,1512.00,1749.00,1962.00,2121.00,2226.00,2271.00,2271.00,2271.00,2271.00
NJ196,1032.00,1032.00,1032.00,1032.00,1194.00,1383.00,1404.00,1530.00,1650.00,1386.00,1527.00,1662.00,1851.00,1878.00,1452.00,1623.00,1842.00,1275.00,1422.00,1701.00,1875.00,1896.00,1920.00,1959.00,1959.00,1959.00,1959.00
NJ198,960.00,960.00,960.00,960.00,1101.00,1254.00,1278.00,1377.00,1491.00,1257.00,1374.00,1503.00,1680.00,1713.00,1302.00,1467.00,1674.00,1170.00,1281.00,1539.00,1710.00,1731.00,1764.00,1797.00,1797.00,1797.00,1797.00
NJ200,1410.00,1410.00,1410.00,1410.00,1614.00,1701.00,1896.00,2175.00,2211.00,1779.00,2172.00,2214.00,2292.00,2382.00,2151.00,2202.00,2268.00,1623.00,2058.00,2226.00,2370.00,2484.00,2523.00,2574.00,2574.00,2574.00,2574.00
NJ201,1206.00,1206.00,1206.00,1206.00,1341.00,1584.00,1713.00,1854.00,2001.00,1587.00,1815.00,2004.00,2154.00,2328.00,1746.00,1920.00,2112.00,1470.00,1716.00,2007.00,2304.00,2415.00,2592.00,2643.00,2643.00,2643.00,2643.00
NJ202,1377.00,1377.00,1377.00,1377.00,1539.00,1917.00,1953.00,2103.00,2280.00,1920.00,2100.00,2295.00,2568.00,2616.00,1992.00,2238.00,2553.00,1677.00,1956.00,2352.00,2610.00,2643.00,2694.00,2748.00,2748.00,2748.00,2748.00
NJ203,1146.00,1146.00,1146.00,1146.00,1383.00,1611.00,1677.00,1902.00,1998.00,1614.00,1899.00,2007.00,2169.00,2259.00,1842.00,1977.00,2148.00,1407.00,1734.00,2037.00,2247.00,2304.00,2394.00,2442.00,2442.00,2442.00,2442.00
NJ204,1143.00,1143.00,1143.00,1143.00,1266.00,1560.00,1590.00,1764.00,1887.00,1563.00,1761.00,1899.00,2091.00,2130.00,1686.00,1860.00,2079.00,1359.00,1629.00,1938.00,2127.00,2151.00,2193.00,2238.00,2238.00,2238.00,2238.00
NM205,714.00,714.00,714.00,714.00,795.00,945.00,1017.00,1098.00,1179.00,948.00,1095.00,1182.00,1284.00,1380.00,1059.00,1146.00,1260.00,843.00,1020.00,1188.00,1368.00,1428.00,1527.00,1557.00,1557.00,1557.00,1557.00
NM206,834.00,834.00,834.00,834.00,936.00,1017.00,1119.00,1233.00,1239.00,1071.00,1230.00,1242.00,1278.00,1383.00,1224.00,1236.00,1254.00,1002.00,1185.00,1245.00,1368.00,1434.00,1542.00,1572.00,1572.00,1572.00,1572.00
NM207,681.00,681.00,681.00,681.00,780.00,993.00,1002.00,1098.00,1185.00,996.00,1095.00,1194.00,1326.00,1341.00,1041.00,1164.00,1323.00,804.00,1005.00,1221.00,1338.00,1347.00,1362.00,1389.00,1389.00,1389.00,1389.00
NM209,639.00,639.00,639.00,639.00,723.00,789.00,855.00,957.00,993.00,819.00,954.00,996.00,1068.00,1134.00,930.00,984.00,1053.00,771.00,903.00,1008.00,1125.00,1236.00,1248.00,1260.00,1260.00,1260.00,1260.00
NM210,954.00,954.00,954.00,954.00,1011.00,1089.00,1188.00,1347.00,1386.00,1125.00,1344.00,1389.00,1461.00,1500.00,1320.00,1377.00,1452.00,1038.00,1272.00,1404.00,1494.00,1521.00,1560.00,1593.00,1593.00,1593.00,1593.00
NV199,828.00,828.00,828.00,828.00,942.00,1230.00,1290.00,1356.00,1443.00,1233.00,1317.00,1446.00,1659.00,1740.00,1305.00,1389.00,1638.00,1017.00,1293.00,1476.00,1728.00,1782.00,1863.00,1902.00,1902.00,1902.00,1902.00
NV211,687.00,687.00,687.00,687.00,780.00,831.00,861.00,915.00,993.00,846.00,912.00,996.00,1020.00,1119.00,894.00,942.00,1017.00,825.00,882.00,999.00,1104.00,1185.00,1275.00,1302.00,1302.00,1302.00,1302.00
NV212,915.00,915.00,915.00,915.00,1020.00,1077.00,1107.00,1176.00,1239.00,1092.00,1173.00,1245.00,1356.00,1434.00,1137.00,1224.00,1338.00,1071.00,1125.00,1266.00,1422.00,1470.00,1551.00,1581.00,1581.00,1581.00,1581.00
NV213,753.00,753.00,753.00,753.00,867.00,966.00,1026.00,1122.00,1185.00,972.00,1119.00,1191.00,1308.00,1386.00,1080.00,1170.00,1287.00,924.00,1053.00,1212.00,1374.00,1425.00,1509.00,1539.00,1539.00,1539.00,1539.00
NY215,1029.00,1029.00,1029.00,1029.00,1173.00,1320.00,1386.00,1602.00,1662.00,1323.00,1599.00,1668.00,1773.00,1827.00,1563.00,1650.00,1761.00,1188.00,1497.00,1689.00,1818.00,1851.00,1905.00,1944.00,1944.00,1944.00,1944.00
NY216,801.00,801.00,801.00,801.00,906.00,1068.00,1164.00,1266.00,1362.00,1071.00,1251.00,1365.00,1455.00,1581.00,1209.00,1311.00,1425.00,924.00,1167.00,1368.00,1563.00,1644.00,1773.00,1809.00,1809.00,1809.00,1809.00
NY217,1446.00,1446.00,1446.00,1446.00,1641.00,1932.00,1983.00,2175.00,2331.00,1935.00,2169.00,2346.00,2592.00,2661.00,2073.00,2295.00,2574.00,1779.00,2025.00,2394.00,2652.00,2694.00,2766.00,2820.00,2820.00,2820.00,2820.00
NY218,1767.00,1767.00,1767.00,1767.00,2031.00,2250.00,2364.00,2505.00,2538.00,2310.00,2502.00,2541.00,2625.00,2745.00,2481.00,2532.00,2595.00,2232.00,2439.00,2553.00,2727.00,2805.00,2931.00,2988.00,2988.00,2988.00,2988.00
NY219,2118.00,2118.00,2118.00,2118.00,2367.00,2508.00,2631.00,2796.00,2859.00,2571.00,2793.00,2865.00,2994.00,3129.00,2754.00,2844.00,2958.00,2490.00,2709.00,2886.00,3108.00,3195.00,3336.00,3402.00,3402.00,3402.00,3402.00
NY221,861.00,861.00,861.00,861.00,999.00,1017.00,1161.00,1338.00,1344.00,1080.00,1335.00,1347.00,1380.00,1476.00,1332.00,1341.00,1356.00,1002.00,1269.00,1350.00,1464.00,1632.00,1647.00,1665.00,1665.00,1665.00,1665.00
NY222,759.00,759.00,759.00,759.00,840.00,933.00,1017.00,1119.00,1137.00,978.00,1116.00,1140.00,1182.00,1224.00,1104.00,1134.00,1170.00,921.00,1071.00,1146.00,1218.00,1335.00,1350.00,1362.00,1362.00,1362.00,1362.00
NY223,732.00,732.00,732.00,732.00,834.00,915.00,1017.00,1131.00,1242.00,933.00,1077.00,1245.00,1272.00,1392.00,1044.00,1182.00,1269.00,882.00,1020.00,1248.00,1374.00,1461.00,1602.00,1635.00,1635.00,1635.00,1635.00
NY225,975.00,975.00,975.00,975.00,1098.00,1170.00,1254.00,1362.00,1401.00,1215.00,1359.00,1404.00,1494.00,1617.00,1335.00,1392.00,1464.00,1158.00,1305.00,1416.00,1599.00,1677.00,1803.00,1839.00,1839.00,1839.00,1839.00
NY226,798.00,798.00,798.00,798.00,906.00,1137.00,1221.00,1317.00,1413.00,1140.00,1260.00,1416.00,1545.00,1659.00,1242.00,1359.00,1515.00,963.00,1224.00,1419.00,1644.00,1716.00,1833.00,1872.00,1872.00,1872.00,1872.00
NY349,1392.00,1392.00,1392.00,1392.00,1566.00,2004.00,2049.00,2154.00,2355.00,2007.00,2145.00,2373.00,2688.00,2748.00,2061.00,2310.00,2673.00,1692.00,2052.00,2439.00,2739.00,2946.00,2976.00,3006.00,3006.00,3006.00,3006.00
NY413,1368.00,1368.00,1368.00,1368.00,1596.00,1860.00,1923.00,2199.00,2307.00,1863.00,2196.00,2319.00,2502.00,2583.00,2130.00,2283.00,2481.00,1626.00,2025.00,2355.00,2571.00,2625.00,2709.00,2763.00,2763.00,2763.00,2763.00
NY444,717.00,717.00,717.00,717.00,807.00,912.00,942.00,1062.00,1122.00,915.00,1059.00,1128.00,1224.00,1266.00,1023.00,1107.00,1215.00,849.00,993.00,1146.00,1260.00,1284.00,1326.00,1353.00,1353.00,1353.00,1353.00
NY445,1062.00,1062.00,1062.00,1062.00,1197.00,1422.00,1455.00,1611.00,1722.00,1425.00,1608.00,1731.00,1905.00,1950.00,1539.00,1695.00,1893.00,1293.00,1497.00,1767.00,1944.00,1992.00,2019.00,2058.00,2058.00,2058.00,2058.00
OH227,681.00,681.00,681.00,681.00,783.00,840.00,888.00,972.00,1020.00,864.00,969.00,1026.00,1110.00,1161.00,939.00,1008.00,1098.00,831.00,921.00,1041.00,1155.00,1185.00,1236.00,1260.00,1260.00,1260.00,1260.00
OH228,882.00,882.00,882.00,882.00,1020.00,1107.00,1179.00,1269.00,1290.00,1143.00,1266.00,1293.00,1335.00,1371.00,1251.00,1284.00,1326.00,1095.00,1224.00,1299.00,1368.00,1389.00,1428.00,1455.00,1455.00,1455.00,1455.00
OH229,807.00,807.00,807.00,807.00,918.00,981.00,1032.00,1098.00,1122.00,1008.00,1095.00,1125.00,1158.00,1272.00,1086.00,1104.00,1149.00,972.00,1065.00,1128.00,1254.00,1344.00,1443.00,1470.00,1470.00,1470.00,1470.00
OH230,750.00,750.00,750.00,750.00,849.00,918.00,1005.00,1110.00,1131.00,963.00,1107.00,1134.00,1176.00,1260.00,1092.00,1125.00,1170.00,906.00,1059.00,1140.00,1257.00,1485.00,1500.00,1515.00,1515.00,1515.00,1515.00
OH231,690.00,690.00,690.00,690.00,786.00,882.00,969.00,1065.00,1173.00,885.00,1008.00,1176.00,1206.00,1323.00,990.00,1107.00,1203.00,834.00,972.00,1179.00,1305.00,1431.00,1500.00,1530.00,1530.00,1530.00,1530.00
OH232,702.00,702.00,702.00,702.00,786.00,852.00,942.00,1068.00,1092.00,891.00,1065.00,1095.00,1140.00,1164.00,1047.00,1086.00,1134.00,819.00,1008.00,1104.00,1161.00,1206.00,1218.00,1230.00,1230.00,1230.00,1230.00
OH233,585.00,585.00,585.00,585.00,651.00,690.00,750.00,831.00,858.00,723.00,828.00,861.00,903.00,927.00,813.00,852.00,900.00,681.00,792.00,867.00,924.00,936.00,960.00,978.00,978.00,978.00,978.00
OH382,528.00,528.00,528.00,528.00,612.00,702.00,726.00,786.00,843.00,705.00,783.00,849.00,942.00,975.00,747.00,831.00,936.00,651.00,732.00,867.00,969.00,990.00,1023.00,1041.00,1041.00,1041.00,1041.00
OH446,597.00,597.00,597.00,597.00,699.00,765.00,795.00,876.00,930.00,774.00,873.00,936.00,1026.00,1044.00,837.00,918.00,1020.00,747.00,822.00,954.00,1041.00,1053.00,1071.00,1092.00,1092.00,1092.00,1092.00
OK235,564.00,564.00,564.00,564.00,630.00,780.00,795.00,867.00,933.00,783.00,864.00,939.00,1044.00,1065.00,822.00,918.00,1041.00,684.00,798.00,963.00,1062.00,1074.00,1095.00,1116.00,1116.00,1116.00,1116.00
OK236,639.00,639.00,639.00,639.00,711.00,780.00,858.00,966.00,993.00,816.00,963.00,996.00,1056.00,1134.00,948.00,987.00,1038.00,756.00,915.00,1005.00,1131.00,1284.00,1296.00,1308.00,1308.00,1308.00,1308.00
OK237,678.00,678.00,678.00,678.00,777.00,852.00,915.00,1002.00,1056.00,879.00,999.00,1059.00,1158.00,1242.00,966.00,1041.00,1137.00,837.00,945.00,1077.00,1230.00,1284.00,1371.00,1398.00,1398.00,1398.00,1398.00
OK239,693.00,693.00,693.00,693.00,801.00,873.00,924.00,1014.00,1071.00,900.00,1011.00,1077.00,1173.00,1224.00,978.00,1059.00,1158.00,867.00,960.00,1095.00,1218.00,1263.00,1305.00,1329.00,1329.00,1329.00,1329.00
OK240,630.00,630.00,630.00,630.00,720.00,798.00,858.00,945.00,1005.00,813.00,942.00,1008.00,1086.00,1164.00,912.00,981.00,1065.00,768.00,888.00,1011.00,1152.00,1215.00,1284.00,1311.00,1311.00,1311.00,1311.00
OR241,750.00,750.00,750.00,750.00,846.00,972.00,1008.00,1125.00,1191.00,975.00,1122.00,1197.00,1308.00,1353.00,1083.00,1176.00,1296.00,915.00,1053.00,1218.00,1347.00,1431.00,1443.00,1458.00,1458.00,1458.00,1458.00
OR242,636.00,636.00,636.00,636.00,711.00,846.00,897.00,984.00,1038.00,849.00,981.00,1044.00,1143.00,1212.00,948.00,1026.00,1128.00,750.00,915.00,1062.00,1203.00,1245.00,1314.00,1341.00,1341.00,1341.00,1341.00
OR243,861.00,861.00,861.00,861.00,966.00,1059.00,1140.00,1281.00,1332.00,1089.00,1278.00,1335.00,1431.00,1503.00,1248.00,1320.00,1410.00,1020.00,1209.00,1353.00,1494.00,1560.00,1617.00,1650.00,1650.00,1650.00,1650.00
OR244,717.00,717.00,717.00,717.00,783.00,930.00,975.00,1083.00,1143.00,933.00,1080.00,1149.00,1254.00,1317.00,1044.00,1128.00,1239.00,807.00,1002.00,1167.00,1308.00,1347.00,1413.00,1440.00,1440.00,1440.00,1440.00
OR245,792.00,792.00,792.00,792.00,876.00,1023.00,1059.00,1209.00,1269.00,1026.00,1206.00,1275.00,1374.00,1422.00,1170.00,1254.00,1362.00,918.00,1125.00,1293.00,1416.00,1446.00,1494.00,1524.00,1524.00,1524.00,1524.00
OR246,789.00,789.00,789.00,789.00,897.00,975.00,1056.00,1155.00,1185.00,1017.00,1152.00,1188.00,1233.00,1344.00,1140.00,1170.00,1221.00,963.00,1110.00,1191.00,1341.00,1497.00,1512.00,1530.00,1530.00,1530.00,1530.00
OR373,579.00,579.00,579.00,579.00,645.00,813.00,846.00,891.00,966.00,816.00,888.00,972.00,1095.00,1137.00,852.00,948.00,1083.00,696.00,849.00,996.00,1131.00,1161.00,1206.00,1230.00,1230.00,1230.00,1230.00
PA247,882.00,882.00,882.00,882.00,1008.00,1080.00,1146.00,1233.00,1254.00,1113.00,1230.00,1257.00,1308.00,1371.00,1215.00,1248.00,1293.00,1068.00,1191.00,1266.00,1362.00,1512.00,1527.00,1542.00,1542.00,1542.00,1542.00
PA248,1113.00,1113.00,1113.00,1113.00,1254.00,1437.00,1491.00,1683.00,1773.00,1440.00,1680.00,1782.00,1932.00,1992.00,1623.00,1752.00,1917.00,1341.00,1575.00,1812.00,1983.00,2022.00,2082.00,2124.00,2124.00,2124.00,2124.00
PA249,1203.00,1203.00,1203.00,1203.00,1365.00,1485.00,1614.00,1791.00,1857.00,1551.00,1788.00,1866.00,1980.00,2025.00,1743.00,1842.00,1968.00,1467.00,1698.00,1887.00,2019.00,2046.00,2091.00,2133.00,2133.00,2133.00,2133.00
PA250,1056.00,1056.00,1056.00,1056.00,1185.00,1266.00,1419.00,1602.00,1635.00,1344.00,1599.00,1638.00,1698.00,1740.00,1578.00,1626.00,1686.00,1239.00,1521.00,1647.00,1734.00,1878.00,1896.00,1917.00,1917.00,1917.00,1917.00
PA251,762.00,762.00,762.00,762.00,876.00,972.00,1014.00,1095.00,1173.00,975.00,1092.00,1182.00,1311.00,1365.00,1044.00,1155.00,1296.00,930.00,1026.00,1206.00,1356.00,1392.00,1449.00,1479.00,1479.00,1479.00,1479.00
PA252,879.00,879.00,879.00,879.00,1005.00,1071.00,1128.00,1212.00,1317.00,1095.00,1206.00,1320.00,1428.00,1530.00,1161.00,1266.00,1401.00,1065.00,1146.00,1323.00,1515.00,1593.00,1689.00,1722.00,1722.00,1722.00,1722.00
PA253,705.00,705.00,705.00,705.00,792.00,852.00,897.00,963.00,1029.00,861.00,960.00,1038.00,1152.00,1212.00,921.00,1014.00,1137.00,837.00,906.00,1059.00,1203.00,1242.00,1302.00,1329.00,1329.00,1329.00,1329.00
PA254,717.00,717.00,717.00,717.00,795.00,846.00,927.00,1029.00,1059.00,888.00,1026.00,1062.00,1116.00,1131.00,1008.00,1053.00,1110.00,834.00,978.00,1074.00,1128.00,1140.00,1158.00,1179.00,1179.00,1179.00,1179.00
PA255,1020.00,1020.00,1020.00,1020.00,1158.00,1236.00,1299.00,1395.00,1434.00,1269.00,1392.00,1437.00,1530.00,1644.00,1365.00,1425.00,1500.00,1227.00,1341.00,1452.00,1626.00,1701.00,1818.00,1854.00,1854.00,1854.00,1854.00
PA383,606.00,606.00,606.00,606.00,672.00,786.00,819.00,909.00,960.00,789.00,906.00,966.00,1059.00,1104.00,870.00,948.00,1047.00,705.00,843.00,984.00,1098.00,1128.00,1173.00,1197.00,1197.00,1197.00,1197.00
RI256,1080.00,1080.00,1080.00,1080.00,1209.00,1470.00,1584.00,1710.00,1863.00,1473.00,1668.00,1866.00,1998.00,2151.00,1611.00,1767.00,1959.00,1278.00,1587.00,1869.00,2130.00,2253.00,2388.00,2436.00,2436.00,2436.00,2436.00
RI257,1026.00,1026.00,1026.00,1026.00,1176.00,1278.00,1374.00,1530.00,1596.00,1323.00,1527.00,1602.00,1722.00,1794.00,1485.00,1581.00,1704.00,1248.00,1446.00,1626.00,1782.00,1836.00,1902.00,1941.00,1941.00,1941.00,1941.00
SC258,921.00,921.00,921.00,921.00,1017.00,1071.00,1101.00,1182.00,1293.00,1086.00,1170.00,1296.00,1362.00,1479.00,1131.00,1227.00,1335.00,1065.00,1119.00,1299.00,1464.00,1542.00,1659.00,1692.00,1692.00,1692.00,1692.00
SC259,891.00,891.00,891.00,891.00,1008.00,1116.00,1155.00,1281.00,1362.00,1119.00,1278.00,1368.00,1503.00,1551.00,1230.00,1344.00,1488.00,1065.00,1200.00,1395.00,1545.00,1581.00,1629.00,1662.00,1662.00,1662.00,1662.00
SC260,879.00,879.00,879.00,879.00,966.00,1029.00,1137.00,1275.00,1311.00,1083.00,1272.00,1314.00,1392.00,1470.00,1251.00,1302.00,1371.00,1011.00,1209.00,1326.00,1458.00,1509.00,1587.00,1620.00,1620.00,1620.00,1620.00
SC261,750.00,750.00,750.00,750.00,828.00,879.00,975.00,1083.00,1095.00,930.00,1080.00,1098.00,1140.00,1215.00,1068.00,1092.00,1119.00,867.00,1035.00,1101.00,1206.00,1305.00,1332.00,1359.00,1359.00,1359.00,1359.00
SC262,828.00,828.00,828.00,828.00,933.00,996.00,1053.00,1140.00,1185.00,1026.00,1137.00,1188.00,1257.00,1356.00,1113.00,1164.00,1230.00,987.00,1092.00,1191.00,1341.00,1467.00,1509.00,1539.00,1539.00,1539.00,1539.00
SC263,822.00,822.00,822.00,822.00,900.00,942.00,954.00,1008.00,1065.00,948.00,1005.00,1071.00,1167.00,1263.00,972.00,1053.00,1155.00,939.00,966.00,1089.00,1260.00,1476.00,1491.00,1506.00,1506.00,1506.00,1506.00
SC375,720.00,720.00,720.00,720.00,819.00,870.00,885.00,945.00,1029.00,876.00,933.00,1032.00,1104.00,1191.00,900.00,981.00,1083.00,867.00,894.00,1035.00,1179.00,1233.00,1320.00,1347.00,1347.00,1347.00,1347.00
SD264,741.00,741.00,741.00,741.00,789.00,984.00,990.00,1068.00,1164.00,987.00,1065.00,1173.00,1314.00,1326.00,1008.00,1143.00,1311.00,813.00,993.00,1203.00,1323.00,1329.00,1338.00,1365.00,1365.00,1365.00,1365.00
SD265,663.00,663.00,663.00,663.00,750.00,813.00,888.00,993.00,1026.00,852.00,990.00,1029.00,1104.00,1185.00,966.00,1017.00,1086.00,801.00,939.00,1041.00,1173.00,1263.00,1308.00,1332.00,1332.00,1332.00,1332.00
TN266,759.00,759.00,759.00,759.00,864.00,927.00,981.00,1047.00,1059.00,954.00,1044.00,1062.00,1101.00,1215.00,1035.00,1056.00,1086.00,918.00,1014.00,1065.00,1212.00,1374.00,1389.00,1401.00,1401.00,1401.00,1401.00
TN267,846.00,846.00,846.00,846.00,930.00,981.00,1029.00,1101.00,1131.00,1005.00,1098.00,1134.00,1194.00,1263.00,1077.00,1125.00,1182.00,972.00,1059.00,1146.00,1260.00,1458.00,1470.00,1485.00,1485.00,1485.00,1485.00
TN268,936.00,936.00,936.00,936.00,1044.00,1116.00,1221.00,1353.00,1380.00,1170.00,1350.00,1383.00,1437.00,1473.00,1329.00,1374.00,1428.00,1098.00,1290.00,1392.00,1467.00,1488.00,1524.00,1557.00,1557.00,1557.00,1557.00
TN269,960.00,960.00,960.00,960.00,1134.00,1227.00,1272.00,1329.00,1338.00,1251.00,1326.00,1341.00,1368.00,1416.00,1320.00,1335.00,1356.00,1221.00,1302.00,1344.00,1410.00,1440.00,1488.00,1518.00,1518.00,1518.00,1518.00
TN353,615.00,615.00,615.00,615.00,708.00,861.00,900.00,945.00,1014.00,864.00,918.00,1017.00,1161.00,1215.00,909.00,969.00,1146.00,756.00,903.00,1032.00,1206.00,1239.00,1296.00,1320.00,1320.00,1320.00,1320.00
TN354,588.00,588.00,588.00,588.00,651.00,741.00,774.00,852.00,903.00,744.00,849.00,909.00,999.00,1044.00,816.00,891.00,990.00,681.00,792.00,927.00,1038.00,1161.00,1170.00,1182.00,1182.00,1182.00,1182.00
TN449,738.00,738.00,738.00,738.00,813.00,855.00,888.00,942.00,969.00,873.00,939.00,972.00,1020.00,1053.00,921.00,960.00,1014.00,849.00,909.00,981.00,1050.00,1176.00,1188.00,1200.00,1200.00,1200.00,1200.00
TX270,741.00,741.00,741.00,741.00,855.00,954.00,990.00,1092.00,1161.00,963.00,1089.00,1170.00,1281.00,1317.00,1047.00,1146.00,1272.00,924.00,1026.00,1191.00,1311.00,1446.00,1461.00,1476.00,1476.00,1476.00,1476.00
TX271,672.00,672.00,672.00,672.00,756.00,867.00,945.00,1029.00,1134.00,870.00,1005.00,1137.00,1182.00,1284.00,972.00,1068.00,1167.00,819.00,948.00,1140.00,1272.00,1407.00,1443.00,1473.00,1473.00,1473.00,1473.00
TX272,843.00,843.00,843.00,843.00,978.00,1062.00,1128.00,1233.00,1290.00,1098.00,1230.00,1296.00,1386.00,1395.00,1197.00,1278.00,1383.00,1053.00,1173.00,1314.00,1392.00,1419.00,1431.00,1446.00,1446.00,1446.00,1446.00
TX273,900.00,900.00,900.00,900.00,1011.00,1119.00,1206.00,1296.00,1416.00,1122.00,1278.00,1419.00,1521.00,1635.00,1230.00,1344.00,1494.00,1062.00,1209.00,1422.00,1620.00,1731.00,1809.00,1845.00,1845.00,1845.00,1845.00
TX274,735.00,735.00,735.00,735.00,819.00,1047.00,1086.00,1128.00,1227.00,1050.00,1119.00,1239.00,1410.00,1461.00,1095.00,1203.00,1398.00,861.00,1089.00,1272.00,1452.00,1485.00,1539.00,1569.00,1569.00,1569.00,1569.00
TX275,825.00,825.00,825.00,825.00,948.00,1122.00,1149.00,1245.00,1341.00,1125.00,1242.00,1353.00,1506.00,1542.00,1182.00,1320.00,1497.00,1020.00,1155.00,1383.00,1536.00,1608.00,1623.00,1638.00,1638.00,1638.00,1638.00
TX276,825.00,825.00,825.00,825.00,945.00,1122.00,1149.00,1242.00,1341.00,1125.00,1239.00,1350.00,1506.00,1542.00,1179.00,1317.00,1497.00,1017.00,1152.00,1383.00,1536.00,1560.00,1596.00,1629.00,1629.00,1629.00,1629.00
TX277,1041.00,1041.00,1041.00,1041.00,1173.00,1236.00,1398.00,1575.00,1584.00,1320.00,1572.00,1587.00,1608.00,1638.00,1563.00,1581.00,1602.00,1212.00,1503.00,1590.00,1635.00,1665.00,1686.00,1719.00,1719.00,1719.00,1719.00
TX278,675.00,675.00,675.00,675.00,786.00,1044.00,1071.00,1116.00,1224.00,1047.00,1113.00,1233.00,1401.00,1437.00,1077.00,1200.00,1392.00,813.00,1074.00,1269.00,1431.00,1518.00,1533.00,1548.00,1548.00,1548.00,1548.00
TX279,720.00,720.00,720.00,720.00,825.00,885.00,933.00,1020.00,1122.00,912.00,1002.00,1125.00,1146.00,1248.00,984.00,1071.00,1143.00,879.00,966.00,1128.00,1230.00,1314.00,1452.00,1482.00,1482.00,1482.00,1482.00
TX281,753.00,753.00,753.00,753.00,870.00,1041.00,1077.00,1206.00,1275.00,1044.00,1203.00,1284.00,1401.00,1446.00,1158.00,1260.00,1389.00,888.00,1107.00,1305.00,1440.00,1587.00,1602.00,1617.00,1617.00,1617.00,1617.00
TX282,990.00,990.00,990.00,990.00,1104.00,1317.00,1353.00,1530.00,1617.00,1320.00,1527.00,1626.00,1767.00,1815.00,1473.00,1596.00,1755.00,1164.00,1419.00,1653.00,1809.00,1836.00,1884.00,1923.00,1923.00,1923.00,1923.00
TX283,759.00,759.00,759.00,759.00,849.00,963.00,1005.00,1089.00,1164.00,966.00,1086.00,1170.00,1296.00,1353.00,1041.00,1146.00,1281.00,894.00,1014.00,1194.00,1347.00,1404.00,1443.00,1470.00,1470.00,1470.00,1470.00
TX284,690.00,690.00,690.00,690.00,774.00,954.00,1008.00,1065.00,1146.00,957.00,1062.00,1152.00,1290.00,1362.00,1020.00,1125.00,1272.00,825.00,1011.00,1179.00,1350.00,1395.00,1470.00,1497.00,1497.00,1497.00,1497.00
TX285,888.00,888.00,888.00,888.00,1032.00,1113.00,1185.00,1266.00,1275.00,1149.00,1263.00,1278.00,1299.00,1341.00,1257.00,1272.00,1290.00,1101.00,1230.00,1281.00,1335.00,1398.00,1413.00,1431.00,1431.00,1431.00,1431.00
TX286,753.00,753.00,753.00,753.00,831.00,882.00,948.00,1035.00,1062.00,915.00,1032.00,1065.00,1122.00,1221.00,1017.00,1053.00,1098.00,870.00,990.00,1068.00,1206.00,1269.00,1368.00,1395.00,1395.00,1395.00,1395.00
TX288,738.00,738.00,738.00,738.00,837.00,918.00,1020.00,1137.00,1260.00,936.00,1134.00,1263.00,1299.00,1410.00,1116.00,1185.00,1296.00,855.00,1071.00,1266.00,1407.00,1551.00,1605.00,1638.00,1638.00,1638.00,1638.00
TX356,852.00,852.00,852.00,852.00,987.00,1068.00,1140.00,1227.00,1242.00,1104.00,1224.00,1245.00,1299.00,1413.00,1212.00,1239.00,1269.00,1056.00,1185.00,1248.00,1398.00,1470.00,1590.00,1620.00,1620.00,1620.00,1620.00
TX387,750.00,750.00,750.00,750.00,858.00,963.00,1008.00,1092.00,1167.00,966.00,1089.00,1173.00,1299.00,1362.00,1044.00,1149.00,1284.00,912.00,1023.00,1197.00,1353.00,1518.00,1533.00,1548.00,1548.00,1548.00,1548.00
TX415,747.00,747.00,747.00,747.00,843.00,975.00,1002.00,1131.00,1197.00,978.00,1128.00,1203.00,1305.00,1344.00,1089.00,1182.00,1299.00,903.00,1056.00,1224.00,1341.00,1572.00,1587.00,1602.00,1602.00,1602.00,1602.00
UT291,780.00,780.00,780.00,780.00,855.00,897.00,951.00,1038.00,1080.00,927.00,1035.00,1086.00,1173.00,1254.00,1008.00,1071.00,1152.00,891.00,987.00,1101.00,1245.00,1296.00,1380.00,1410.00,1410.00,1410.00,1410.00
UT292,759.00,759.00,759.00,759.00,852.00,954.00,1017.00,1152.00,1200.00,966.00,1149.00,1203.00,1290.00,1356.00,1122.00,1188.00,1272.00,897.00,1083.00,1218.00,1347.00,1389.00,1458.00,1485.00,1485.00,1485.00,1485.00
UT357,753.00,753.00,753.00,753.00,780.00,888.00,921.00,1041.00,1095.00,891.00,1038.00,1101.00,1194.00,1242.00,1002.00,1083.00,1185.00,792.00,966.00,1119.00,1233.00,1332.00,1344.00,1359.00,1359.00,1359.00,1359.00
VA295,975.00,975.00,975.00,975.00,1053.00,1107.00,1236.00,1386.00,1413.00,1176.00,1383.00,1416.00,1473.00,1527.00,1365.00,1407.00,1458.00,1089.00,1320.00,1425.00,1521.00,1572.00,1611.00,1644.00,1644.00,1644.00,1644.00
VA296,1140.00,1140.00,1140.00,1140.00,1269.00,1344.00,1422.00,1518.00,1539.00,1383.00,1515.00,1542.00,1611.00,1737.00,1500.00,1533.00,1578.00,1332.00,1470.00,1551.00,1719.00,1800.00,1932.00,1971.00,1971.00,1971.00,1971.00
VA297,1008.00,1008.00,1008.00,1008.00,1137.00,1212.00,1296.00,1416.00,1470.00,1257.00,1413.00,1473.00,1578.00,1680.00,1380.00,1458.00,1554.00,1200.00,1350.00,1491.00,1665.00,1782.00,1830.00,1869.00,1869.00,1869.00,1869.00
VA298,1101.00,1101.00,1101.00,1101.00,1179.00,1236.00,1368.00,1527.00,1563.00,1305.00,1524.00,1566.00,1650.00,1755.00,1500.00,1554.00,1623.00,1215.00,1452.00,1578.00,1740.00,1809.00,1917.00,1956.00,1956.00,1956.00,1956.00
VA300,876.00,876.00,876.00,876.00,978.00,1035.00,1071.00,1128.00,1152.00,1053.00,1125.00,1155.00,1218.00,1299.00,1107.00,1146.00,1197.00,1029.00,1095.00,1164.00,1290.00,1341.00,1425.00,1455.00,1455.00,1455.00,1455.00
VA301,996.00,996.00,996.00,996.00,1089.00,1146.00,1218.00,1326.00,1374.00,1185.00,1323.00,1377.00,1464.00,1512.00,1290.00,1362.00,1452.00,1137.00,1266.00,1395.00,1506.00,1536.00,1584.00,1617.00,1617.00,1617.00,1617.00
VA302,1056.00,1056.00,1056.00,1056.00,1185.00,1398.00,1428.00,1602.00,1704.00,1401.00,1599.00,1713.00,1875.00,1911.00,1536.00,1680.00,1866.00,1248.00,1485.00,1746.00,1908.00,1932.00,1971.00,2010.00,2010.00,2010.00,2010.00
VA303,729.00,729.00,729.00,729.00,801.00,888.00,978.00,1086.00,1110.00,936.00,1083.00,1113.00,1167.00,1239.00,1068.00,1104.00,1149.00,876.00,1035.00,1122.00,1227.00,1272.00,1347.00,1374.00,1374.00,1374.00,1374.00
VA362,663.00,663.00,663.00,663.00,750.00,915.00,927.00,1044.00,1113.00,918.00,1041.00,1119.00,1224.00,1242.00,999.00,1095.00,1218.00,768.00,960.00,1140.00,1239.00,1251.00,1272.00,1296.00,1296.00,1296.00,1296.00
VA368,1017.00,1017.00,1017.00,1017.00,1083.00,1254.00,1290.00,1380.00,1494.00,1257.00,1377.00,1503.00,1683.00,1734.00,1308.00,1467.00,1671.00,1113.00,1293.00,1539.00,1725.00,1758.00,1809.00,1845.00,1845.00,1845.00,1845.00
VT305,1062.00,1062.00,1062.00,1062.00,1191.00,1320.00,1425.00,1623.00,1677.00,1350.00,1620.00,1680.00,1785.00,1878.00,1587.00,1665.00,1761.00,1242.00,1530.00,1698.00,1866.00,1926.00,2022.00,2061.00,2061.00,2061.00,2061.00
WA306,900.00,900.00,900.00,900.00,1020.00,1089.00,1161.00,1263.00,1302.00,1128.00,1260.00,1305.00,1383.00,1458.00,1233.00,1293.00,1365.00,1080.00,1209.00,1317.00,1449.00,1497.00,1575.00,1605.00,1605.00,1605.00,1605.00
WA307,939.00,939.00,939.00,939.00,1029.00,1116.00,1176.00,1308.00,1377.00,1131.00,1305.00,1386.00,1509.00,1587.00,1263.00,1362.00,1488.00,1071.00,1230.00,1407.00,1578.00,1626.00,1707.00,1743.00,1743.00,1743.00,1743.00
WA308,720.00,720.00,720.00,720.00,804.00,933.00,966.00,1107.00,1158.00,936.00,1104.00,1164.00,1251.00,1290.00,1071.00,1146.00,1242.00,846.00,1035.00,1182.00,1284.00,1326.00,1347.00,1374.00,1374.00,1374.00,1374.00
WA309,1002.00,1002.00,1002.00,1002.00,1143.00,1287.00,1368.00,1506.00,1587.00,1290.00,1503.00,1593.00,1743.00,1854.00,1452.00,1569.00,1716.00,1215.00,1413.00,1620.00,1839.00,1908.00,2022.00,2064.00,2064.00,2064.00,2064.00
WA310,729.00,729.00,729.00,729.00,822.00,903.00,978.00,1119.00,1149.00,921.00,1116.00,1152.00,1227.00,1332.00,1095.00,1143.00,1203.00,843.00,1053.00,1164.00,1317.00,1383.00,1488.00,1518.00,1518.00,1518.00,1518.00
WA311,945.00,945.00,945.00,945.00,1029.00,1197.00,1248.00,1416.00,1485.00,1200.00,1413.00,1494.00,1614.00,1683.00,1371.00,1470.00,1596.00,1065.00,1320.00,1515.00,1671.00,1716.00,1785.00,1821.00,1821.00,1821.00,1821.00
WA312,774.00,774.00,774.00,774.00,894.00,978.00,1038.00,1134.00,1218.00,1008.00,1125.00,1221.00,1296.00,1413.00,1089.00,1179.00,1266.00,972.00,1071.00,1224.00,1398.00,1473.00,1593.00,1626.00,1626.00,1626.00,1626.00
WA313,840.00,840.00,840.00,840.00,918.00,1029.00,1125.00,1245.00,1275.00,1080.00,1242.00,1278.00,1338.00,1392.00,1224.00,1269.00,1326.00,1014.00,1188.00,1287.00,1383.00,1419.00,1473.00,1503.00,1503.00,1503.00,1503.00
WA315,654.00,654.00,654.00,654.00,738.00,864.00,885.00,993.00,1053.00,867.00,990.00,1059.00,1158.00,1188.00,954.00,1041.00,1149.00,789.00,927.00,1080.00,1182.00,1203.00,1233.00,1257.00,1257.00,1257.00,1257.00
WI316,930.00,930.00,930.00,930.00,1080.00,1176.00,1242.00,1365.00,1443.00,1209.00,1362.00,1452.00,1581.00,1626.00,1314.00,1425.00,1569.00,1161.00,1290.00,1476.00,1620.00,1668.00,1695.00,1731.00,1731.00,1731.00,1731.00
WI317,906.00,906.00,906.00,906.00,1038.00,1134.00,1215.00,1320.00,1353.00,1176.00,1317.00,1356.00,1419.00,1488.00,1296.00,1344.00,1404.00,1122.00,1266.00,1365.00,1485.00,1704.00,1722.00,1740.00,1740.00,1740.00,1740.00
WI318,678.00,678.00,678.00,678.00,756.00,897.00,948.00,1044.00,1101.00,900.00,1041.00,1107.00,1212.00,1281.00,1005.00,1089.00,1197.00,804.00,972.00,1128.00,1272.00,1314.00,1386.00,1413.00,1413.00,1413.00,1413.00
WI319,600.00,600.00,600.00,600.00,666.00,807.00,837.00,912.00,975.00,810.00,909.00,981.00,1086.00,1128.00,867.00,960.00,1077.00,729.00,843.00,1002.00,1122.00,1239.00,1251.00,1266.00,1266.00,1266.00,1266.00
WI358,576.00,576.00,576.00,576.00,666.00,861.00,879.00,897.00,990.00,864.00,888.00,999.00,1155.00,1176.00,885.00,966.00,1149.00,717.00,882.00,1032.00,1173.00,1215.00,1227.00,1239.00,1239.00,1239.00,1239.00
WI359,591.00,591.00,591.00,591.00,684.00,870.00,891.00,915.00,1002.00,873.00,903.00,1014.00,1164.00,1194.00,897.00,981.00,1158.00,729.00,894.00,1044.00,1191.00,1239.00,1251.00,1263.00,1263.00,1263.00,1263.00
WI412,603.00,603.00,603.00,603.00,663.00,819.00,837.00,927.00,990.00,822.00,924.00,996.00,1098.00,1122.00,885.00,975.00,1092.00,693.00,852.00,1017.00,1119.00,1257.00,1269.00,1281.00,1281.00,1281.00,1281.00
WI453,693.00,693.00,693.00,693.00,768.00,891.00,915.00,1059.00,1107.00,894.00,1056.00,1113.00,1191.00,1206.00,1023.00,1095.00,1188.00,795.00,984.00,1128.00,1203.00,1245.00,1257.00,1269.00,1269.00,1269.00,1269.00
WV320,765.00,765.00,765.00,765.00,855.00,987.00,1074.00,1176.00,1284.00,990.00,1173.00,1287.00,1347.00,1461.00,1140.00,1218.00,1323.00,900.00,1098.00,1290.00,1443.00,1596.00,1635.00,1668.00,1668.00,1668.00,1668.00
WV322,747.00,747.00,747.00,747.00,855.00,924.00,939.00,1017.00,1101.00,927.00,1014.00,1107.00,1236.00,1254.00,963.00,1080.00,1233.00,909.00,954.00,1134.00,1251.00,1263.00,1278.00,1305.00,1305.00,1305.00,1305.00
WV323,612.00,612.00,612.00,612.00,720.00,912.00,939.00,966.00,1035.00,915.00,951.00,1038.00,1227.00,1260.00,945.00,996.00,1218.00,774.00,942.00,1077.00,1257.00,1302.00,1314.00,1341.00,1341.00,1341.00,1341.00
WV360,564.00,564.00,564.00,564.00,648.00,699.00,756.00,840.00,873.00,729.00,837.00,879.00,948.00,1005.00,813.00,867.00,933.00,690.00,792.00,891.00,996.00,1035.00,1092.00,1116.00,1116.00,1116.00,1116.00
WV454,858.00,858.00,858.00,858.00,984.00,1056.00,1146.00,1248.00,1344.00,1095.00,1239.00,1347.00,1434.00,1560.00,1203.00,1296.00,1401.00,1047.00,1176.00,1350.00,1542.00,1623.00,1752.00,1788.00,1788.00,1788.00,1788.00
WV455,696.00,696.00,696.00,696.00,792.00,948.00,975.00,1005.00,1074.00,951.00,987.00,1086.00,1272.00,1308.00,981.00,1047.00,1263.00,843.00,978.00,1125.00,1302.00,1326.00,1365.00,1392.00,1392.00,1392.00,1392.00
WV456,588.00,588.00,588.00,588.00,675.00,738.00,789.00,867.00,909.00,765.00,864.00,912.00,987.00,1041.00,840.00,900.00,972.00,732.00,822.00,924.00,1035.00,1068.00,1125.00,1149.00,1149.00,1149.00,1149.00
WY324,693.00,693.00,693.00,693.00,810.00,1074.00,1086.00,1152.00,1260.00,1077.00,1149.00,1269.00,1434.00,1452.00,1092.00,1236.00,1431.00,840.00,1089.00,1305.00,1449.00,1461.00,1479.00,1509.00,1509.00,1509.00,1509.00
ZZ510,570.00,570.00,570.00,570.00,651.00,726.00,759.00,846.00,891.00,729.00,843.00,897.00,978.00,1023.00,813.00,882.00,966.00,690.00,792.00,912.00,1017.00,1047.00,1095.00,1116.00,1116.00,1116.00,1116.00
ZZ520,582.00,582.00,582.00,582.00,663.00,741.00,774.00,864.00,909.00,744.00,861.00,915.00,999.00,1044.00,831.00,900.00,987.00,705.00,810.00,930.00,1038.00,1068.00,1116.00,1137.00,1137.00,1137.00,1137.00
ZZ530,594.00,594.00,594.00,594.00,678.00,753.00,789.00,879.00,927.00,759.00,876.00,930.00,1017.00,1062.00,846.00,915.00,1005.00,717.00,825.00,948.00,1056.00,1086.00,1137.00,1158.00,1158.00,1158.00,1158.00
ZZ540,603.00,603.00,603.00,603.00,690.00,768.00,804.00,897.00,945.00,771.00,894.00,948.00,1035.00,1083.00,861.00,933.00,1023.00,732.00,840.00,966.00,1077.00,1107.00,1158.00,1179.00,1179.00,1179.00,1179.00
ZZ550,615.00,615.00,615.00,615.00,702.00,780.00,819.00,912.00,960.00,786.00,909.00,966.00,1053.00,1104.00,879.00,951.00,1041.00,744.00,855.00,981.00,1095.00,1128.00,1179.00,1203.00,1203.00,1203.00,1203.00
ZZ560,627.00,627.00,627.00,627.00,714.00,795.00,834.00,930.00,978.00,801.00,927.00,984.00,1074.00,1122.00,894.00,966.00,1059.00,759.00,870.00,999.00,1116.00,1149.00,1200.00,1224.00,1224.00,1224.00,1224.00
ZZ570,636.00,636.00,636.00,636.00,726.00,810.00,846.00,945.00,996.00,816.00,942.00,1002.00,1092.00,1143.00,909.00,984.00,1077.00,771.00,888.00,1017.00,1134.00,1167.00,1221.00,1245.00,1245.00,1245.00,1245.00
ZZ580,648.00,648.00,648.00,648.00,741.00,822.00,861.00,960.00,1014.00,828.00,957.00,1017.00,1110.00,1161.00,927.00,1002.00,1098.00,786.00,903.00,1035.00,1155.00,1188.00,1242.00,1266.00,1266.00,1266.00,1266.00
ZZ590,660.00,660.00,660.00,660.00,753.00,837.00,876.00,978.00,1029.00,843.00,975.00,1035.00,1128.00,1182.00,942.00,1017.00,1116.00,798.00,918.00,1053.00,1173.00,1206.00,1260.00,1287.00,1287.00,1287.00,1287.00
ZZ600,672.00,672.00,672.00,672.00,765.00,852.00,891.00,993.00,1047.00,858.00,990.00,1053.00,1146.00,1200.00,957.00,1035.00,1134.00,813.00,933.00,1071.00,1194.00,1227.00,1281.00,1308.00,1308.00,1308.00,1308.00
ZZ610,681.00,681.00,681.00,681.00,777.00,864.00,906.00,1011.00,1065.00,870.00,1008.00,1071.00,1167.00,1221.00,975.00,1053.00,1152.00,825.00,948.00,1089.00,1212.00,1248.00,1302.00,1329.00,1329.00,1329.00,1329.00
ZZ620,693.00,693.00,693.00,693.00,792.00,879.00,921.00,1026.00,1083.00,885.00,1023.00,1089.00,1185.00,1239.00,990.00,1071.00,1170.00,840.00,963.00,1107.00,1233.00,1266.00,1323.00,1350.00,1350.00,1350.00,1350.00
ZZ630,705.00,705.00,705.00,705.00,804.00,891.00,933.00,1044.00,1098.00,900.00,1041.00,1104.00,1203.00,1260.00,1005.00,1086.00,1188.00,852.00,981.00,1122.00,1251.00,1287.00,1344.00,1371.00,1371.00,1371.00,1371.00
ZZ640,714.00,714.00,714.00,714.00,816.00,906.00,948.00,1059.00,1116.00,915.00,1056.00,1122.00,1221.00,1278.00,1023.00,1104.00,1206.00,864.00,996.00,1140.00,1272.00,1308.00,1365.00,1392.00,1392.00,1392.00,1392.00
ZZ650,726.00,726.00,726.00,726.00,828.00,921.00,963.00,1077.00,1134.00,927.00,1074.00,1140.00,1239.00,1299.00,1038.00,1122.00,1227.00,879.00,1011.00,1158.00,1290.00,1326.00,1386.00,1416.00,1416.00,1416.00,1416.00
ZZ660,738.00,738.00,738.00,738.00,840.00,933.00,978.00,1092.00,1152.00,942.00,1089.00,1158.00,1260.00,1317.00,1053.00,1137.00,1245.00,891.00,1026.00,1176.00,1311.00,1347.00,1407.00,1437.00,1437.00,1437.00,1437.00
ZZ670,750.00,750.00,750.00,750.00,855.00,948.00,993.00,1110.00,1167.00,957.00,1107.00,1173.00,1278.00,1338.00,1071.00,1155.00,1263.00,906.00,1041.00,1194.00,1329.00,1368.00,1428.00,1458.00,1458.00,1458.00,1458.00
ZZ680,759.00,759.00,759.00,759.00,867.00,960.00,1008.00,1125.00,1185.00,972.00,1122.00,1191.00,1296.00,1356.00,1086.00,1173.00,1281.00,918.00,1059.00,1212.00,1347.00,1386.00,1449.00,1479.00,1479.00,1479.00,1479.00
ZZ690,771.00,771.00,771.00,771.00,879.00,975.00,1023.00,1143.00,1203.00,984.00,1140.00,1209.00,1314.00,1377.00,1101.00,1188.00,1299.00,933.00,1074.00,1230.00,1368.00,1407.00,1470.00,1500.00,1500.00,1500.00,1500.00
ZZ700,783.00,783.00,783.00,783.00,891.00,990.00,1038.00,1158.00,1221.00,999.00,1155.00,1227.00,1335.00,1395.00,1119.00,1206.00,1317.00,945.00,1089.00,1245.00,1386.00,1428.00,1491.00,1521.00,1521.00,1521.00,1521.00
ZZ710,792.00,792.00,792.00,792.00,903.00,1002.00,1053.00,1176.00,1239.00,1014.00,1173.00,1245.00,1353.00,1416.00,1134.00,1224.00,1338.00,960.00,1104.00,1263.00,1407.00,1446.00,1512.00,1542.00,1542.00,1542.00,1542.00
ZZ720,804.00,804.00,804.00,804.00,918.00,1017.00,1068.00,1191.00,1254.00,1029.00,1188.00,1260.00,1371.00,1434.00,1149.00,1239.00,1356.00,972.00,1119.00,1281.00,1425.00,1467.00,1533.00,1563.00,1563.00,1563.00,1563.00
ZZ730,816.00,816.00,816.00,816.00,930.00,1032.00,1080.00,1209.00,1272.00,1041.00,1206.00,1278.00,1389.00,1455.00,1167.00,1257.00,1374.00,987.00,1134.00,1299.00,1446.00,1488.00,1554.00,1584.00,1584.00,1584.00,1584.00
ZZ740,828.00,828.00,828.00,828.00,942.00,1044.00,1095.00,1224.00,1290.00,1056.00,1221.00,1296.00,1407.00,1473.00,1182.00,1275.00,1392.00,999.00,1152.00,1317.00,1464.00,1506.00,1575.00,1608.00,1608.00,1608.00,1608.00
ZZ750,837.00,837.00,837.00,837.00,954.00,1059.00,1110.00,1242.00,1308.00,1071.00,1239.00,1314.00,1428.00,1494.00,1197.00,1293.00,1410.00,1014.00,1167.00,1335.00,1485.00,1527.00,1596.00,1629.00,1629.00,1629.00,1629.00
ZZ760,849.00,849.00,849.00,849.00,969.00,1071.00,1125.00,1257.00,1323.00,1083.00,1254.00,1329.00,1446.00,1512.00,1215.00,1308.00,1428.00,1026.00,1182.00,1353.00,1503.00,1548.00,1617.00,1647.00,1647.00,1647.00,1647.00
ZZ770,861.00,861.00,861.00,861.00,981.00,1086.00,1140.00,1275.00,1341.00,1098.00,1272.00,1347.00,1464.00,1533.00,1230.00,1326.00,1449.00,1041.00,1197.00,1371.00,1524.00,1566.00,1638.00,1671.00,1671.00,1671.00,1671.00
ZZ780,870.00,870.00,870.00,870.00,993.00,1101.00,1155.00,1290.00,1359.00,1113.00,1287.00,1365.00,1482.00,1551.00,1245.00,1344.00,1467.00,1053.00,1212.00,1386.00,1542.00,1587.00,1659.00,1692.00,1692.00,1692.00,1692.00
ZZ790,882.00,882.00,882.00,882.00,1005.00,1113.00,1170.00,1308.00,1377.00,1128.00,1305.00,1383.00,1503.00,1572.00,1263.00,1359.00,1485.00,1068.00,1230.00,1404.00,1563.00,1608.00,1680.00,1713.00,1713.00,1713.00,1713.00
ZZ800,894.00,894.00,894.00,894.00,1020.00,1128.00,1185.00,1323.00,1392.00,1140.00,1320.00,1401.00,1521.00,1593.00,1278.00,1377.00,1503.00,1080.00,1245.00,1422.00,1581.00,1626.00,1701.00,1734.00,1734.00,1734.00,1734.00
ZZ810,906.00,906.00,906.00,906.00,1032.00,1143.00,1200.00,1341.00,1410.00,1155.00,1338.00,1416.00,1539.00,1611.00,1293.00,1395.00,1521.00,1092.00,1260.00,1440.00,1602.00,1647.00,1722.00,1755.00,1755.00,1755.00,1755.00
ZZ820,915.00,915.00,915.00,915.00,1044.00,1155.00,1215.00,1356.00,1428.00,1170.00,1353.00,1434.00,1557.00,1632.00,1311.00,1410.00,1539.00,1107.00,1275.00,1458.00,1620.00,1668.00,1743.00,1776.00,1776.00,1776.00,1776.00
ZZ830,927.00,927.00,927.00,927.00,1056.00,1170.00,1230.00,1374.00,1446.00,1185.00,1371.00,1452.00,1578.00,1650.00,1326.00,1428.00,1560.00,1119.00,1290.00,1476.00,1641.00,1689.00,1764.00,1797.00,1797.00,1797.00,1797.00
ZZ840,939.00,939.00,939.00,939.00,1068.00,1182.00,1245.00,1389.00,1461.00,1197.00,1386.00,1470.00,1596.00,1671.00,1341.00,1446.00,1578.00,1134.00,1308.00,1491.00,1659.00,1707.00,1785.00,1821.00,1821.00,1821.00,1821.00
ZZ850,948.00,948.00,948.00,948.00,1083.00,1197.00,1260.00,1407.00,1479.00,1212.00,1404.00,1488.00,1614.00,1689.00,1359.00,1464.00,1596.00,1146.00,1323.00,1509.00,1680.00,1728.00,1803.00,1839.00,1839.00,1839.00,1839.00
ZZ860,960.00,960.00,960.00,960.00,1095.00,1212.00,1272.00,1422.00,1497.00,1227.00,1419.00,1503.00,1632.00,1710.00,1374.00,1479.00,1614.00,1161.00,1338.00,1527.00,1698.00,1746.00,1824.00,1863.00,1863.00,1863.00,1863.00
ZZ870,972.00,972.00,972.00,972.00,1107.00,1224.00,1287.00,1440.00,1512.00,1242.00,1437.00,1521.00,1650.00,1728.00,1389.00,1497.00,1632.00,1173.00,1353.00,1545.00,1719.00,1767.00,1845.00,1884.00,1884.00,1884.00,1884.00
ZZ880,984.00,984.00,984.00,984.00,1119.00,1239.00,1302.00,1455.00,1530.00,1254.00,1452.00,1539.00,1671.00,1749.00,1407.00,1515.00,1650.00,1188.00,1368.00,1563.00,1737.00,1788.00,1866.00,1905.00,1905.00,1905.00,1905.00
ZZ890,993.00,993.00,993.00,993.00,1134.00,1251.00,1317.00,1473.00,1548.00,1269.00,1470.00,1554.00,1689.00,1767.00,1422.00,1530.00,1668.00,1200.00,1383.00,1581.00,1758.00,1806.00,1887.00,1926.00,1926.00,1926.00,1926.00
