AK400,1728.00,1728.00,1728.00,1728.00,2004.00,2013.00,2103.00,2211.00,2352.00,2016.00,2148.00,2280.00,2379.00,2496.00,2124.00,2259.00,2397.00,2007.00,2010.00,2274.00,2544.00,2733.00,2760.00,2790.00,2790.00,2790.00,2790.00
AK401,1620.00,1620.00,1620.00,1620.00,1905.00,1914.00,1977.00,2055.00,2187.00,1917.00,2010.00,2106.00,2217.00,2346.00,1992.00,2091.00,2235.00,1908.00,1911.00,2103.00,2394.00,2604.00,2631.00,2655.00,2655.00,2655.00,2655.00
AK402,1638.00,1638.00,1638.00,1638.00,2064.00,2073.00,2127.00,2196.00,2325.00,2076.00,2157.00,2241.00,2358.00,2493.00,2142.00,2229.00,2379.00,2067.00,2070.00,2235.00,2547.00,2769.00,2799.00,2826.00,2826.00,2826.00,2826.00
AK403,1755.00,1755.00,1755.00,1755.00,1992.00,2001.00,2076.00,2169.00,2301.00,2004.00,2115.00,2226.00,2328.00,2445.00,2094.00,2211.00,2346.00,1995.00,1998.00,2223.00,2490.00,2682.00,2709.00,2736.00,2736.00,2736.00,2736.00
AK404,1503.00,1503.00,1503.00,1503.00,1911.00,1920.00,2055.00,2211.00,2406.00,1923.00,2121.00,2313.00,2442.00,2592.00,2088.00,2286.00,2463.00,1914.00,1917.00,2304.00,2652.00,2895.00,2925.00,2952.00,2952.00,2952.00,2952.00
AK405,1521.00,1521.00,1521.00,1521.00,1980.00,1989.00,2052.00,2130.00,2205.00,1992.00,2082.00,2178.00,2217.00,2259.00,2067.00,2166.00,2223.00,1983.00,1986.00,2175.00,2274.00,2346.00,2367.00,2391.00,2391.00,2391.00,2391.00
AL001,780.00,780.00,780.00,780.00,849.00,1092.00,1122.00,1155.00,1224.00,1095.00,1134.00,1176.00,1245.00,1326.00,1128.00,1167.00,1257.00,876.00,1086.00,1173.00,1359.00,1494.00,1509.00,1524.00,1524.00,1524.00,1524.00
AL002,909.00,909.00,909.00,909.00,1023.00,1230.00,1338.00,1455.00,1575.00,1233.00,1386.00,1530.00,1593.00,1665.00,1362.00,1509.00,1605.00,1044.00,1224.00,1524.00,1692.00,1809.00,1827.00,1845.00,1845.00,1845.00,1845.00
AL003,999.00,999.00,999.00,999.00,1071.00,1167.00,1287.00,1416.00,1566.00,1170.00,1341.00,1500.00,1590.00,1698.00,1314.00,1476.00,1608.00,1083.00,1164.00,1491.00,1740.00,1917.00,1935.00,1953.00,1953.00,1953.00,1953.00
AL004,981.00,981.00,981.00,981.00,1080.00,1125.00,1185.00,1254.00,1371.00,1128.00,1215.00,1299.00,1395.00,1512.00,1200.00,1287.00,1413.00,1083.00,1122.00,1296.00,1554.00,1740.00,1758.00,1776.00,1776.00,1776.00,1776.00
AL005,1008.00,1008.00,1008.00,1008.00,1074.00,1191.00,1305.00,1431.00,1560.00,1194.00,1356.00,1509.00,1578.00,1659.00,1329.00,1488.00,1590.00,1086.00,1188.00,1503.00,1689.00,1818.00,1836.00,1854.00,1854.00,1854.00,1854.00
AL006,927.00,927.00,927.00,927.00,984.00,1236.00,1314.00,1398.00,1506.00,1239.00,1347.00,1452.00,1530.00,1620.00,1332.00,1437.00,1542.00,1011.00,1233.00,1446.00,1656.00,1803.00,1821.00,1839.00,1839.00,1839.00,1839.00
AL007,975.00,975.00,975.00,975.00,1056.00,1254.00,1305.00,1362.00,1503.00,1257.00,1329.00,1398.00,1542.00,1710.00,1317.00,1389.00,1569.00,1080.00,1251.00,1395.00,1776.00,2052.00,2073.00,2091.00,2091.00,2091.00,2091.00
AL008,942.00,942.00,942.00,942.00,1029.00,1242.00,1296.00,1356.00,1479.00,1245.00,1320.00,1395.00,1512.00,1653.00,1308.00,1383.00,1533.00,1053.00,1239.00,1392.00,1707.00,1932.00,1953.00,1971.00,1971.00,1971.00,1971.00
AR010,933.00,933.00,933.00,933.00,1008.00,1260.00,1284.00,1305.00,1413.00,1263.00,1293.00,1323.00,1446.00,1593.00,1287.00,1317.00,1467.00,1035.00,1257.00,1320.00,1650.00,1887.00,1908.00,1926.00,1926.00,1926.00,1926.00
AR011,819.00,819.00,819.00,819.00,870.00,1020.00,1038.00,1053.00,1074.00,1023.00,1044.00,1068.00,1077.00,1092.00,1041.00,1062.00,1080.00,885.00,1017.00,1065.00,1098.00,1122.00,1134.00,1146.00,1146.00,1146.00,1146.00
AR012,810.00,810.00,810.00,810.00,921.00,1119.00,1146.00,1176.00,1224.00,1122.00,1158.00,1197.00,1233.00,1278.00,1152.00,1191.00,1242.00,942.00,1113.00,1194.00,1296.00,1368.00,1383.00,1395.00,1395.00,1395.00,1395.00
AR411,780.00,780.00,780.00,780.00,837.00,1029.00,1128.00,1233.00,1380.00,1032.00,1170.00,1302.00,1407.00,1533.00,1149.00,1284.00,1428.00,858.00,1023.00,1299.00,1581.00,1782.00,1800.00,1818.00,1818.00,1818.00,1818.00
AR419,840.00,840.00,840.00,840.00,888.00,1041.00,1104.00,1173.00,1263.00,1044.00,1134.00,1218.00,1278.00,1350.00,1119.00,1206.00,1290.00,906.00,1038.00,1215.00,1377.00,1491.00,1506.00,1521.00,1521.00,1521.00,1521.00
AZ013,1164.00,1164.00,1164.00,1164.00,1272.00,1359.00,1410.00,1464.00,1527.00,1362.00,1431.00,1500.00,1539.00,1584.00,1422.00,1491.00,1545.00,1281.00,1356.00,1497.00,1599.00,1674.00,1689.00,1707.00,1707.00,1707.00,1707.00
AZ014,912.00,912.00,912.00,912.00,951.00,1107.00,1224.00,1347.00,1476.00,1110.00,1275.00,1428.00,1494.00,1572.00,1248.00,1407.00,1506.00,969.00,1104.00,1422.00,1599.00,1725.00,1743.00,1761.00,1761.00,1761.00,1761.00
AZ015,960.00,960.00,960.00,960.00,1071.00,1212.00,1266.00,1329.00,1431.00,1215.00,1293.00,1368.00,1455.00,1560.00,1281.00,1356.00,1470.00,1086.00,1209.00,1365.00,1599.00,1767.00,1785.00,1803.00,1803.00,1803.00,1803.00
AZ016,1017.00,1017.00,1017.00,1017.00,1149.00,1269.00,1311.00,1359.00,1428.00,1272.00,1329.00,1389.00,1443.00,1509.00,1320.00,1380.00,1455.00,1161.00,1266.00,1386.00,1536.00,1644.00,1659.00,1677.00,1677.00,1677.00,1677.00
CA018,1917.00,1917.00,1917.00,1917.00,2133.00,2469.00,2589.00,2718.00,2895.00,2472.00,2643.00,2802.00,2931.00,3081.00,2616.00,2781.00,2952.00,2169.00,2460.00,2796.00,3138.00,3381.00,3414.00,3450.00,3450.00,3450.00,3450.00
CA019,2319.00,2319.00,2319.00,2319.00,2430.00,2718.00,2847.00,2985.00,3219.00,2724.00,2904.00,3072.00,3273.00,3513.00,2874.00,3048.00,3309.00,2460.00,2712.00,3066.00,3603.00,3990.00,4029.00,4068.00,4068.00,4068.00,4068.00
CA021,972.00,972.00,972.00,972.00,1077.00,1350.00,1380.00,1416.00,1500.00,1353.00,1395.00,1437.00,1524.00,1629.00,1389.00,1431.00,1542.00,1107.00,1344.00,1434.00,1671.00,1839.00,1857.00,1878.00,1878.00,1878.00,1878.00
CA022,1089.00,1089.00,1089.00,1089.00,1200.00,1392.00,1440.00,1488.00,1587.00,1395.00,1461.00,1521.00,1614.00,1722.00,1449.00,1512.00,1629.00,1221.00,1389.00,1518.00,1764.00,1941.00,1962.00,1980.00,1980.00,1980.00,1980.00
CA023,984.00,984.00,984.00,984.00,1065.00,1323.00,1428.00,1545.00,1656.00,1326.00,1476.00,1617.00,1671.00,1737.00,1452.00,1596.00,1683.00,1095.00,1317.00,1611.00,1761.00,1863.00,1881.00,1899.00,1899.00,1899.00,1899.00
CA024,1800.00,1800.00,1800.00,1800.00,1866.00,1965.00,2124.00,2301.00,2487.00,1968.00,2199.00,2415.00,2514.00,2631.00,2160.00,2382.00,2532.00,1875.00,1962.00,2406.00,2676.00,2868.00,2895.00,2925.00,2925.00,2925.00,2925.00
CA025,1800.00,1800.00,1800.00,1800.00,1911.00,2073.00,2217.00,2376.00,2562.00,2076.00,2283.00,2475.00,2595.00,2739.00,2250.00,2448.00,2619.00,1929.00,2070.00,2466.00,2796.00,3027.00,3057.00,3087.00,3087.00,3087.00,3087.00
CA026,1314.00,1314.00,1314.00,1314.00,1452.00,1632.00,1722.00,1821.00,1941.00,1635.00,1764.00,1884.00,1962.00,2052.00,1743.00,1866.00,1974.00,1470.00,1629.00,1878.00,2085.00,2232.00,2253.00,2277.00,2277.00,2277.00,2277.00
CA027,1752.00,1752.00,1752.00,1752.00,1860.00,2010.00,2091.00,2181.00,2358.00,2013.00,2127.00,2235.00,2403.00,2604.00,2109.00,2220.00,2436.00,1878.00,2007.00,2232.00,2679.00,3000.00,3030.00,3060.00,3060.00,3060.00,3060.00
CA028,1020.00,1020.00,1020.00,1020.00,1095.00,1272.00,1329.00,1392.00,1479.00,1275.00,1356.00,1431.00,1497.00,1575.00,1341.00,1419.00,1509.00,1116.00,1269.00,1428.00,1605.00,1734.00,1752.00,1770.00,1770.00,1770.00,1770.00
CA031,1164.00,1164.00,1164.00,1164.00,1245.00,1446.00,1542.00,1650.00,1746.00,1449.00,1587.00,1719.00,1758.00,1806.00,1566.00,1698.00,1764.00,1266.00,1440.00,1713.00,1824.00,1899.00,1917.00,1938.00,1938.00,1938.00,1938.00
CA032,945.00,945.00,945.00,945.00,1032.00,1158.00,1275.00,1401.00,1512.00,1161.00,1326.00,1482.00,1524.00,1575.00,1302.00,1458.00,1530.00,1044.00,1155.00,1476.00,1593.00,1674.00,1692.00,1707.00,1707.00,1707.00,1707.00
CA033,1275.00,1275.00,1275.00,1275.00,1500.00,1632.00,1725.00,1827.00,1974.00,1635.00,1767.00,1890.00,2004.00,2139.00,1746.00,1872.00,2025.00,1515.00,1629.00,1887.00,2193.00,2409.00,2433.00,2457.00,2457.00,2457.00,2457.00
CA034,1572.00,1572.00,1572.00,1572.00,1749.00,1830.00,1962.00,2103.00,2256.00,1833.00,2019.00,2193.00,2280.00,2385.00,1989.00,2169.00,2295.00,1758.00,1827.00,2187.00,2424.00,2592.00,2616.00,2643.00,2643.00,2643.00,2643.00
CA035,1143.00,1143.00,1143.00,1143.00,1236.00,1341.00,1377.00,1419.00,1533.00,1344.00,1395.00,1446.00,1566.00,1707.00,1386.00,1440.00,1587.00,1248.00,1338.00,1443.00,1761.00,1989.00,2010.00,2031.00,2031.00,2031.00,2031.00
CA036,1578.00,1578.00,1578.00,1578.00,1605.00,1743.00,1842.00,1953.00,2094.00,1746.00,1887.00,2022.00,2121.00,2241.00,1866.00,2001.00,2139.00,1620.00,1740.00,2016.00,2286.00,2478.00,2502.00,2526.00,2526.00,2526.00,2526.00
CA037,1932.00,1932.00,1932.00,1932.00,2175.00,2292.00,2490.00,2706.00,2898.00,2298.00,2577.00,2841.00,2916.00,3006.00,2535.00,2805.00,2931.00,2190.00,2289.00,2832.00,3039.00,3183.00,3216.00,3246.00,3246.00,3246.00,3246.00
CA038,1941.00,1941.00,1941.00,1941.00,2019.00,2196.00,2307.00,2427.00,2592.00,2199.00,2355.00,2505.00,2625.00,2769.00,2331.00,2481.00,2646.00,2037.00,2190.00,2499.00,2823.00,3054.00,3084.00,3114.00,3114.00,3114.00,3114.00
CA039,1794.00,1794.00,1794.00,1794.00,1932.00,2205.00,2376.00,2562.00,2763.00,2208.00,2451.00,2679.00,2796.00,2931.00,2412.00,2646.00,2814.00,1962.00,2199.00,2670.00,2982.00,3201.00,3234.00,3264.00,3264.00,3264.00,3264.00
CA040,957.00,957.00,957.00,957.00,1011.00,1149.00,1272.00,1404.00,1539.00,1152.00,1326.00,1491.00,1557.00,1635.00,1299.00,1467.00,1569.00,1026.00,1146.00,1482.00,1665.00,1791.00,1809.00,1827.00,1827.00,1827.00,1827.00
CA041,1476.00,1476.00,1476.00,1476.00,1578.00,1776.00,1818.00,1863.00,1998.00,1779.00,1836.00,1890.00,2040.00,2217.00,1827.00,1881.00,2067.00,1599.00,1773.00,1887.00,2286.00,2574.00,2598.00,2625.00,2625.00,2625.00,2625.00
CA042,1017.00,1017.00,1017.00,1017.00,1056.00,1374.00,1455.00,1542.00,1653.00,1377.00,1491.00,1599.00,1671.00,1761.00,1473.00,1581.00,1686.00,1089.00,1368.00,1593.00,1794.00,1935.00,1956.00,1974.00,1974.00,1974.00,1974.00
CA044,1965.00,1965.00,1965.00,1965.00,2076.00,2319.00,2379.00,2442.00,2625.00,2322.00,2406.00,2484.00,2679.00,2913.00,2391.00,2472.00,2715.00,2103.00,2316.00,2481.00,3000.00,3375.00,3411.00,3444.00,3444.00,3444.00,3444.00
CA392,1350.00,1350.00,1350.00,1350.00,1488.00,1980.00,2040.00,2103.00,2214.00,1983.00,2067.00,2145.00,2241.00,2355.00,2052.00,2133.00,2259.00,1542.00,1971.00,2142.00,2397.00,2580.00,2607.00,2631.00,2631.00,2631.00,2631.00
CA393,1338.00,1338.00,1338.00,1338.00,1368.00,1467.00,1524.00,1590.00,1719.00,1470.00,1551.00,1632.00,1752.00,1893.00,1539.00,1620.00,1773.00,1380.00,1464.00,1629.00,1947.00,2175.00,2199.00,2220.00,2220.00,2220.00,2220.00
CA420,1044.00,1044.00,1044.00,1044.00,1104.00,1245.00,1323.00,1404.00,1494.00,1248.00,1356.00,1458.00,1509.00,1569.00,1338.00,1443.00,1518.00,1122.00,1242.00,1455.00,1593.00,1689.00,1707.00,1722.00,1722.00,1722.00,1722.00
CA421,1161.00,1161.00,1161.00,1161.00,1287.00,1542.00,1656.00,1779.00,1893.00,1545.00,1707.00,1857.00,1905.00,1962.00,1683.00,1836.00,1914.00,1314.00,1539.00,1851.00,1983.00,2076.00,2097.00,2118.00,2118.00,2118.00,2118.00
CA457,1128.00,1128.00,1128.00,1128.00,1233.00,1554.00,1647.00,1746.00,1863.00,1557.00,1689.00,1812.00,1881.00,1962.00,1668.00,1794.00,1893.00,1269.00,1548.00,1806.00,1995.00,2127.00,2148.00,2172.00,2172.00,2172.00,2172.00
CO045,1302.00,1302.00,1302.00,1302.00,1464.00,1533.00,1635.00,1749.00,1911.00,1536.00,1683.00,1821.00,1944.00,2088.00,1659.00,1803.00,1968.00,1473.00,1530.00,1815.00,2145.00,2379.00,2403.00,2427.00,2427.00,2427.00,2427.00
CO046,1098.00,1098.00,1098.00,1098.00,1161.00,1347.00,1413.00,1485.00,1608.00,1350.00,1443.00,1530.00,1635.00,1764.00,1428.00,1515.00,1656.00,1182.00,1344.00,1524.00,1812.00,2016.00,2037.00,2058.00,2058.00,2058.00,2058.00
CO047,1047.00,1047.00,1047.00,1047.00,1152.00,1257.00,1338.00,1428.00,1539.00,1260.00,1377.00,1485.00,1557.00,1644.00,1359.00,1470.00,1572.00,1164.00,1254.00,1482.00,1677.00,1815.00,1833.00,1851.00,1851.00,1851.00,1851.00
CO422,1302.00,1302.00,1302.00,1302.00,1404.00,1722.00,1878.00,2046.00,2226.00,1725.00,1947.00,2154.00,2250.00,2367.00,1911.00,2124.00,2268.00,1437.00,1716.00,2145.00,2412.00,2598.00,2622.00,2649.00,2649.00,2649.00,2649.00
CT049,1326.00,1326.00,1326.00,1326.00,1437.00,1626.00,1734.00,1848.00,2010.00,1629.00,1782.00,1923.00,2043.00,2184.00,1758.00,1902.00,2064.00,1458.00,1623.00,1917.00,2238.00,2466.00,2493.00,2517.00,2517.00,2517.00,2517.00
CT050,1509.00,1509.00,1509.00,1509.00,1584.00,2115.00,2235.00,2361.00,2538.00,2118.00,2286.00,2442.00,2574.00,2730.00,2259.00,2421.00,2598.00,1644.00,2106.00,2436.00,2790.00,3042.00,3072.00,3102.00,3102.00,3102.00,3102.00
CT051,1812.00,1812.00,1812.00,1812.00,1923.00,2253.00,2388.00,2535.00,2751.00,2259.00,2448.00,2628.00,2796.00,2994.00,2418.00,2604.00,2826.00,1959.00,2247.00,2622.00,3072.00,3393.00,3426.00,3459.00,3459.00,3459.00,3459.00
DC053,1779.00,1779.00,1779.00,1779.00,1881.00,2217.00,2337.00,2463.00,2601.00,2220.00,2388.00,2547.00,2619.00,2706.00,2361.00,2523.00,2634.00,1917.00,2211.00,2538.00,2739.00,2880.00,2910.00,2940.00,2940.00,2940.00,2940.00
DE054,1167.00,1167.00,1167.00,1167.00,1257.00,1572.00,1599.00,1626.00,1707.00,1575.00,1611.00,1647.00,1731.00,1833.00,1605.00,1641.00,1746.00,1293.00,1566.00,1644.00,1872.00,2034.00,2055.00,2076.00,2076.00,2076.00,2076.00
DE055,1212.00,1212.00,1212.00,1212.00,1284.00,1578.00,1620.00,1665.00,1746.00,1581.00,1638.00,1695.00,1767.00,1851.00,1629.00,1686.00,1779.00,1317.00,1572.00,1692.00,1881.00,2019.00,2037.00,2058.00,2058.00,2058.00,2058.00
FL056,1158.00,1158.00,1158.00,1158.00,1218.00,1332.00,1362.00,1392.00,1488.00,1335.00,1374.00,1413.00,1515.00,1635.00,1368.00,1407.00,1533.00,1230.00,1329.00,1410.00,1683.00,1878.00,1899.00,1917.00,1917.00,1917.00,1917.00
FL057,1107.00,1107.00,1107.00,1107.00,1173.00,1305.00,1380.00,1464.00,1584.00,1308.00,1416.00,1515.00,1611.00,1719.00,1398.00,1500.00,1626.00,1188.00,1302.00,1512.00,1764.00,1941.00,1962.00,1980.00,1980.00,1980.00,1980.00
FL058,1179.00,1179.00,1179.00,1179.00,1248.00,1380.00,1482.00,1590.00,1686.00,1383.00,1527.00,1659.00,1695.00,1737.00,1503.00,1641.00,1701.00,1263.00,1377.00,1653.00,1752.00,1821.00,1839.00,1857.00,1857.00,1857.00,1857.00
FL059,1065.00,1065.00,1065.00,1065.00,1200.00,1467.00,1509.00,1551.00,1650.00,1470.00,1527.00,1581.00,1674.00,1788.00,1518.00,1572.00,1692.00,1230.00,1464.00,1578.00,1833.00,2016.00,2037.00,2055.00,2055.00,2055.00,2055.00
FL061,1698.00,1698.00,1698.00,1698.00,1803.00,1989.00,2139.00,2301.00,2496.00,1992.00,2205.00,2406.00,2532.00,2682.00,2172.00,2376.00,2556.00,1824.00,1983.00,2397.00,2739.00,2979.00,3009.00,3039.00,3039.00,3039.00,3039.00
FL062,1305.00,1305.00,1305.00,1305.00,1410.00,1503.00,1548.00,1596.00,1707.00,1506.00,1566.00,1626.00,1737.00,1869.00,1557.00,1617.00,1758.00,1422.00,1500.00,1623.00,1920.00,2133.00,2154.00,2178.00,2178.00,2178.00,2178.00
FL063,1083.00,1083.00,1083.00,1083.00,1122.00,1272.00,1329.00,1392.00,1503.00,1275.00,1356.00,1431.00,1530.00,1647.00,1341.00,1422.00,1548.00,1140.00,1269.00,1428.00,1692.00,1881.00,1899.00,1920.00,1920.00,1920.00,1920.00
FL064,1026.00,1026.00,1026.00,1026.00,1050.00,1245.00,1266.00,1293.00,1383.00,1248.00,1278.00,1308.00,1410.00,1533.00,1272.00,1302.00,1428.00,1071.00,1242.00,1305.00,1581.00,1779.00,1797.00,1815.00,1815.00,1815.00,1815.00
FL065,1086.00,1086.00,1086.00,1086.00,1131.00,1329.00,1410.00,1497.00,1644.00,1332.00,1446.00,1554.00,1677.00,1818.00,1428.00,1539.00,1698.00,1152.00,1323.00,1551.00,1875.00,2106.00,2127.00,2148.00,2148.00,2148.00,2148.00
FL066,1401.00,1401.00,1401.00,1401.00,1542.00,1923.00,1974.00,2031.00,2130.00,1926.00,1998.00,2067.00,2154.00,2259.00,1986.00,2055.00,2172.00,1584.00,1914.00,2064.00,2301.00,2469.00,2493.00,2517.00,2517.00,2517.00,2517.00
FL067,1512.00,1512.00,1512.00,1512.00,1650.00,1899.00,2034.00,2178.00,2343.00,1902.00,2091.00,2271.00,2370.00,2484.00,2064.00,2244.00,2388.00,1677.00,1893.00,2265.00,2529.00,2715.00,2742.00,2769.00,2769.00,2769.00,2769.00
FL068,1017.00,1017.00,1017.00,1017.00,1074.00,1284.00,1308.00,1338.00,1413.00,1287.00,1320.00,1356.00,1434.00,1530.00,1314.00,1350.00,1449.00,1095.00,1278.00,1353.00,1566.00,1719.00,1737.00,1752.00,1752.00,1752.00,1752.00
FL069,1929.00,1929.00,1929.00,1929.00,2094.00,2454.00,2487.00,2520.00,2643.00,2457.00,2499.00,2541.00,2682.00,2847.00,2493.00,2535.00,2706.00,2133.00,2448.00,2538.00,2910.00,3180.00,3210.00,3243.00,3243.00,3243.00,3243.00
FL070,1113.00,1113.00,1113.00,1113.00,1218.00,1374.00,1464.00,1563.00,1707.00,1377.00,1506.00,1626.00,1737.00,1866.00,1485.00,1608.00,1755.00,1233.00,1371.00,1620.00,1914.00,2124.00,2145.00,2166.00,2166.00,2166.00,2166.00
FL397,915.00,915.00,915.00,915.00,963.00,1152.00,1257.00,1371.00,1500.00,1155.00,1305.00,1443.00,1524.00,1617.00,1281.00,1422.00,1539.00,984.00,1149.00,1437.00,1653.00,1806.00,1824.00,1842.00,1842.00,1842.00,1842.00
FL423,1062.00,1062.00,1062.00,1062.00,1143.00,1383.00,1437.00,1494.00,1551.00,1386.00,1458.00,1530.00,1560.00,1593.00,1449.00,1521.00,1563.00,1170.00,1377.00,1527.00,1605.00,1662.00,1677.00,1695.00,1695.00,1695.00,1695.00
FL424,1251.00,1251.00,1251.00,1251.00,1365.00,1653.00,1737.00,1830.00,1923.00,1656.00,1776.00,1887.00,1938.00,1998.00,1758.00,1872.00,1947.00,1398.00,1647.00,1881.00,2022.00,2118.00,2139.00,2160.00,2160.00,2160.00,2160.00
GA071,1038.00,1038.00,1038.00,1038.00,1101.00,1272.00,1350.00,1437.00,1563.00,1275.00,1386.00,1491.00,1590.00,1707.00,1368.00,1476.00,1608.00,1119.00,1269.00,1488.00,1752.00,1941.00,1959.00,1980.00,1980.00,1980.00,1980.00
GA072,879.00,879.00,879.00,879.00,924.00,1044.00,1095.00,1155.00,1278.00,1047.00,1119.00,1191.00,1311.00,1455.00,1107.00,1182.00,1332.00,939.00,1041.00,1188.00,1509.00,1740.00,1755.00,1773.00,1773.00,1773.00,1773.00
GA073,1008.00,1008.00,1008.00,1008.00,1068.00,1341.00,1392.00,1446.00,1518.00,1344.00,1413.00,1479.00,1533.00,1596.00,1401.00,1470.00,1542.00,1098.00,1335.00,1476.00,1620.00,1722.00,1737.00,1755.00,1755.00,1755.00,1755.00
GA074,957.00,957.00,957.00,957.00,1044.00,1233.00,1332.00,1437.00,1554.00,1236.00,1374.00,1503.00,1572.00,1653.00,1353.00,1485.00,1584.00,1065.00,1230.00,1500.00,1683.00,1812.00,1830.00,1848.00,1848.00,1848.00,1848.00
GA075,1086.00,1086.00,1086.00,1086.00,1182.00,1461.00,1476.00,1491.00,1560.00,1464.00,1482.00,1503.00,1581.00,1680.00,1479.00,1497.00,1596.00,1212.00,1455.00,1500.00,1716.00,1872.00,1890.00,1908.00,1908.00,1908.00,1908.00
GA076,972.00,972.00,972.00,972.00,1029.00,1209.00,1308.00,1413.00,1536.00,1212.00,1350.00,1479.00,1557.00,1647.00,1329.00,1461.00,1569.00,1050.00,1206.00,1476.00,1683.00,1827.00,1845.00,1866.00,1866.00,1866.00,1866.00
GA077,1185.00,1185.00,1185.00,1185.00,1260.00,1458.00,1494.00,1533.00,1620.00,1461.00,1509.00,1560.00,1644.00,1743.00,1503.00,1551.00,1659.00,1281.00,1455.00,1557.00,1782.00,1944.00,1965.00,1983.00,1983.00,1983.00,1983.00
GA078,927.00,927.00,927.00,927.00,996.00,1092.00,1152.00,1221.00,1332.00,1095.00,1182.00,1263.00,1359.00,1470.00,1167.00,1251.00,1377.00,1005.00,1089.00,1260.00,1512.00,1692.00,1710.00,1728.00,1728.00,1728.00,1728.00
GA079,972.00,972.00,972.00,972.00,1074.00,1143.00,1203.00,1266.00,1350.00,1146.00,1230.00,1308.00,1365.00,1431.00,1215.00,1296.00,1374.00,1083.00,1140.00,1305.00,1455.00,1563.00,1578.00,1593.00,1593.00,1593.00,1593.00
GA080,1011.00,1011.00,1011.00,1011.00,1044.00,1323.00,1407.00,1497.00,1608.00,1326.00,1443.00,1554.00,1629.00,1716.00,1425.00,1539.00,1641.00,1074.00,1317.00,1551.00,1749.00,1887.00,1908.00,1926.00,1926.00,1926.00,1926.00
GA081,894.00,894.00,894.00,894.00,939.00,1176.00,1221.00,1269.00,1350.00,1179.00,1242.00,1302.00,1371.00,1449.00,1230.00,1293.00,1383.00,966.00,1170.00,1299.00,1482.00,1611.00,1626.00,1641.00,1641.00,1641.00,1641.00
HI407,1572.00,1572.00,1572.00,1572.00,1647.00,1839.00,1956.00,2082.00,2250.00,1842.00,2007.00,2160.00,2283.00,2427.00,1980.00,2139.00,2304.00,1668.00,1836.00,2154.00,2484.00,2715.00,2742.00,2769.00,2769.00,2769.00,2769.00
HI408,2016.00,2016.00,2016.00,2016.00,2040.00,2385.00,2580.00,2793.00,3015.00,2391.00,2667.00,2928.00,3048.00,3192.00,2625.00,2889.00,3072.00,2079.00,2379.00,2916.00,3246.00,3477.00,3513.00,3549.00,3549.00,3549.00,3549.00
HI409,1278.00,1278.00,1278.00,1278.00,1332.00,1728.00,1794.00,1863.00,1959.00,1731.00,1821.00,1908.00,1977.00,2061.00,1806.00,1896.00,1989.00,1374.00,1719.00,1905.00,2091.00,2226.00,2247.00,2271.00,2271.00,2271.00,2271.00
HI414,1650.00,1650.00,1650.00,1650.00,1770.00,1980.00,2028.00,2082.00,2235.00,1983.00,2052.00,2115.00,2280.00,2475.00,2040.00,2106.00,2310.00,1794.00,1977.00,2112.00,2550.00,2862.00,2892.00,2919.00,2919.00,2919.00,2919.00
IA082,1023.00,1023.00,1023.00,1023.00,1113.00,1389.00,1437.00,1491.00,1578.00,1392.00,1461.00,1524.00,1599.00,1689.00,1449.00,1515.00,1614.00,1143.00,1383.00,1521.00,1725.00,1869.00,1887.00,1905.00,1905.00,1905.00,1905.00
IA083,903.00,903.00,903.00,903.00,1017.00,1197.00,1212.00,1227.00,1296.00,1200.00,1218.00,1242.00,1320.00,1416.00,1215.00,1236.00,1335.00,1038.00,1194.00,1239.00,1452.00,1605.00,1623.00,1638.00,1638.00,1638.00,1638.00
IA330,819.00,819.00,819.00,819.00,903.00,1197.00,1209.00,1221.00,1251.00,1200.00,1215.00,1233.00,1257.00,1293.00,1212.00,1227.00,1263.00,936.00,1191.00,1230.00,1308.00,1365.00,1380.00,1392.00,1392.00,1392.00,1392.00
IA331,1032.00,1032.00,1032.00,1032.00,1092.00,1392.00,1419.00,1449.00,1512.00,1395.00,1431.00,1467.00,1530.00,1605.00,1425.00,1461.00,1542.00,1125.00,1386.00,1464.00,1635.00,1758.00,1776.00,1791.00,1791.00,1791.00,1791.00
IA332,816.00,816.00,816.00,816.00,846.00,1005.00,1080.00,1158.00,1266.00,1008.00,1113.00,1209.00,1287.00,1377.00,1095.00,1194.00,1299.00,864.00,1002.00,1206.00,1410.00,1557.00,1575.00,1590.00,1590.00,1590.00,1590.00
IA389,819.00,819.00,819.00,819.00,846.00,1107.00,1134.00,1164.00,1197.00,1110.00,1146.00,1185.00,1203.00,1227.00,1140.00,1179.00,1206.00,873.00,1101.00,1182.00,1236.00,1272.00,1284.00,1296.00,1296.00,1296.00,1296.00
IA425,978.00,978.00,978.00,978.00,1080.00,1392.00,1452.00,1521.00,1680.00,1395.00,1479.00,1563.00,1725.00,1917.00,1467.00,1551.00,1755.00,1116.00,1386.00,1560.00,1992.00,2304.00,2325.00,2349.00,2349.00,2349.00,2349.00
ID084,804.00,804.00,804.00,804.00,861.00,1059.00,1098.00,1143.00,1221.00,1062.00,1116.00,1170.00,1242.00,1323.00,1107.00,1161.00,1254.00,885.00,1053.00,1167.00,1356.00,1491.00,1506.00,1521.00,1521.00,1521.00,1521.00
ID085,861.00,861.00,861.00,861.00,945.00,1077.00,1098.00,1125.00,1194.00,1080.00,1110.00,1140.00,1215.00,1308.00,1104.00,1134.00,1230.00,960.00,1074.00,1137.00,1341.00,1488.00,1503.00,1518.00,1518.00,1518.00,1518.00
ID086,876.00,876.00,876.00,876.00,936.00,1098.00,1200.00,1311.00,1404.00,1101.00,1245.00,1383.00,1413.00,1446.00,1224.00,1362.00,1416.00,954.00,1095.00,1377.00,1458.00,1512.00,1527.00,1542.00,1542.00,1542.00,1542.00
ID333,852.00,852.00,852.00,852.00,984.00,1362.00,1401.00,1446.00,1518.00,1365.00,1419.00,1476.00,1533.00,1605.00,1410.00,1467.00,1545.00,1026.00,1353.00,1473.00,1632.00,1746.00,1764.00,1782.00,1782.00,1782.00,1782.00
IL088,1077.00,1077.00,1077.00,1077.00,1212.00,1296.00,1347.00,1404.00,1488.00,1299.00,1371.00,1443.00,1503.00,1575.00,1359.00,1431.00,1515.00,1221.00,1293.00,1440.00,1605.00,1722.00,1740.00,1755.00,1755.00,1755.00,1755.00
IL089,867.00,867.00,867.00,867.00,951.00,1284.00,1398.00,1524.00,1659.00,1287.00,1449.00,1602.00,1677.00,1767.00,1425.00,1581.00,1692.00,987.00,1275.00,1596.00,1800.00,1944.00,1965.00,1983.00,1983.00,1983.00,1983.00
IL090,951.00,951.00,951.00,951.00,1068.00,1206.00,1224.00,1245.00,1338.00,1209.00,1233.00,1260.00,1368.00,1494.00,1230.00,1254.00,1386.00,1083.00,1203.00,1257.00,1542.00,1749.00,1767.00,1785.00,1785.00,1785.00,1785.00
IL092,1191.00,1191.00,1191.00,1191.00,1347.00,1635.00,1647.00,1662.00,1743.00,1638.00,1653.00,1674.00,1770.00,1884.00,1650.00,1668.00,1785.00,1380.00,1629.00,1671.00,1929.00,2118.00,2139.00,2160.00,2160.00,2160.00,2160.00
IL093,1032.00,1032.00,1032.00,1032.00,1110.00,1350.00,1422.00,1497.00,1629.00,1353.00,1452.00,1545.00,1659.00,1794.00,1437.00,1533.00,1680.00,1137.00,1347.00,1542.00,1845.00,2064.00,2085.00,2106.00,2106.00,2106.00,2106.00
IL325,1509.00,1509.00,1509.00,1509.00,1566.00,1824.00,1875.00,1932.00,2073.00,1827.00,1899.00,1968.00,2109.00,2277.00,1887.00,1959.00,2136.00,1593.00,1818.00,1965.00,2340.00,2610.00,2637.00,2661.00,2661.00,2661.00,2661.00
IL335,897.00,897.00,897.00,897.00,933.00,1140.00,1188.00,1239.00,1356.00,1143.00,1209.00,1272.00,1386.00,1521.00,1197.00,1263.00,1407.00,957.00,1134.00,1269.00,1572.00,1788.00,1806.00,1824.00,1824.00,1824.00,1824.00
IL366,1170.00,1170.00,1170.00,1170.00,1362.00,1533.00,1602.00,1677.00,1791.00,1536.00,1632.00,1725.00,1815.00,1923.00,1617.00,1713.00,1833.00,1380.00,1530.00,1722.00,1962.00,2136.00,2157.00,2178.00,2178.00,2178.00,2178.00
IL427,894.00,894.00,894.00,894.00,969.00,1206.00,1212.00,1221.00,1245.00,1209.00,1218.00,1230.00,1254.00,1290.00,1215.00,1224.00,1260.00,996.00,1203.00,1227.00,1302.00,1359.00,1374.00,1386.00,1386.00,1386.00,1386.00
IN094,1074.00,1074.00,1074.00,1074.00,1170.00,1296.00,1359.00,1425.00,1521.00,1299.00,1386.00,1467.00,1539.00,1629.00,1371.00,1455.00,1554.00,1185.00,1293.00,1464.00,1662.00,1803.00,1821.00,1839.00,1839.00,1839.00,1839.00
IN096,1062.00,1062.00,1062.00,1062.00,1158.00,1284.00,1326.00,1374.00,1431.00,1287.00,1347.00,1404.00,1443.00,1494.00,1335.00,1395.00,1452.00,1173.00,1281.00,1401.00,1512.00,1590.00,1608.00,1623.00,1623.00,1623.00,1623.00
IN097,888.00,888.00,888.00,888.00,963.00,1050.00,1095.00,1143.00,1242.00,1053.00,1116.00,1176.00,1266.00,1374.00,1104.00,1167.00,1281.00,972.00,1047.00,1173.00,1413.00,1587.00,1602.00,1620.00,1620.00,1620.00,1620.00
IN099,933.00,933.00,933.00,933.00,987.00,1200.00,1230.00,1260.00,1347.00,1203.00,1242.00,1281.00,1371.00,1479.00,1236.00,1275.00,1389.00,1011.00,1197.00,1278.00,1518.00,1692.00,1707.00,1725.00,1725.00,1725.00,1725.00
IN337,900.00,900.00,900.00,900.00,984.00,1017.00,1032.00,1053.00,1119.00,1020.00,1041.00,1068.00,1140.00,1230.00,1038.00,1062.00,1155.00,987.00,1014.00,1065.00,1266.00,1413.00,1425.00,1440.00,1440.00,1440.00,1440.00
IN338,834.00,834.00,834.00,834.00,900.00,981.00,1053.00,1137.00,1221.00,984.00,1089.00,1188.00,1230.00,1284.00,1071.00,1173.00,1239.00,909.00,978.00,1185.00,1302.00,1386.00,1398.00,1413.00,1413.00,1413.00,1413.00
IN399,981.00,981.00,981.00,981.00,1107.00,1245.00,1284.00,1326.00,1425.00,1248.00,1302.00,1356.00,1452.00,1566.00,1293.00,1347.00,1467.00,1122.00,1242.00,1353.00,1608.00,1794.00,1812.00,1830.00,1830.00,1830.00,1830.00
KS100,990.00,990.00,990.00,990.00,1068.00,1419.00,1428.00,1437.00,1506.00,1422.00,1434.00,1446.00,1527.00,1632.00,1431.00,1440.00,1545.00,1107.00,1413.00,1443.00,1671.00,1836.00,1854.00,1872.00,1872.00,1872.00,1872.00
KS101,882.00,882.00,882.00,882.00,1005.00,1248.00,1284.00,1323.00,1413.00,1251.00,1299.00,1347.00,1437.00,1542.00,1293.00,1341.00,1452.00,1032.00,1242.00,1344.00,1584.00,1755.00,1773.00,1791.00,1791.00,1791.00,1791.00
KS102,888.00,888.00,888.00,888.00,984.00,1200.00,1245.00,1296.00,1404.00,1203.00,1266.00,1326.00,1434.00,1557.00,1257.00,1317.00,1452.00,1008.00,1197.00,1323.00,1608.00,1809.00,1827.00,1845.00,1845.00,1845.00,1845.00
KS104,966.00,966.00,966.00,966.00,1047.00,1284.00,1329.00,1380.00,1482.00,1287.00,1350.00,1413.00,1509.00,1623.00,1341.00,1404.00,1527.00,1074.00,1278.00,1410.00,1668.00,1851.00,1869.00,1887.00,1887.00,1887.00,1887.00
KS105,891.00,891.00,891.00,891.00,1005.00,1386.00,1416.00,1449.00,1509.00,1389.00,1428.00,1470.00,1524.00,1587.00,1422.00,1461.00,1533.00,1047.00,1377.00,1467.00,1611.00,1716.00,1734.00,1752.00,1752.00,1752.00,1752.00
KS334,819.00,819.00,819.00,819.00,915.00,1011.00,1074.00,1146.00,1239.00,1014.00,1104.00,1194.00,1254.00,1329.00,1089.00,1179.00,1266.00,924.00,1008.00,1188.00,1356.00,1476.00,1491.00,1506.00,1506.00,1506.00,1506.00
KY106,843.00,843.00,843.00,843.00,864.00,1113.00,1212.00,1320.00,1440.00,1116.00,1257.00,1389.00,1458.00,1542.00,1236.00,1371.00,1473.00,891.00,1110.00,1383.00,1572.00,1704.00,1722.00,1740.00,1740.00,1740.00,1740.00
KY107,897.00,897.00,897.00,897.00,966.00,1182.00,1197.00,1212.00,1308.00,1185.00,1203.00,1224.00,1341.00,1482.00,1200.00,1218.00,1362.00,990.00,1179.00,1221.00,1536.00,1761.00,1779.00,1797.00,1797.00,1797.00,1797.00
KY109,1020.00,1020.00,1020.00,1020.00,1110.00,1287.00,1416.00,1560.00,1722.00,1290.00,1476.00,1650.00,1749.00,1866.00,1446.00,1626.00,1767.00,1128.00,1281.00,1644.00,1908.00,2097.00,2118.00,2139.00,2139.00,2139.00,2139.00
KY110,831.00,831.00,831.00,831.00,885.00,1173.00,1272.00,1377.00,1494.00,1176.00,1314.00,1443.00,1512.00,1593.00,1293.00,1425.00,1524.00,918.00,1167.00,1440.00,1626.00,1758.00,1776.00,1791.00,1791.00,1791.00,1791.00
KY112,756.00,756.00,756.00,756.00,834.00,1050.00,1068.00,1089.00,1203.00,1053.00,1077.00,1104.00,1239.00,1401.00,1074.00,1098.00,1263.00,858.00,1047.00,1101.00,1464.00,1725.00,1743.00,1761.00,1761.00,1761.00,1761.00
KY339,813.00,813.00,813.00,813.00,858.00,930.00,1044.00,1170.00,1308.00,933.00,1095.00,1248.00,1332.00,1428.00,1071.00,1227.00,1347.00,867.00,927.00,1242.00,1467.00,1623.00,1641.00,1656.00,1656.00,1656.00,1656.00
KY429,807.00,807.00,807.00,807.00,840.00,1077.00,1116.00,1161.00,1293.00,1080.00,1134.00,1191.00,1332.00,1497.00,1125.00,1182.00,1356.00,864.00,1071.00,1188.00,1560.00,1830.00,1848.00,1866.00,1866.00,1866.00,1866.00
KY430,819.00,819.00,819.00,819.00,858.00,1116.00,1143.00,1173.00,1242.00,1119.00,1155.00,1194.00,1260.00,1344.00,1149.00,1185.00,1272.00,888.00,1110.00,1191.00,1374.00,1509.00,1524.00,1539.00,1539.00,1539.00,1539.00
LA113,954.00,954.00,954.00,954.00,1086.00,1200.00,1242.00,1284.00,1377.00,1203.00,1260.00,1314.00,1401.00,1503.00,1251.00,1305.00,1416.00,1098.00,1197.00,1311.00,1542.00,1707.00,1725.00,1743.00,1743.00,1743.00,1743.00
LA114,1194.00,1194.00,1194.00,1194.00,1296.00,1374.00,1467.00,1569.00,1722.00,1377.00,1509.00,1635.00,1755.00,1896.00,1488.00,1617.00,1776.00,1305.00,1371.00,1632.00,1950.00,2178.00,2199.00,2220.00,2220.00,2220.00,2220.00
LA115,846.00,846.00,846.00,846.00,906.00,1149.00,1176.00,1206.00,1269.00,1152.00,1188.00,1227.00,1287.00,1359.00,1182.00,1221.00,1299.00,933.00,1143.00,1224.00,1386.00,1506.00,1521.00,1536.00,1536.00,1536.00,1536.00
LA116,1215.00,1215.00,1215.00,1215.00,1263.00,1461.00,1503.00,1548.00,1662.00,1464.00,1521.00,1578.00,1695.00,1833.00,1512.00,1569.00,1716.00,1287.00,1458.00,1575.00,1887.00,2109.00,2130.00,2151.00,2151.00,2151.00,2151.00
LA117,1080.00,1080.00,1080.00,1080.00,1137.00,1509.00,1605.00,1707.00,1854.00,1512.00,1647.00,1773.00,1884.00,2016.00,1626.00,1755.00,1905.00,1179.00,1503.00,1767.00,2067.00,2280.00,2301.00,2325.00,2325.00,2325.00,2325.00
LA118,1026.00,1026.00,1026.00,1026.00,1137.00,1314.00,1341.00,1371.00,1497.00,1317.00,1353.00,1392.00,1536.00,1707.00,1347.00,1386.00,1563.00,1158.00,1311.00,1389.00,1776.00,2052.00,2073.00,2094.00,2094.00,2094.00,2094.00
LA326,1179.00,1179.00,1179.00,1179.00,1248.00,1365.00,1425.00,1494.00,1557.00,1368.00,1455.00,1536.00,1563.00,1596.00,1440.00,1524.00,1569.00,1263.00,1362.00,1533.00,1608.00,1659.00,1677.00,1692.00,1692.00,1692.00,1692.00
LA370,1041.00,1041.00,1041.00,1041.00,1050.00,1224.00,1269.00,1320.00,1389.00,1227.00,1290.00,1353.00,1404.00,1464.00,1281.00,1344.00,1413.00,1068.00,1221.00,1350.00,1488.00,1587.00,1602.00,1620.00,1620.00,1620.00,1620.00
LA371,831.00,831.00,831.00,831.00,864.00,1176.00,1200.00,1227.00,1311.00,1179.00,1212.00,1245.00,1338.00,1446.00,1206.00,1239.00,1353.00,900.00,1170.00,1242.00,1491.00,1668.00,1686.00,1701.00,1701.00,1701.00,1701.00
MA119,2187.00,2187.00,2187.00,2187.00,2235.00,2712.00,2832.00,2961.00,3147.00,2715.00,2883.00,3042.00,3183.00,3351.00,2856.00,3021.00,3210.00,2289.00,2703.00,3036.00,3414.00,3684.00,3720.00,3759.00,3759.00,3759.00,3759.00
MA120,2025.00,2025.00,2025.00,2025.00,2274.00,2712.00,2775.00,2844.00,3042.00,2715.00,2805.00,2889.00,3102.00,3354.00,2790.00,2877.00,3141.00,2322.00,2703.00,2886.00,3450.00,3858.00,3897.00,3936.00,3936.00,3936.00,3936.00
MA121,1461.00,1461.00,1461.00,1461.00,1539.00,2016.00,2022.00,2031.00,2112.00,2019.00,2028.00,2040.00,2139.00,2262.00,2025.00,2034.00,2157.00,1590.00,2007.00,2037.00,2310.00,2508.00,2532.00,2556.00,2556.00,2556.00,2556.00
MA122,1386.00,1386.00,1386.00,1386.00,1458.00,1719.00,1773.00,1833.00,1980.00,1722.00,1797.00,1872.00,2019.00,2196.00,1785.00,1860.00,2046.00,1488.00,1713.00,1869.00,2265.00,2547.00,2574.00,2598.00,2598.00,2598.00,2598.00
MA123,1404.00,1404.00,1404.00,1404.00,1536.00,1773.00,1896.00,2028.00,2199.00,1776.00,1950.00,2115.00,2232.00,2373.00,1923.00,2091.00,2253.00,1563.00,1770.00,2106.00,2427.00,2652.00,2679.00,2706.00,2706.00,2706.00,2706.00
MA124,1593.00,1593.00,1593.00,1593.00,1704.00,1974.00,2025.00,2082.00,2208.00,1977.00,2049.00,2118.00,2241.00,2385.00,2037.00,2109.00,2262.00,1734.00,1971.00,2115.00,2439.00,2673.00,2700.00,2724.00,2724.00,2724.00,2724.00
MA125,1752.00,1752.00,1752.00,1752.00,1836.00,2013.00,2193.00,2388.00,2556.00,2016.00,2271.00,2511.00,2574.00,2649.00,2232.00,2478.00,2586.00,1854.00,2007.00,2502.00,2676.00,2796.00,2823.00,2850.00,2850.00,2850.00,2850.00
MA126,1377.00,1377.00,1377.00,1377.00,1407.00,1701.00,1767.00,1839.00,1977.00,1704.00,1797.00,1884.00,2010.00,2157.00,1782.00,1872.00,2034.00,1440.00,1695.00,1881.00,2214.00,2454.00,2478.00,2502.00,2502.00,2502.00,2502.00
MA151,1791.00,1791.00,1791.00,1791.00,1947.00,2241.00,2301.00,2367.00,2469.00,2244.00,2328.00,2409.00,2490.00,2586.00,2316.00,2397.00,2505.00,1980.00,2235.00,2406.00,2622.00,2775.00,2802.00,2829.00,2829.00,2829.00,2829.00
MA377,1797.00,1797.00,1797.00,1797.00,1992.00,2277.00,2349.00,2424.00,2577.00,2280.00,2379.00,2475.00,2616.00,2784.00,2364.00,2460.00,2643.00,2022.00,2271.00,2469.00,2847.00,3120.00,3150.00,3180.00,3180.00,3180.00,3180.00
MD127,1392.00,1392.00,1392.00,1392.00,1455.00,1740.00,1791.00,1845.00,1971.00,1743.00,1812.00,1878.00,2004.00,2154.00,1803.00,1869.00,2028.00,1485.00,1734.00,1875.00,2211.00,2451.00,2478.00,2502.00,2502.00,2502.00,2502.00
MD128,1731.00,1731.00,1731.00,1731.00,1809.00,2058.00,2196.00,2343.00,2526.00,2064.00,2256.00,2439.00,2562.00,2706.00,2226.00,2412.00,2583.00,1836.00,2055.00,2430.00,2763.00,2997.00,3027.00,3057.00,3057.00,3057.00,3057.00
MD129,1746.00,1746.00,1746.00,1746.00,1923.00,2097.00,2217.00,2346.00,2481.00,2100.00,2271.00,2430.00,2502.00,2589.00,2244.00,2406.00,2514.00,1941.00,2094.00,2421.00,2622.00,2760.00,2787.00,2814.00,2814.00,2814.00,2814.00
MD130,1458.00,1458.00,1458.00,1458.00,1605.00,1830.00,1881.00,1932.00,2073.00,1833.00,1902.00,1968.00,2115.00,2286.00,1890.00,1956.00,2139.00,1629.00,1827.00,1965.00,2352.00,2634.00,2658.00,2685.00,2685.00,2685.00,2685.00
MD133,1530.00,1530.00,1530.00,1530.00,1710.00,2127.00,2244.00,2370.00,2514.00,2130.00,2295.00,2454.00,2535.00,2631.00,2271.00,2430.00,2550.00,1755.00,2118.00,2445.00,2670.00,2826.00,2853.00,2883.00,2883.00,2883.00,2883.00
MD134,1605.00,1605.00,1605.00,1605.00,1644.00,1917.00,2010.00,2115.00,2253.00,1920.00,2052.00,2178.00,2280.00,2400.00,2031.00,2160.00,2298.00,1674.00,1911.00,2175.00,2448.00,2640.00,2667.00,2694.00,2694.00,2694.00,2694.00
MD135,1323.00,1323.00,1323.00,1323.00,1434.00,1686.00,1728.00,1773.00,1884.00,1689.00,1746.00,1806.00,1917.00,2046.00,1737.00,1797.00,1935.00,1461.00,1680.00,1803.00,2097.00,2310.00,2334.00,2358.00,2358.00,2358.00,2358.00
MD340,834.00,834.00,834.00,834.00,960.00,1149.00,1212.00,1281.00,1365.00,1152.00,1239.00,1326.00,1380.00,1446.00,1227.00,1314.00,1392.00,981.00,1143.00,1320.00,1473.00,1578.00,1593.00,1611.00,1611.00,1611.00,1611.00
MD432,1308.00,1308.00,1308.00,1308.00,1428.00,1599.00,1617.00,1638.00,1686.00,1602.00,1626.00,1653.00,1698.00,1758.00,1623.00,1647.00,1707.00,1446.00,1596.00,1650.00,1782.00,1878.00,1896.00,1914.00,1914.00,1914.00,1914.00
MD458,1359.00,1359.00,1359.00,1359.00,1437.00,1713.00,1767.00,1824.00,1908.00,1716.00,1791.00,1860.00,1926.00,2001.00,1779.00,1851.00,1938.00,1467.00,1707.00,1857.00,2031.00,2154.00,2175.00,2196.00,2196.00,2196.00,2196.00
ME136,855.00,855.00,855.00,855.00,963.00,1203.00,1323.00,1455.00,1563.00,1206.00,1377.00,1542.00,1572.00,1608.00,1350.00,1518.00,1578.00,990.00,1197.00,1533.00,1623.00,1680.00,1698.00,1716.00,1716.00,1716.00,1716.00
ME137,753.00,753.00,753.00,753.00,834.00,957.00,993.00,1038.00,1098.00,960.00,1011.00,1065.00,1110.00,1164.00,1002.00,1056.00,1119.00,846.00,954.00,1062.00,1182.00,1269.00,1284.00,1296.00,1296.00,1296.00,1296.00
ME139,1272.00,1272.00,1272.00,1272.00,1407.00,1545.00,1656.00,1776.00,1899.00,1548.00,1704.00,1851.00,1917.00,1998.00,1680.00,1830.00,1929.00,1422.00,1542.00,1845.00,2028.00,2157.00,2178.00,2199.00,2199.00,2199.00,2199.00
ME141,1116.00,1116.00,1116.00,1116.00,1185.00,1353.00,1377.00,1404.00,1449.00,1356.00,1389.00,1425.00,1461.00,1503.00,1383.00,1416.00,1467.00,1203.00,1350.00,1422.00,1521.00,1593.00,1608.00,1626.00,1626.00,1626.00,1626.00
ME390,1026.00,1026.00,1026.00,1026.00,1137.00,1236.00,1269.00,1305.00,1368.00,1239.00,1284.00,1326.00,1386.00,1455.00,1275.00,1320.00,1395.00,1146.00,1233.00,1323.00,1482.00,1596.00,1614.00,1629.00,1629.00,1629.00,1629.00
MI142,1122.00,1122.00,1122.00,1122.00,1239.00,1611.00,1686.00,1767.00,1908.00,1614.00,1719.00,1821.00,1944.00,2088.00,1701.00,1806.00,1965.00,1281.00,1602.00,1815.00,2145.00,2379.00,2403.00,2427.00,2427.00,2427.00,2427.00
MI143,822.00,822.00,822.00,822.00,855.00,1197.00,1242.00,1293.00,1371.00,1200.00,1263.00,1323.00,1386.00,1464.00,1254.00,1314.00,1398.00,894.00,1191.00,1320.00,1491.00,1614.00,1632.00,1647.00,1647.00,1647.00,1647.00
MI145,804.00,804.00,804.00,804.00,879.00,1068.00,1089.00,1113.00,1152.00,1071.00,1098.00,1128.00,1161.00,1206.00,1095.00,1122.00,1170.00,900.00,1065.00,1125.00,1221.00,1290.00,1302.00,1317.00,1317.00,1317.00,1317.00
MI146,921.00,921.00,921.00,921.00,1026.00,1185.00,1233.00,1290.00,1377.00,1188.00,1257.00,1323.00,1395.00,1479.00,1245.00,1314.00,1407.00,1044.00,1182.00,1320.00,1512.00,1647.00,1662.00,1680.00,1680.00,1680.00,1680.00
MI148,795.00,795.00,795.00,795.00,879.00,1071.00,1104.00,1143.00,1197.00,1074.00,1119.00,1167.00,1209.00,1260.00,1113.00,1158.00,1215.00,900.00,1068.00,1164.00,1278.00,1359.00,1374.00,1386.00,1386.00,1386.00,1386.00
MI149,942.00,942.00,942.00,942.00,1083.00,1251.00,1260.00,1272.00,1365.00,1254.00,1266.00,1281.00,1398.00,1542.00,1263.00,1275.00,1422.00,1101.00,1248.00,1278.00,1596.00,1827.00,1845.00,1866.00,1866.00,1866.00,1866.00
MI152,918.00,918.00,918.00,918.00,1080.00,1242.00,1317.00,1398.00,1539.00,1245.00,1350.00,1449.00,1569.00,1713.00,1335.00,1437.00,1593.00,1098.00,1239.00,1446.00,1767.00,1998.00,2016.00,2037.00,2037.00,2037.00,2037.00
MI153,1059.00,1059.00,1059.00,1059.00,1155.00,1266.00,1302.00,1341.00,1440.00,1269.00,1320.00,1368.00,1467.00,1584.00,1311.00,1359.00,1485.00,1167.00,1263.00,1365.00,1629.00,1818.00,1836.00,1854.00,1854.00,1854.00,1854.00
MI154,942.00,942.00,942.00,942.00,993.00,1191.00,1209.00,1227.00,1278.00,1194.00,1215.00,1239.00,1293.00,1359.00,1212.00,1233.00,1302.00,1014.00,1188.00,1236.00,1383.00,1491.00,1506.00,1521.00,1521.00,1521.00,1521.00
MI155,1173.00,1173.00,1173.00,1173.00,1323.00,1464.00,1596.00,1740.00,1902.00,1467.00,1653.00,1830.00,1926.00,2040.00,1626.00,1806.00,1944.00,1338.00,1461.00,1824.00,2085.00,2268.00,2292.00,2313.00,2313.00,2313.00,2313.00
MI156,840.00,840.00,840.00,840.00,918.00,1062.00,1143.00,1230.00,1326.00,1065.00,1179.00,1287.00,1338.00,1401.00,1161.00,1272.00,1347.00,933.00,1059.00,1284.00,1422.00,1521.00,1536.00,1551.00,1551.00,1551.00,1551.00
MI157,699.00,699.00,699.00,699.00,786.00,1026.00,1050.00,1080.00,1149.00,1029.00,1062.00,1098.00,1170.00,1254.00,1056.00,1092.00,1182.00,810.00,1020.00,1095.00,1287.00,1425.00,1440.00,1455.00,1455.00,1455.00,1455.00
MI434,816.00,816.00,816.00,816.00,897.00,1092.00,1134.00,1179.00,1275.00,1095.00,1152.00,1209.00,1302.00,1410.00,1143.00,1200.00,1317.00,918.00,1086.00,1206.00,1452.00,1629.00,1644.00,1662.00,1662.00,1662.00,1662.00
MN158,1059.00,1059.00,1059.00,1059.00,1206.00,1545.00,1557.00,1569.00,1635.00,1548.00,1563.00,1581.00,1659.00,1755.00,1560.00,1575.00,1674.00,1242.00,1536.00,1578.00,1794.00,1950.00,1971.00,1989.00,1989.00,1989.00,1989.00
MN159,1212.00,1212.00,1212.00,1212.00,1401.00,1674.00,1734.00,1803.00,1872.00,1677.00,1761.00,1845.00,1884.00,1929.00,1749.00,1833.00,1890.00,1431.00,1668.00,1842.00,1944.00,2016.00,2037.00,2058.00,2058.00,2058.00,2058.00
MN376,876.00,876.00,876.00,876.00,999.00,1326.00,1356.00,1392.00,1479.00,1329.00,1371.00,1413.00,1506.00,1614.00,1365.00,1407.00,1521.00,1035.00,1320.00,1410.00,1656.00,1833.00,1851.00,1869.00,1869.00,1869.00,1869.00
MN436,870.00,870.00,870.00,870.00,1017.00,1167.00,1278.00,1401.00,1500.00,1170.00,1329.00,1476.00,1509.00,1545.00,1302.00,1455.00,1515.00,1035.00,1164.00,1470.00,1560.00,1620.00,1638.00,1653.00,1653.00,1653.00,1653.00
MO160,1002.00,1002.00,1002.00,1002.00,1098.00,1278.00,1329.00,1386.00,1497.00,1281.00,1353.00,1422.00,1527.00,1650.00,1341.00,1413.00,1545.00,1119.00,1275.00,1419.00,1698.00,1896.00,1914.00,1935.00,1935.00,1935.00,1935.00
MO161,1119.00,1119.00,1119.00,1119.00,1233.00,1560.00,1599.00,1638.00,1731.00,1563.00,1614.00,1668.00,1755.00,1857.00,1605.00,1659.00,1770.00,1269.00,1551.00,1665.00,1899.00,2067.00,2088.00,2106.00,2106.00,2106.00,2106.00
MO162,768.00,768.00,768.00,768.00,870.00,1044.00,1122.00,1209.00,1314.00,1047.00,1158.00,1263.00,1332.00,1413.00,1140.00,1248.00,1344.00,888.00,1041.00,1260.00,1443.00,1575.00,1590.00,1608.00,1608.00,1608.00,1608.00
MO163,888.00,888.00,888.00,888.00,990.00,1191.00,1212.00,1236.00,1305.00,1194.00,1221.00,1251.00,1326.00,1419.00,1218.00,1245.00,1341.00,1014.00,1188.00,1248.00,1452.00,1602.00,1617.00,1632.00,1632.00,1632.00,1632.00
MO164,870.00,870.00,870.00,870.00,918.00,957.00,1017.00,1083.00,1197.00,960.00,1044.00,1125.00,1224.00,1341.00,1029.00,1113.00,1242.00,921.00,954.00,1122.00,1386.00,1575.00,1590.00,1608.00,1608.00,1608.00,1608.00
MO165,807.00,807.00,807.00,807.00,840.00,1029.00,1065.00,1104.00,1161.00,1032.00,1080.00,1128.00,1173.00,1224.00,1074.00,1122.00,1179.00,861.00,1026.00,1125.00,1245.00,1329.00,1341.00,1356.00,1356.00,1356.00,1356.00
MO343,819.00,819.00,819.00,819.00,936.00,1251.00,1314.00,1380.00,1470.00,1254.00,1341.00,1422.00,1488.00,1566.00,1326.00,1410.00,1500.00,972.00,1245.00,1419.00,1593.00,1719.00,1737.00,1755.00,1755.00,1755.00,1755.00
MO344,756.00,756.00,756.00,756.00,831.00,1071.00,1098.00,1128.00,1164.00,1074.00,1110.00,1146.00,1170.00,1200.00,1104.00,1140.00,1176.00,858.00,1068.00,1143.00,1212.00,1263.00,1275.00,1287.00,1287.00,1287.00,1287.00
MS168,1077.00,1077.00,1077.00,1077.00,1164.00,1305.00,1338.00,1374.00,1503.00,1308.00,1353.00,1401.00,1542.00,1713.00,1347.00,1392.00,1569.00,1179.00,1302.00,1398.00,1779.00,2055.00,2076.00,2094.00,2094.00,2094.00,2094.00
MS169,909.00,909.00,909.00,909.00,933.00,1116.00,1182.00,1254.00,1383.00,1119.00,1212.00,1302.00,1413.00,1545.00,1197.00,1287.00,1434.00,954.00,1110.00,1296.00,1596.00,1809.00,1827.00,1845.00,1845.00,1845.00,1845.00
MS170,1065.00,1065.00,1065.00,1065.00,1128.00,1230.00,1293.00,1359.00,1491.00,1233.00,1320.00,1404.00,1527.00,1668.00,1305.00,1392.00,1548.00,1140.00,1227.00,1401.00,1725.00,1956.00,1977.00,1995.00,1995.00,1995.00,1995.00
MS171,891.00,891.00,891.00,891.00,969.00,1197.00,1290.00,1395.00,1539.00,1200.00,1332.00,1461.00,1569.00,1695.00,1311.00,1443.00,1587.00,993.00,1191.00,1455.00,1743.00,1950.00,1968.00,1989.00,1989.00,1989.00,1989.00
MS172,933.00,933.00,933.00,933.00,1014.00,1173.00,1218.00,1266.00,1356.00,1176.00,1239.00,1299.00,1377.00,1473.00,1227.00,1290.00,1392.00,1032.00,1170.00,1296.00,1509.00,1662.00,1680.00,1695.00,1695.00,1695.00,1695.00
MS410,1095.00,1095.00,1095.00,1095.00,1140.00,1398.00,1449.00,1506.00,1614.00,1401.00,1473.00,1545.00,1641.00,1752.00,1461.00,1533.00,1656.00,1170.00,1392.00,1542.00,1797.00,1980.00,1998.00,2019.00,2019.00,2019.00,2019.00
MS437,849.00,849.00,849.00,849.00,870.00,981.00,1020.00,1062.00,1131.00,984.00,1038.00,1089.00,1146.00,1212.00,1029.00,1080.00,1155.00,882.00,978.00,1086.00,1239.00,1347.00,1359.00,1374.00,1374.00,1374.00,1374.00
MS438,843.00,843.00,843.00,843.00,888.00,1095.00,1113.00,1134.00,1248.00,1098.00,1122.00,1149.00,1284.00,1446.00,1119.00,1143.00,1308.00,912.00,1092.00,1146.00,1509.00,1770.00,1788.00,1806.00,1806.00,1806.00,1806.00
MT175,807.00,807.00,807.00,807.00,903.00,1098.00,1212.00,1335.00,1449.00,1101.00,1263.00,1413.00,1461.00,1518.00,1239.00,1392.00,1470.00,924.00,1095.00,1407.00,1542.00,1632.00,1650.00,1665.00,1665.00,1665.00,1665.00
MT347,894.00,894.00,894.00,894.00,1041.00,1263.00,1323.00,1386.00,1464.00,1266.00,1347.00,1425.00,1479.00,1539.00,1335.00,1416.00,1488.00,1065.00,1260.00,1422.00,1563.00,1662.00,1680.00,1695.00,1695.00,1695.00,1695.00
MT379,909.00,909.00,909.00,909.00,996.00,1284.00,1344.00,1407.00,1470.00,1287.00,1368.00,1449.00,1479.00,1512.00,1356.00,1437.00,1485.00,1029.00,1278.00,1446.00,1527.00,1584.00,1599.00,1614.00,1614.00,1614.00,1614.00
MT441,960.00,960.00,960.00,960.00,1050.00,1302.00,1380.00,1464.00,1587.00,1305.00,1413.00,1518.00,1614.00,1728.00,1398.00,1503.00,1632.00,1077.00,1296.00,1512.00,1773.00,1959.00,1977.00,1998.00,1998.00,1998.00,1998.00
NC176,1131.00,1131.00,1131.00,1131.00,1185.00,1560.00,1650.00,1749.00,1845.00,1563.00,1692.00,1812.00,1857.00,1908.00,1671.00,1794.00,1863.00,1227.00,1554.00,1806.00,1926.00,2010.00,2031.00,2052.00,2052.00,2052.00,2052.00
NC177,1026.00,1026.00,1026.00,1026.00,1110.00,1332.00,1407.00,1488.00,1587.00,1335.00,1440.00,1539.00,1602.00,1680.00,1425.00,1524.00,1614.00,1134.00,1329.00,1536.00,1710.00,1833.00,1851.00,1869.00,1869.00,1869.00,1869.00
NC178,1110.00,1110.00,1110.00,1110.00,1200.00,1302.00,1338.00,1377.00,1467.00,1305.00,1353.00,1401.00,1491.00,1602.00,1344.00,1392.00,1509.00,1212.00,1299.00,1398.00,1641.00,1818.00,1836.00,1854.00,1854.00,1854.00,1854.00
NC179,1083.00,1083.00,1083.00,1083.00,1173.00,1368.00,1401.00,1434.00,1518.00,1371.00,1413.00,1458.00,1542.00,1641.00,1407.00,1452.00,1557.00,1194.00,1362.00,1455.00,1677.00,1839.00,1857.00,1875.00,1875.00,1875.00,1875.00
NC180,1098.00,1098.00,1098.00,1098.00,1161.00,1272.00,1401.00,1539.00,1731.00,1275.00,1458.00,1629.00,1767.00,1932.00,1428.00,1605.00,1794.00,1173.00,1269.00,1623.00,1995.00,2262.00,2283.00,2307.00,2307.00,2307.00,2307.00
NC181,1323.00,1323.00,1323.00,1323.00,1422.00,1542.00,1599.00,1662.00,1752.00,1545.00,1623.00,1701.00,1773.00,1857.00,1611.00,1689.00,1785.00,1434.00,1539.00,1698.00,1890.00,2028.00,2046.00,2067.00,2067.00,2067.00,2067.00
NC182,990.00,990.00,990.00,990.00,1041.00,1194.00,1260.00,1332.00,1425.00,1197.00,1290.00,1377.00,1443.00,1518.00,1275.00,1365.00,1455.00,1059.00,1191.00,1374.00,1548.00,1671.00,1689.00,1704.00,1704.00,1704.00,1704.00
NC183,921.00,921.00,921.00,921.00,972.00,1179.00,1272.00,1371.00,1497.00,1182.00,1314.00,1437.00,1521.00,1623.00,1293.00,1419.00,1536.00,996.00,1176.00,1431.00,1662.00,1827.00,1845.00,1863.00,1863.00,1863.00,1863.00
NC184,858.00,858.00,858.00,858.00,918.00,1059.00,1113.00,1176.00,1266.00,1062.00,1140.00,1215.00,1287.00,1374.00,1128.00,1203.00,1302.00,933.00,1056.00,1212.00,1407.00,1548.00,1563.00,1578.00,1578.00,1578.00,1578.00
NC185,966.00,966.00,966.00,966.00,1011.00,1263.00,1287.00,1311.00,1437.00,1266.00,1296.00,1329.00,1479.00,1653.00,1293.00,1323.00,1506.00,1038.00,1257.00,1326.00,1722.00,2007.00,2028.00,2049.00,2049.00,2049.00,2049.00
NC186,1134.00,1134.00,1134.00,1134.00,1179.00,1305.00,1365.00,1431.00,1545.00,1308.00,1392.00,1473.00,1572.00,1686.00,1380.00,1461.00,1590.00,1194.00,1302.00,1470.00,1731.00,1914.00,1935.00,1953.00,1953.00,1953.00,1953.00
NC187,1083.00,1083.00,1083.00,1083.00,1170.00,1503.00,1575.00,1656.00,1797.00,1506.00,1608.00,1704.00,1830.00,1977.00,1593.00,1692.00,1851.00,1206.00,1497.00,1701.00,2034.00,2271.00,2295.00,2316.00,2316.00,2316.00,2316.00
NC372,930.00,930.00,930.00,930.00,984.00,1086.00,1206.00,1338.00,1509.00,1089.00,1260.00,1422.00,1542.00,1686.00,1233.00,1398.00,1566.00,993.00,1083.00,1416.00,1740.00,1971.00,1992.00,2010.00,2010.00,2010.00,2010.00
ND188,936.00,936.00,936.00,936.00,1050.00,1242.00,1386.00,1542.00,1716.00,1248.00,1449.00,1641.00,1743.00,1866.00,1419.00,1611.00,1761.00,1071.00,1239.00,1632.00,1911.00,2109.00,2130.00,2151.00,2151.00,2151.00,2151.00
ND189,957.00,957.00,957.00,957.00,1107.00,1413.00,1479.00,1554.00,1623.00,1416.00,1509.00,1599.00,1632.00,1668.00,1494.00,1587.00,1638.00,1140.00,1407.00,1596.00,1683.00,1746.00,1761.00,1779.00,1779.00,1779.00,1779.00
ND190,876.00,876.00,876.00,876.00,939.00,1212.00,1269.00,1335.00,1419.00,1215.00,1296.00,1374.00,1437.00,1512.00,1284.00,1362.00,1449.00,969.00,1206.00,1371.00,1542.00,1665.00,1680.00,1698.00,1698.00,1698.00,1698.00
ND191,930.00,930.00,930.00,930.00,1029.00,1467.00,1518.00,1572.00,1629.00,1470.00,1539.00,1608.00,1638.00,1674.00,1527.00,1599.00,1644.00,1077.00,1458.00,1605.00,1689.00,1746.00,1764.00,1782.00,1782.00,1782.00,1782.00
NE192,993.00,993.00,993.00,993.00,1113.00,1272.00,1338.00,1410.00,1500.00,1275.00,1368.00,1455.00,1515.00,1587.00,1353.00,1443.00,1527.00,1131.00,1269.00,1452.00,1614.00,1731.00,1746.00,1764.00,1764.00,1764.00,1764.00
NE193,978.00,978.00,978.00,978.00,1086.00,1350.00,1395.00,1443.00,1494.00,1353.00,1413.00,1473.00,1503.00,1539.00,1404.00,1464.00,1509.00,1113.00,1344.00,1470.00,1554.00,1611.00,1626.00,1644.00,1644.00,1644.00,1644.00
NH194,1275.00,1275.00,1275.00,1275.00,1449.00,1941.00,1989.00,2043.00,2118.00,1944.00,2010.00,2076.00,2133.00,2202.00,2001.00,2067.00,2145.00,1503.00,1929.00,2073.00,2229.00,2337.00,2361.00,2385.00,2385.00,2385.00,2385.00
NH195,1419.00,1419.00,1419.00,1419.00,1563.00,1788.00,1944.00,2115.00,2322.00,1791.00,2016.00,2226.00,2358.00,2514.00,1980.00,2196.00,2382.00,1587.00,1782.00,2217.00,2574.00,2826.00,2856.00,2883.00,2883.00,2883.00,2883.00
NJ196,1362.00,1362.00,1362.00,1362.00,1452.00,1842.00,1872.00,1902.00,2019.00,1845.00,1884.00,1923.00,2055.00,2211.00,1878.00,1917.00,2079.00,1494.00,1836.00,1920.00,2271.00,2526.00,2553.00,2577.00,2577.00,2577.00,2577.00
NJ198,1236.00,1236.00,1236.00,1236.00,1302.00,1674.00,1704.00,1740.00,1833.00,1677.00,1719.00,1764.00,1857.00,1968.00,1713.00,1758.00,1875.00,1344.00,1665.00,1761.00,2013.00,2193.00,2214.00,2238.00,2238.00,2238.00,2238.00
NJ200,1881.00,1881.00,1881.00,1881.00,2151.00,2271.00,2361.00,2460.00,2649.00,2274.00,2400.00,2523.00,2697.00,2901.00,2382.00,2505.00,2727.00,2163.00,2268.00,2517.00,2982.00,3312.00,3345.00,3378.00,3378.00,3378.00,3378.00
NJ201,1608.00,1608.00,1608.00,1608.00,1746.00,2112.00,2286.00,2472.00,2670.00,2118.00,2361.00,2592.00,2697.00,2823.00,2322.00,2559.00,2718.00,1788.00,2106.00,2583.00,2871.00,3072.00,3102.00,3132.00,3132.00,3132.00,3132.00
NJ202,1836.00,1836.00,1836.00,1836.00,1992.00,2553.00,2604.00,2658.00,2751.00,2556.00,2625.00,2694.00,2775.00,2871.00,2616.00,2682.00,2790.00,2055.00,2544.00,2691.00,2907.00,3063.00,3093.00,3123.00,3123.00,3123.00,3123.00
NJ203,1527.00,1527.00,1527.00,1527.00,1842.00,2148.00,2235.00,2334.00,2481.00,2151.00,2277.00,2394.00,2514.00,2652.00,2256.00,2379.00,2535.00,1875.00,2142.00,2391.00,2706.00,2931.00,2958.00,2988.00,2988.00,2988.00,2988.00
NJ204,1521.00,1521.00,1521.00,1521.00,1686.00,2079.00,2121.00,2166.00,2247.00,2082.00,2139.00,2196.00,2268.00,2352.00,2130.00,2187.00,2280.00,1728.00,2073.00,2193.00,2385.00,2526.00,2550.00,2577.00,2577.00,2577.00,2577.00
NM205,951.00,951.00,951.00,951.00,1059.00,1260.00,1356.00,1461.00,1572.00,1263.00,1398.00,1527.00,1587.00,1659.00,1377.00,1509.00,1599.00,1080.00,1257.00,1521.00,1686.00,1800.00,1818.00,1836.00,1836.00,1836.00,1836.00
NM206,1113.00,1113.00,1113.00,1113.00,1224.00,1254.00,1356.00,1470.00,1563.00,1257.00,1404.00,1542.00,1572.00,1605.00,1380.00,1521.00,1578.00,1227.00,1251.00,1536.00,1620.00,1674.00,1692.00,1710.00,1710.00,1710.00,1710.00
NM207,909.00,909.00,909.00,909.00,1041.00,1323.00,1335.00,1350.00,1398.00,1326.00,1341.00,1365.00,1410.00,1470.00,1338.00,1359.00,1419.00,1071.00,1317.00,1362.00,1491.00,1587.00,1602.00,1620.00,1620.00,1620.00,1620.00
NM209,849.00,849.00,849.00,849.00,930.00,1053.00,1116.00,1185.00,1296.00,1056.00,1146.00,1230.00,1323.00,1431.00,1131.00,1218.00,1338.00,945.00,1050.00,1227.00,1470.00,1647.00,1662.00,1680.00,1680.00,1680.00,1680.00
NM210,1179.00,1179.00,1179.00,1179.00,1320.00,1452.00,1491.00,1533.00,1635.00,1455.00,1509.00,1563.00,1662.00,1779.00,1500.00,1554.00,1680.00,1335.00,1449.00,1560.00,1824.00,2016.00,2037.00,2058.00,2058.00,2058.00,2058.00
NV199,1104.00,1104.00,1104.00,1104.00,1191.00,1638.00,1719.00,1809.00,1923.00,1641.00,1755.00,1863.00,1947.00,2043.00,1737.00,1848.00,1962.00,1239.00,1629.00,1860.00,2082.00,2238.00,2259.00,2283.00,2283.00,2283.00,2283.00
NV211,861.00,861.00,861.00,861.00,894.00,993.00,1095.00,1203.00,1323.00,996.00,1140.00,1275.00,1341.00,1422.00,1116.00,1254.00,1353.00,906.00,990.00,1269.00,1452.00,1578.00,1596.00,1611.00,1611.00,1611.00,1611.00
NV212,1104.00,1104.00,1104.00,1104.00,1137.00,1338.00,1413.00,1497.00,1614.00,1341.00,1449.00,1551.00,1638.00,1743.00,1431.00,1536.00,1653.00,1158.00,1332.00,1545.00,1782.00,1950.00,1971.00,1989.00,1989.00,1989.00,1989.00
NV213,1002.00,1002.00,1002.00,1002.00,1080.00,1287.00,1368.00,1452.00,1554.00,1290.00,1401.00,1509.00,1572.00,1644.00,1383.00,1494.00,1581.00,1101.00,1284.00,1503.00,1674.00,1794.00,1812.00,1830.00,1830.00,1830.00,1830.00
NY215,1374.00,1374.00,1374.00,1374.00,1563.00,1761.00,1812.00,1869.00,1977.00,1764.00,1836.00,1905.00,2001.00,2118.00,1824.00,1896.00,2019.00,1584.00,1758.00,1902.00,2160.00,2346.00,2370.00,2394.00,2394.00,2394.00,2394.00
NY216,1059.00,1059.00,1059.00,1059.00,1209.00,1425.00,1551.00,1686.00,1815.00,1428.00,1605.00,1773.00,1833.00,1902.00,1578.00,1749.00,1842.00,1233.00,1422.00,1767.00,1929.00,2040.00,2061.00,2082.00,2082.00,2082.00,2082.00
NY217,1926.00,1926.00,1926.00,1926.00,2073.00,2574.00,2643.00,2718.00,2850.00,2577.00,2673.00,2766.00,2883.00,3018.00,2658.00,2754.00,2904.00,2130.00,2565.00,2763.00,3072.00,3291.00,3324.00,3357.00,3357.00,3357.00,3357.00
NY218,2358.00,2358.00,2358.00,2358.00,2481.00,2595.00,2715.00,2847.00,3051.00,2598.00,2769.00,2931.00,3099.00,3297.00,2742.00,2907.00,3129.00,2493.00,2592.00,2922.00,3372.00,3693.00,3729.00,3765.00,3765.00,3765.00,3765.00
NY219,2622.00,2622.00,2622.00,2622.00,2754.00,2958.00,3093.00,3240.00,3477.00,2964.00,3156.00,3336.00,3528.00,3759.00,3123.00,3309.00,3564.00,2778.00,2955.00,3327.00,3846.00,4218.00,4260.00,4302.00,4302.00,4302.00,4302.00
NY221,1149.00,1149.00,1149.00,1149.00,1332.00,1359.00,1452.00,1560.00,1716.00,1362.00,1497.00,1626.00,1749.00,1890.00,1476.00,1608.00,1770.00,1335.00,1356.00,1623.00,1944.00,2175.00,2196.00,2220.00,2220.00,2220.00,2220.00
NY222,1011.00,1011.00,1011.00,1011.00,1104.00,1173.00,1215.00,1263.00,1371.00,1176.00,1233.00,1293.00,1401.00,1527.00,1224.00,1284.00,1419.00,1110.00,1170.00,1290.00,1575.00,1782.00,1800.00,1818.00,1818.00,1818.00,1818.00
NY223,963.00,963.00,963.00,963.00,1044.00,1218.00,1356.00,1506.00,1656.00,1224.00,1419.00,1602.00,1677.00,1764.00,1389.00,1575.00,1692.00,1065.00,1215.00,1596.00,1800.00,1941.00,1959.00,1980.00,1980.00,1980.00,1980.00
NY225,1248.00,1248.00,1248.00,1248.00,1335.00,1464.00,1584.00,1719.00,1833.00,1467.00,1641.00,1803.00,1845.00,1896.00,1614.00,1779.00,1854.00,1350.00,1461.00,1797.00,1917.00,1998.00,2019.00,2040.00,2040.00,2040.00,2040.00
NY226,1065.00,1065.00,1065.00,1065.00,1167.00,1515.00,1629.00,1755.00,1884.00,1518.00,1680.00,1833.00,1905.00,1986.00,1656.00,1812.00,1917.00,1206.00,1509.00,1827.00,2019.00,2154.00,2175.00,2196.00,2196.00,2196.00,2196.00
NY349,1857.00,1857.00,1857.00,1857.00,2022.00,2673.00,2733.00,2799.00,3018.00,2676.00,2760.00,2844.00,3081.00,3363.00,2748.00,2832.00,3126.00,2094.00,2658.00,2841.00,3474.00,3930.00,3969.00,4008.00,4008.00,4008.00,4008.00
NY413,1827.00,1827.00,1827.00,1827.00,2130.00,2481.00,2562.00,2652.00,2733.00,2484.00,2598.00,2709.00,2742.00,2784.00,2580.00,2694.00,2748.00,2169.00,2472.00,2703.00,2799.00,2862.00,2892.00,2919.00,2919.00,2919.00,2919.00
NY444,936.00,936.00,936.00,936.00,1023.00,1215.00,1254.00,1299.00,1389.00,1218.00,1272.00,1329.00,1410.00,1509.00,1263.00,1320.00,1425.00,1044.00,1209.00,1326.00,1548.00,1707.00,1722.00,1740.00,1740.00,1740.00,1740.00
NY445,1416.00,1416.00,1416.00,1416.00,1539.00,1893.00,1938.00,1989.00,2121.00,1896.00,1959.00,2019.00,2160.00,2325.00,1950.00,2010.00,2184.00,1578.00,1887.00,2016.00,2388.00,2655.00,2682.00,2706.00,2706.00,2706.00,2706.00
OH227,885.00,885.00,885.00,885.00,939.00,1098.00,1149.00,1203.00,1275.00,1101.00,1170.00,1236.00,1290.00,1353.00,1158.00,1227.00,1299.00,957.00,1095.00,1233.00,1377.00,1476.00,1491.00,1506.00,1506.00,1506.00,1506.00
OH228,1173.00,1173.00,1173.00,1173.00,1251.00,1329.00,1362.00,1401.00,1467.00,1332.00,1380.00,1428.00,1482.00,1548.00,1371.00,1419.00,1494.00,1260.00,1326.00,1425.00,1575.00,1680.00,1698.00,1713.00,1713.00,1713.00,1713.00
OH229,1029.00,1029.00,1029.00,1029.00,1086.00,1134.00,1242.00,1365.00,1497.00,1137.00,1293.00,1443.00,1518.00,1608.00,1269.00,1419.00,1533.00,1089.00,1131.00,1437.00,1644.00,1791.00,1809.00,1827.00,1827.00,1827.00,1827.00
OH230,999.00,999.00,999.00,999.00,1092.00,1170.00,1200.00,1236.00,1374.00,1173.00,1215.00,1257.00,1416.00,1605.00,1209.00,1251.00,1446.00,1101.00,1167.00,1254.00,1677.00,1980.00,1998.00,2019.00,2019.00,2019.00,2019.00
OH231,900.00,900.00,900.00,900.00,969.00,1176.00,1293.00,1419.00,1563.00,1179.00,1344.00,1500.00,1590.00,1695.00,1320.00,1476.00,1605.00,990.00,1173.00,1494.00,1734.00,1905.00,1926.00,1944.00,1944.00,1944.00,1944.00
OH232,933.00,933.00,933.00,933.00,1047.00,1134.00,1158.00,1185.00,1269.00,1137.00,1170.00,1206.00,1293.00,1398.00,1164.00,1197.00,1308.00,1056.00,1131.00,1203.00,1437.00,1608.00,1623.00,1641.00,1641.00,1641.00,1641.00
OH233,747.00,747.00,747.00,747.00,813.00,900.00,921.00,945.00,987.00,903.00,930.00,963.00,996.00,1038.00,927.00,957.00,1002.00,822.00,897.00,960.00,1056.00,1122.00,1134.00,1146.00,1146.00,1146.00,1146.00
OH382,699.00,699.00,699.00,699.00,747.00,936.00,966.00,999.00,1047.00,939.00,981.00,1023.00,1056.00,1098.00,972.00,1017.00,1062.00,768.00,930.00,1020.00,1113.00,1179.00,1191.00,1203.00,1203.00,1203.00,1203.00
OH446,792.00,792.00,792.00,792.00,837.00,1020.00,1038.00,1059.00,1107.00,1023.00,1047.00,1074.00,1119.00,1173.00,1044.00,1068.00,1128.00,858.00,1017.00,1071.00,1194.00,1281.00,1296.00,1308.00,1308.00,1308.00,1308.00
OK235,753.00,753.00,753.00,753.00,822.00,1041.00,1059.00,1080.00,1137.00,1044.00,1068.00,1095.00,1155.00,1227.00,1065.00,1089.00,1167.00,846.00,1035.00,1092.00,1254.00,1368.00,1383.00,1395.00,1395.00,1395.00,1395.00
OK236,852.00,852.00,852.00,852.00,948.00,1041.00,1107.00,1179.00,1302.00,1044.00,1137.00,1224.00,1332.00,1458.00,1122.00,1212.00,1350.00,957.00,1038.00,1221.00,1506.00,1710.00,1728.00,1746.00,1746.00,1746.00,1746.00
OK237,903.00,903.00,903.00,903.00,966.00,1137.00,1221.00,1314.00,1410.00,1140.00,1260.00,1371.00,1425.00,1485.00,1239.00,1356.00,1434.00,987.00,1134.00,1368.00,1509.00,1608.00,1623.00,1638.00,1638.00,1638.00,1638.00
OK239,921.00,921.00,921.00,921.00,978.00,1158.00,1212.00,1269.00,1365.00,1161.00,1233.00,1305.00,1389.00,1488.00,1224.00,1293.00,1404.00,999.00,1155.00,1302.00,1524.00,1686.00,1701.00,1719.00,1719.00,1719.00,1719.00
OK240,840.00,840.00,840.00,840.00,912.00,1065.00,1143.00,1230.00,1338.00,1068.00,1179.00,1284.00,1359.00,1446.00,1161.00,1269.00,1371.00,930.00,1062.00,1281.00,1479.00,1617.00,1635.00,1650.00,1650.00,1650.00,1650.00
OR241,999.00,999.00,999.00,999.00,1083.00,1296.00,1341.00,1392.00,1500.00,1299.00,1362.00,1425.00,1530.00,1656.00,1353.00,1416.00,1548.00,1107.00,1293.00,1422.00,1704.00,1905.00,1926.00,1944.00,1944.00,1944.00,1944.00
OR242,849.00,849.00,849.00,849.00,948.00,1128.00,1194.00,1266.00,1371.00,1131.00,1224.00,1314.00,1389.00,1482.00,1209.00,1302.00,1404.00,966.00,1122.00,1311.00,1515.00,1662.00,1677.00,1695.00,1695.00,1695.00,1695.00
OR243,1134.00,1134.00,1134.00,1134.00,1248.00,1410.00,1485.00,1566.00,1692.00,1413.00,1518.00,1617.00,1719.00,1839.00,1503.00,1602.00,1737.00,1266.00,1407.00,1614.00,1887.00,2082.00,2103.00,2124.00,2124.00,2124.00,2124.00
OR244,927.00,927.00,927.00,927.00,1044.00,1239.00,1302.00,1368.00,1473.00,1242.00,1329.00,1413.00,1494.00,1590.00,1314.00,1401.00,1509.00,1065.00,1236.00,1410.00,1629.00,1785.00,1803.00,1821.00,1821.00,1821.00,1821.00
OR245,1044.00,1044.00,1044.00,1044.00,1170.00,1362.00,1410.00,1461.00,1560.00,1365.00,1431.00,1494.00,1584.00,1689.00,1422.00,1485.00,1599.00,1191.00,1359.00,1491.00,1728.00,1899.00,1917.00,1935.00,1935.00,1935.00,1935.00
OR246,1050.00,1050.00,1050.00,1050.00,1140.00,1209.00,1311.00,1425.00,1578.00,1212.00,1359.00,1500.00,1608.00,1737.00,1335.00,1479.00,1629.00,1146.00,1206.00,1494.00,1788.00,1995.00,2016.00,2034.00,2034.00,2034.00,2034.00
OR373,771.00,771.00,771.00,771.00,843.00,1083.00,1128.00,1176.00,1257.00,1086.00,1146.00,1206.00,1278.00,1362.00,1137.00,1197.00,1290.00,870.00,1077.00,1203.00,1392.00,1527.00,1542.00,1560.00,1560.00,1560.00,1560.00
PA247,1143.00,1143.00,1143.00,1143.00,1215.00,1293.00,1356.00,1425.00,1557.00,1296.00,1386.00,1470.00,1590.00,1731.00,1371.00,1458.00,1611.00,1224.00,1290.00,1464.00,1785.00,2016.00,2034.00,2055.00,2055.00,2055.00,2055.00
PA248,1482.00,1482.00,1482.00,1482.00,1623.00,1917.00,1977.00,2043.00,2136.00,1920.00,2004.00,2082.00,2157.00,2244.00,1989.00,2070.00,2172.00,1656.00,1911.00,2079.00,2277.00,2421.00,2445.00,2469.00,2469.00,2469.00,2469.00
PA249,1605.00,1605.00,1605.00,1605.00,1743.00,1968.00,2013.00,2061.00,2169.00,1971.00,2031.00,2094.00,2199.00,2322.00,2022.00,2082.00,2217.00,1770.00,1965.00,2091.00,2370.00,2571.00,2598.00,2622.00,2622.00,2622.00,2622.00
PA250,1410.00,1410.00,1410.00,1410.00,1578.00,1689.00,1728.00,1773.00,1914.00,1692.00,1746.00,1803.00,1956.00,2139.00,1737.00,1794.00,1986.00,1590.00,1686.00,1800.00,2208.00,2505.00,2529.00,2553.00,2553.00,2553.00,2553.00
PA251,987.00,987.00,987.00,987.00,1044.00,1296.00,1350.00,1410.00,1476.00,1299.00,1377.00,1449.00,1485.00,1527.00,1362.00,1437.00,1491.00,1074.00,1290.00,1446.00,1545.00,1614.00,1629.00,1644.00,1644.00,1644.00,1644.00
PA252,1113.00,1113.00,1113.00,1113.00,1161.00,1401.00,1503.00,1617.00,1758.00,1404.00,1551.00,1689.00,1785.00,1896.00,1527.00,1668.00,1800.00,1188.00,1395.00,1683.00,1941.00,2124.00,2145.00,2166.00,2166.00,2166.00,2166.00
PA253,879.00,879.00,879.00,879.00,921.00,1137.00,1197.00,1260.00,1344.00,1140.00,1221.00,1302.00,1359.00,1425.00,1209.00,1290.00,1368.00,945.00,1131.00,1299.00,1449.00,1557.00,1572.00,1587.00,1587.00,1587.00,1587.00
PA254,921.00,921.00,921.00,921.00,1008.00,1113.00,1128.00,1146.00,1212.00,1116.00,1134.00,1161.00,1233.00,1320.00,1131.00,1155.00,1245.00,1017.00,1110.00,1158.00,1356.00,1497.00,1512.00,1527.00,1527.00,1527.00,1527.00
PA255,1296.00,1296.00,1296.00,1296.00,1365.00,1500.00,1614.00,1737.00,1887.00,1503.00,1665.00,1818.00,1914.00,2028.00,1638.00,1794.00,1932.00,1380.00,1497.00,1812.00,2070.00,2256.00,2277.00,2301.00,2301.00,2301.00,2301.00
PA383,789.00,789.00,789.00,789.00,870.00,1047.00,1092.00,1143.00,1218.00,1050.00,1113.00,1173.00,1233.00,1305.00,1104.00,1164.00,1245.00,891.00,1044.00,1170.00,1332.00,1446.00,1458.00,1473.00,1473.00,1473.00,1473.00
RI256,1440.00,1440.00,1440.00,1440.00,1602.00,1959.00,2112.00,2280.00,2487.00,1962.00,2181.00,2388.00,2523.00,2682.00,2148.00,2358.00,2547.00,1641.00,1953.00,2379.00,2745.00,3003.00,3033.00,3063.00,3063.00,3063.00,3063.00
RI257,1368.00,1368.00,1368.00,1368.00,1485.00,1704.00,1776.00,1851.00,1989.00,1707.00,1806.00,1902.00,2022.00,2163.00,1791.00,1887.00,2043.00,1509.00,1698.00,1899.00,2220.00,2448.00,2472.00,2496.00,2496.00,2496.00,2496.00
SC258,1098.00,1098.00,1098.00,1098.00,1131.00,1335.00,1452.00,1578.00,1722.00,1338.00,1503.00,1659.00,1746.00,1848.00,1476.00,1635.00,1761.00,1152.00,1329.00,1653.00,1890.00,2055.00,2076.00,2097.00,2097.00,2097.00,2097.00
SC259,1146.00,1146.00,1146.00,1146.00,1230.00,1488.00,1539.00,1596.00,1707.00,1491.00,1563.00,1629.00,1734.00,1860.00,1551.00,1620.00,1755.00,1257.00,1485.00,1626.00,1908.00,2106.00,2127.00,2148.00,2148.00,2148.00,2148.00
SC260,1131.00,1131.00,1131.00,1131.00,1251.00,1371.00,1449.00,1533.00,1656.00,1374.00,1485.00,1587.00,1680.00,1791.00,1467.00,1572.00,1698.00,1263.00,1368.00,1584.00,1833.00,2010.00,2028.00,2049.00,2049.00,2049.00,2049.00
SC261,969.00,969.00,969.00,969.00,1068.00,1122.00,1197.00,1281.00,1398.00,1125.00,1230.00,1332.00,1422.00,1527.00,1215.00,1317.00,1437.00,1074.00,1119.00,1329.00,1569.00,1737.00,1755.00,1773.00,1773.00,1773.00,1773.00
SC262,1050.00,1050.00,1050.00,1050.00,1113.00,1233.00,1332.00,1440.00,1581.00,1236.00,1377.00,1509.00,1608.00,1722.00,1353.00,1491.00,1626.00,1128.00,1230.00,1503.00,1767.00,1953.00,1974.00,1992.00,1992.00,1992.00,1992.00
SC263,954.00,954.00,954.00,954.00,972.00,1155.00,1200.00,1248.00,1389.00,1158.00,1218.00,1278.00,1431.00,1611.00,1209.00,1269.00,1458.00,990.00,1152.00,1275.00,1680.00,1968.00,1989.00,2007.00,2007.00,2007.00,2007.00
SC375,882.00,882.00,882.00,882.00,900.00,1083.00,1170.00,1263.00,1371.00,1086.00,1206.00,1320.00,1389.00,1470.00,1188.00,1305.00,1401.00,918.00,1080.00,1317.00,1503.00,1635.00,1650.00,1668.00,1668.00,1668.00,1668.00
SD264,909.00,909.00,909.00,909.00,1008.00,1311.00,1323.00,1332.00,1371.00,1314.00,1329.00,1344.00,1386.00,1437.00,1326.00,1338.00,1392.00,1041.00,1305.00,1341.00,1458.00,1545.00,1560.00,1578.00,1578.00,1578.00,1578.00
SD265,885.00,885.00,885.00,885.00,966.00,1086.00,1164.00,1251.00,1368.00,1089.00,1200.00,1308.00,1389.00,1488.00,1182.00,1290.00,1404.00,978.00,1083.00,1302.00,1524.00,1683.00,1698.00,1716.00,1716.00,1716.00,1716.00
TN266,978.00,978.00,978.00,978.00,1035.00,1083.00,1164.00,1254.00,1395.00,1086.00,1203.00,1314.00,1428.00,1563.00,1182.00,1296.00,1449.00,1041.00,1080.00,1308.00,1614.00,1833.00,1851.00,1869.00,1869.00,1869.00,1869.00
TN267,1026.00,1026.00,1026.00,1026.00,1077.00,1185.00,1233.00,1284.00,1419.00,1188.00,1254.00,1320.00,1455.00,1617.00,1242.00,1308.00,1482.00,1089.00,1182.00,1317.00,1680.00,1941.00,1962.00,1980.00,1980.00,1980.00,1980.00
TN268,1215.00,1215.00,1215.00,1215.00,1329.00,1428.00,1464.00,1500.00,1584.00,1431.00,1479.00,1527.00,1608.00,1704.00,1470.00,1518.00,1620.00,1341.00,1425.00,1524.00,1740.00,1896.00,1914.00,1935.00,1935.00,1935.00,1935.00
TN269,1269.00,1269.00,1269.00,1269.00,1320.00,1356.00,1404.00,1455.00,1542.00,1359.00,1425.00,1488.00,1563.00,1647.00,1413.00,1479.00,1575.00,1323.00,1353.00,1485.00,1680.00,1818.00,1836.00,1854.00,1854.00,1854.00,1854.00
TN353,792.00,792.00,792.00,792.00,831.00,1146.00,1200.00,1257.00,1353.00,1149.00,1224.00,1296.00,1374.00,1464.00,1212.00,1284.00,1386.00,864.00,1140.00,1293.00,1500.00,1650.00,1668.00,1683.00,1683.00,1683.00,1683.00
TN354,747.00,747.00,747.00,747.00,816.00,990.00,1032.00,1080.00,1182.00,993.00,1053.00,1113.00,1206.00,1320.00,1044.00,1104.00,1224.00,834.00,987.00,1110.00,1365.00,1545.00,1560.00,1578.00,1578.00,1578.00,1578.00
TN449,885.00,885.00,885.00,885.00,921.00,1014.00,1044.00,1080.00,1179.00,1017.00,1059.00,1104.00,1206.00,1326.00,1053.00,1098.00,1224.00,930.00,1011.00,1101.00,1374.00,1569.00,1584.00,1599.00,1599.00,1599.00,1599.00
TX270,987.00,987.00,987.00,987.00,1047.00,1272.00,1308.00,1347.00,1461.00,1275.00,1323.00,1371.00,1494.00,1638.00,1317.00,1365.00,1515.00,1071.00,1269.00,1368.00,1695.00,1929.00,1947.00,1968.00,1968.00,1968.00,1968.00
TX271,894.00,894.00,894.00,894.00,972.00,1155.00,1260.00,1371.00,1512.00,1158.00,1305.00,1443.00,1539.00,1650.00,1281.00,1422.00,1557.00,990.00,1152.00,1437.00,1695.00,1878.00,1896.00,1914.00,1914.00,1914.00,1914.00
TX272,1125.00,1125.00,1125.00,1125.00,1197.00,1383.00,1392.00,1401.00,1485.00,1386.00,1398.00,1413.00,1515.00,1638.00,1395.00,1407.00,1533.00,1215.00,1377.00,1410.00,1689.00,1890.00,1908.00,1929.00,1929.00,1929.00,1929.00
TX273,1146.00,1146.00,1146.00,1146.00,1230.00,1494.00,1605.00,1728.00,1887.00,1497.00,1656.00,1809.00,1917.00,2049.00,1632.00,1785.00,1938.00,1257.00,1488.00,1803.00,2100.00,2310.00,2331.00,2355.00,2355.00,2355.00,2355.00
TX274,957.00,957.00,957.00,957.00,1053.00,1398.00,1449.00,1503.00,1608.00,1401.00,1470.00,1539.00,1632.00,1743.00,1458.00,1527.00,1650.00,1089.00,1389.00,1536.00,1788.00,1968.00,1989.00,2007.00,2007.00,2007.00,2007.00
TX275,1101.00,1101.00,1101.00,1101.00,1182.00,1497.00,1533.00,1572.00,1686.00,1500.00,1548.00,1599.00,1719.00,1860.00,1542.00,1590.00,1740.00,1218.00,1491.00,1596.00,1914.00,2142.00,2163.00,2184.00,2184.00,2184.00,2184.00
TX276,1098.00,1098.00,1098.00,1098.00,1179.00,1497.00,1533.00,1572.00,1668.00,1500.00,1548.00,1599.00,1698.00,1815.00,1539.00,1590.00,1716.00,1215.00,1491.00,1596.00,1860.00,2049.00,2070.00,2091.00,2091.00,2091.00,2091.00
TX277,1389.00,1389.00,1389.00,1389.00,1563.00,1602.00,1632.00,1665.00,1773.00,1605.00,1644.00,1686.00,1803.00,1944.00,1638.00,1680.00,1824.00,1569.00,1599.00,1683.00,1995.00,2220.00,2244.00,2265.00,2265.00,2265.00,2265.00
TX278,900.00,900.00,900.00,900.00,1047.00,1392.00,1428.00,1467.00,1578.00,1395.00,1443.00,1494.00,1608.00,1746.00,1437.00,1485.00,1629.00,1086.00,1386.00,1491.00,1800.00,2022.00,2043.00,2061.00,2061.00,2061.00,2061.00
TX279,930.00,930.00,930.00,930.00,984.00,1083.00,1215.00,1359.00,1497.00,1086.00,1275.00,1452.00,1512.00,1584.00,1245.00,1425.00,1524.00,993.00,1080.00,1446.00,1614.00,1731.00,1746.00,1764.00,1764.00,1764.00,1764.00
TX281,1005.00,1005.00,1005.00,1005.00,1158.00,1389.00,1434.00,1485.00,1614.00,1392.00,1455.00,1518.00,1650.00,1803.00,1446.00,1509.00,1674.00,1185.00,1383.00,1515.00,1863.00,2115.00,2136.00,2157.00,2157.00,2157.00,2157.00
TX282,1320.00,1320.00,1320.00,1320.00,1473.00,1755.00,1803.00,1854.00,1953.00,1758.00,1824.00,1884.00,1977.00,2085.00,1812.00,1875.00,1992.00,1503.00,1749.00,1881.00,2127.00,2301.00,2325.00,2349.00,2349.00,2349.00,2349.00
TX283,969.00,969.00,969.00,969.00,1041.00,1281.00,1341.00,1401.00,1512.00,1284.00,1365.00,1443.00,1536.00,1647.00,1353.00,1431.00,1554.00,1068.00,1278.00,1440.00,1692.00,1872.00,1890.00,1908.00,1908.00,1908.00,1908.00
TX284,918.00,918.00,918.00,918.00,1011.00,1272.00,1344.00,1419.00,1521.00,1275.00,1374.00,1470.00,1539.00,1623.00,1359.00,1455.00,1554.00,1041.00,1269.00,1464.00,1656.00,1791.00,1809.00,1827.00,1827.00,1827.00,1827.00
TX285,1179.00,1179.00,1179.00,1179.00,1257.00,1290.00,1329.00,1374.00,1479.00,1293.00,1350.00,1404.00,1506.00,1626.00,1341.00,1395.00,1524.00,1260.00,1287.00,1401.00,1671.00,1863.00,1884.00,1902.00,1902.00,1902.00,1902.00
TX286,945.00,945.00,945.00,945.00,1017.00,1098.00,1197.00,1302.00,1416.00,1101.00,1239.00,1368.00,1437.00,1515.00,1218.00,1350.00,1449.00,1026.00,1095.00,1365.00,1545.00,1671.00,1689.00,1704.00,1704.00,1704.00,1704.00
TX288,984.00,984.00,984.00,984.00,1116.00,1224.00,1359.00,1509.00,1680.00,1227.00,1422.00,1605.00,1707.00,1827.00,1392.00,1578.00,1725.00,1128.00,1221.00,1599.00,1875.00,2070.00,2091.00,2109.00,2109.00,2109.00,2109.00
TX356,1134.00,1134.00,1134.00,1134.00,1212.00,1272.00,1386.00,1509.00,1647.00,1275.00,1437.00,1590.00,1668.00,1764.00,1410.00,1566.00,1683.00,1218.00,1269.00,1584.00,1800.00,1953.00,1974.00,1992.00,1992.00,1992.00,1992.00
TX387,978.00,978.00,978.00,978.00,1044.00,1284.00,1344.00,1410.00,1545.00,1287.00,1371.00,1452.00,1578.00,1728.00,1359.00,1440.00,1602.00,1071.00,1281.00,1449.00,1785.00,2025.00,2046.00,2067.00,2067.00,2067.00,2067.00
TX415,996.00,996.00,996.00,996.00,1089.00,1299.00,1323.00,1350.00,1482.00,1302.00,1332.00,1368.00,1527.00,1716.00,1329.00,1359.00,1554.00,1113.00,1296.00,1365.00,1788.00,2094.00,2115.00,2136.00,2136.00,2136.00,2136.00
UT291,948.00,948.00,948.00,948.00,1008.00,1152.00,1233.00,1323.00,1413.00,1155.00,1272.00,1380.00,1425.00,1476.00,1254.00,1365.00,1434.00,1023.00,1149.00,1377.00,1497.00,1581.00,1596.00,1614.00,1614.00,1614.00,1614.00
UT292,1011.00,1011.00,1011.00,1011.00,1122.00,1272.00,1338.00,1410.00,1506.00,1275.00,1368.00,1458.00,1524.00,1605.00,1353.00,1443.00,1536.00,1137.00,1269.00,1452.00,1635.00,1764.00,1782.00,1800.00,1800.00,1800.00,1800.00
UT357,897.00,897.00,897.00,897.00,1002.00,1185.00,1230.00,1278.00,1383.00,1188.00,1251.00,1311.00,1413.00,1533.00,1239.00,1302.00,1431.00,1023.00,1179.00,1308.00,1581.00,1776.00,1794.00,1812.00,1812.00,1812.00,1812.00
VA295,1227.00,1227.00,1227.00,1227.00,1365.00,1461.00,1515.00,1575.00,1689.00,1464.00,1539.00,1611.00,1719.00,1845.00,1527.00,1602.00,1737.00,1377.00,1458.00,1608.00,1893.00,2094.00,2115.00,2136.00,2136.00,2136.00,2136.00
VA296,1416.00,1416.00,1416.00,1416.00,1500.00,1578.00,1704.00,1842.00,2001.00,1581.00,1761.00,1932.00,2028.00,2142.00,1734.00,1905.00,2046.00,1509.00,1575.00,1923.00,2184.00,2370.00,2394.00,2415.00,2415.00,2415.00,2415.00
VA297,1290.00,1290.00,1290.00,1290.00,1380.00,1554.00,1653.00,1761.00,1917.00,1557.00,1698.00,1830.00,1950.00,2094.00,1677.00,1812.00,1974.00,1398.00,1551.00,1824.00,2148.00,2376.00,2400.00,2424.00,2424.00,2424.00,2424.00
VA298,1359.00,1359.00,1359.00,1359.00,1500.00,1623.00,1728.00,1842.00,1965.00,1626.00,1776.00,1917.00,1983.00,2061.00,1752.00,1896.00,1995.00,1512.00,1620.00,1911.00,2091.00,2214.00,2238.00,2259.00,2259.00,2259.00,2259.00
VA300,1068.00,1068.00,1068.00,1068.00,1107.00,1197.00,1278.00,1368.00,1470.00,1200.00,1317.00,1425.00,1485.00,1557.00,1299.00,1410.00,1497.00,1116.00,1194.00,1422.00,1584.00,1698.00,1716.00,1731.00,1731.00,1731.00,1731.00
VA301,1215.00,1215.00,1215.00,1215.00,1290.00,1452.00,1500.00,1551.00,1647.00,1455.00,1521.00,1584.00,1668.00,1770.00,1509.00,1575.00,1686.00,1308.00,1449.00,1581.00,1809.00,1971.00,1992.00,2010.00,2010.00,2010.00,2010.00
VA302,1392.00,1392.00,1392.00,1392.00,1536.00,1866.00,1902.00,1944.00,2061.00,1869.00,1920.00,1971.00,2094.00,2241.00,1911.00,1962.00,2115.00,1572.00,1857.00,1968.00,2298.00,2532.00,2559.00,2583.00,2583.00,2583.00,2583.00
VA303,972.00,972.00,972.00,972.00,1068.00,1152.00,1221.00,1296.00,1401.00,1155.00,1251.00,1347.00,1422.00,1515.00,1236.00,1332.00,1437.00,1077.00,1149.00,1341.00,1551.00,1698.00,1713.00,1731.00,1731.00,1731.00,1731.00
VA362,885.00,885.00,885.00,885.00,999.00,1218.00,1239.00,1257.00,1323.00,1221.00,1245.00,1272.00,1344.00,1428.00,1242.00,1266.00,1356.00,1023.00,1215.00,1269.00,1461.00,1602.00,1617.00,1632.00,1632.00,1632.00,1632.00
VA368,1212.00,1212.00,1212.00,1212.00,1308.00,1671.00,1719.00,1773.00,1860.00,1674.00,1743.00,1809.00,1878.00,1962.00,1731.00,1800.00,1890.00,1347.00,1662.00,1806.00,1992.00,2124.00,2145.00,2169.00,2169.00,2169.00,2169.00
VT305,1416.00,1416.00,1416.00,1416.00,1587.00,1761.00,1854.00,1956.00,2088.00,1764.00,1896.00,2022.00,2112.00,2220.00,1875.00,2004.00,2130.00,1605.00,1758.00,2016.00,2262.00,2436.00,2460.00,2484.00,2484.00,2484.00,2484.00
WA306,1158.00,1158.00,1158.00,1158.00,1233.00,1365.00,1440.00,1521.00,1620.00,1368.00,1473.00,1575.00,1638.00,1713.00,1458.00,1560.00,1650.00,1248.00,1362.00,1569.00,1743.00,1866.00,1884.00,1902.00,1902.00,1902.00,1902.00
WA307,1167.00,1167.00,1167.00,1167.00,1263.00,1488.00,1569.00,1653.00,1758.00,1491.00,1602.00,1707.00,1776.00,1860.00,1584.00,1692.00,1791.00,1287.00,1485.00,1704.00,1890.00,2022.00,2043.00,2061.00,2061.00,2061.00,2061.00
WA308,960.00,960.00,960.00,960.00,1071.00,1242.00,1281.00,1323.00,1416.00,1245.00,1299.00,1350.00,1440.00,1551.00,1290.00,1341.00,1458.00,1092.00,1239.00,1347.00,1593.00,1767.00,1785.00,1803.00,1803.00,1803.00,1803.00
WA309,1335.00,1335.00,1335.00,1335.00,1452.00,1716.00,1827.00,1947.00,2103.00,1719.00,1875.00,2022.00,2133.00,2265.00,1851.00,2001.00,2154.00,1482.00,1710.00,2016.00,2316.00,2529.00,2553.00,2580.00,2580.00,2580.00,2580.00
WA310,969.00,969.00,969.00,969.00,1095.00,1203.00,1305.00,1416.00,1515.00,1206.00,1350.00,1488.00,1524.00,1569.00,1329.00,1470.00,1533.00,1107.00,1200.00,1482.00,1584.00,1653.00,1671.00,1686.00,1686.00,1686.00,1686.00
WA311,1218.00,1218.00,1218.00,1218.00,1371.00,1596.00,1665.00,1740.00,1836.00,1599.00,1695.00,1785.00,1854.00,1935.00,1680.00,1773.00,1866.00,1395.00,1593.00,1782.00,1965.00,2094.00,2115.00,2136.00,2136.00,2136.00,2136.00
WA312,1032.00,1032.00,1032.00,1032.00,1089.00,1266.00,1383.00,1512.00,1623.00,1269.00,1437.00,1593.00,1635.00,1683.00,1410.00,1569.00,1641.00,1110.00,1263.00,1587.00,1701.00,1782.00,1800.00,1818.00,1818.00,1818.00,1818.00
WA313,1119.00,1119.00,1119.00,1119.00,1224.00,1326.00,1377.00,1437.00,1527.00,1329.00,1401.00,1473.00,1545.00,1632.00,1389.00,1464.00,1560.00,1233.00,1323.00,1470.00,1665.00,1803.00,1821.00,1839.00,1839.00,1839.00,1839.00
WA315,870.00,870.00,870.00,870.00,954.00,1149.00,1179.00,1212.00,1272.00,1152.00,1194.00,1233.00,1290.00,1356.00,1185.00,1227.00,1299.00,975.00,1146.00,1230.00,1383.00,1491.00,1506.00,1521.00,1521.00,1521.00,1521.00
WI316,1239.00,1239.00,1239.00,1239.00,1314.00,1569.00,1614.00,1665.00,1779.00,1572.00,1635.00,1695.00,1812.00,1950.00,1623.00,1686.00,1833.00,1344.00,1563.00,1692.00,2001.00,2223.00,2247.00,2268.00,2268.00,2268.00,2268.00
WI317,1209.00,1209.00,1209.00,1209.00,1296.00,1404.00,1464.00,1530.00,1683.00,1407.00,1491.00,1572.00,1725.00,1908.00,1476.00,1560.00,1755.00,1308.00,1401.00,1569.00,1977.00,2274.00,2295.00,2319.00,2319.00,2319.00,2319.00
WI318,906.00,906.00,906.00,906.00,1005.00,1197.00,1263.00,1338.00,1425.00,1200.00,1293.00,1386.00,1440.00,1506.00,1278.00,1371.00,1449.00,1026.00,1191.00,1380.00,1530.00,1635.00,1650.00,1668.00,1668.00,1668.00,1668.00
WI319,798.00,798.00,798.00,798.00,867.00,1077.00,1116.00,1161.00,1266.00,1080.00,1137.00,1191.00,1293.00,1413.00,1128.00,1182.00,1311.00,891.00,1071.00,1188.00,1458.00,1653.00,1671.00,1686.00,1686.00,1686.00,1686.00
WI358,771.00,771.00,771.00,771.00,822.00,1149.00,1170.00,1194.00,1275.00,1152.00,1179.00,1212.00,1299.00,1404.00,1176.00,1206.00,1314.00,858.00,1143.00,1209.00,1446.00,1617.00,1635.00,1650.00,1650.00,1650.00,1650.00
WI359,786.00,786.00,786.00,786.00,843.00,1158.00,1188.00,1218.00,1305.00,1161.00,1200.00,1239.00,1329.00,1437.00,1194.00,1233.00,1347.00,876.00,1152.00,1236.00,1479.00,1653.00,1668.00,1686.00,1686.00,1686.00,1686.00
WI412,789.00,789.00,789.00,789.00,885.00,1092.00,1116.00,1143.00,1242.00,1095.00,1128.00,1161.00,1272.00,1407.00,1122.00,1155.00,1293.00,909.00,1086.00,1158.00,1458.00,1674.00,1692.00,1710.00,1710.00,1710.00,1710.00
WI453,909.00,909.00,909.00,909.00,1023.00,1188.00,1200.00,1215.00,1296.00,1191.00,1206.00,1230.00,1320.00,1434.00,1203.00,1224.00,1338.00,1041.00,1185.00,1227.00,1476.00,1659.00,1674.00,1692.00,1692.00,1692.00,1692.00
WV320,1020.00,1020.00,1020.00,1020.00,1140.00,1317.00,1431.00,1554.00,1713.00,1320.00,1482.00,1635.00,1743.00,1872.00,1455.00,1611.00,1761.00,1158.00,1314.00,1629.00,1920.00,2127.00,2148.00,2169.00,2169.00,2169.00,2169.00
WV322,936.00,936.00,936.00,936.00,963.00,1233.00,1248.00,1266.00,1341.00,1236.00,1257.00,1281.00,1365.00,1467.00,1254.00,1275.00,1380.00,993.00,1227.00,1278.00,1506.00,1671.00,1686.00,1704.00,1704.00,1704.00,1704.00
WV323,798.00,798.00,798.00,798.00,825.00,1218.00,1251.00,1290.00,1380.00,1221.00,1266.00,1314.00,1407.00,1515.00,1260.00,1308.00,1422.00,867.00,1209.00,1311.00,1557.00,1734.00,1752.00,1770.00,1770.00,1770.00,1770.00
WV360,753.00,753.00,753.00,753.00,813.00,933.00,990.00,1053.00,1122.00,936.00,1017.00,1092.00,1134.00,1182.00,1002.00,1083.00,1140.00,825.00,930.00,1089.00,1200.00,1275.00,1290.00,1302.00,1302.00,1302.00,1302.00
WV454,1125.00,1125.00,1125.00,1125.00,1203.00,1401.00,1527.00,1665.00,1794.00,1407.00,1584.00,1752.00,1809.00,1875.00,1557.00,1728.00,1818.00,1224.00,1398.00,1746.00,1902.00,2007.00,2028.00,2049.00,2049.00,2049.00,2049.00
WV455,861.00,861.00,861.00,861.00,879.00,1263.00,1299.00,1338.00,1395.00,1266.00,1317.00,1365.00,1404.00,1452.00,1308.00,1359.00,1413.00,921.00,1254.00,1362.00,1470.00,1548.00,1563.00,1578.00,1578.00,1578.00,1578.00
WV456,786.00,786.00,786.00,786.00,840.00,972.00,1029.00,1089.00,1164.00,975.00,1053.00,1125.00,1179.00,1242.00,1041.00,1116.00,1188.00,855.00,969.00,1122.00,1266.00,1368.00,1380.00,1395.00,1395.00,1395.00,1395.00
WY324,924.00,924.00,924.00,924.00,1080.00,1431.00,1449.00,1467.00,1515.00,1434.00,1455.00,1482.00,1530.00,1590.00,1452.00,1476.00,1539.00,1119.00,1425.00,1479.00,1614.00,1713.00,1728.00,1746.00,1746.00,1746.00,1746.00
ZZ510,753.00,753.00,753.00,753.00,813.00,966.00,1014.00,1062.00,1137.00,969.00,1032.00,1095.00,1152.00,1224.00,1023.00,1086.00,1164.00,831.00,963.00,1092.00,1251.00,1365.00,1377.00,1392.00,1392.00,1392.00,1392.00
ZZ520,768.00,768.00,768.00,768.00,831.00,987.00,1032.00,1083.00,1158.00,990.00,1053.00,1116.00,1176.00,1248.00,1044.00,1107.00,1185.00,846.00,984.00,1113.00,1275.00,1389.00,1404.00,1416.00,1416.00,1416.00,1416.00
ZZ530,783.00,783.00,783.00,783.00,846.00,1005.00,1053.00,1104.00,1182.00,1008.00,1074.00,1137.00,1197.00,1269.00,1062.00,1128.00,1209.00,864.00,1002.00,1134.00,1299.00,1416.00,1428.00,1443.00,1443.00,1443.00,1443.00
ZZ540,798.00,798.00,798.00,798.00,861.00,1023.00,1071.00,1125.00,1203.00,1026.00,1092.00,1158.00,1218.00,1293.00,1083.00,1149.00,1230.00,879.00,1020.00,1155.00,1323.00,1440.00,1455.00,1470.00,1470.00,1470.00,1470.00
ZZ550,810.00,810.00,810.00,810.00,879.00,1041.00,1089.00,1143.00,1224.00,1044.00,1113.00,1179.00,1242.00,1317.00,1101.00,1167.00,1254.00,897.00,1038.00,1176.00,1344.00,1467.00,1482.00,1494.00,1494.00,1494.00,1494.00
ZZ560,825.00,825.00,825.00,825.00,894.00,1059.00,1110.00,1164.00,1245.00,1062.00,1131.00,1200.00,1263.00,1341.00,1122.00,1188.00,1275.00,912.00,1056.00,1197.00,1368.00,1491.00,1506.00,1521.00,1521.00,1521.00,1521.00
ZZ570,840.00,840.00,840.00,840.00,909.00,1077.00,1128.00,1185.00,1269.00,1080.00,1152.00,1221.00,1287.00,1362.00,1140.00,1209.00,1296.00,927.00,1074.00,1218.00,1392.00,1518.00,1533.00,1548.00,1548.00,1548.00,1548.00
ZZ580,855.00,855.00,855.00,855.00,927.00,1098.00,1149.00,1206.00,1290.00,1101.00,1173.00,1242.00,1308.00,1386.00,1161.00,1230.00,1320.00,945.00,1095.00,1239.00,1416.00,1545.00,1560.00,1575.00,1575.00,1575.00,1575.00
ZZ590,870.00,870.00,870.00,870.00,942.00,1116.00,1167.00,1224.00,1311.00,1119.00,1191.00,1260.00,1329.00,1410.00,1179.00,1251.00,1341.00,960.00,1113.00,1257.00,1440.00,1569.00,1584.00,1599.00,1599.00,1599.00,1599.00
ZZ600,885.00,885.00,885.00,885.00,957.00,1134.00,1188.00,1245.00,1332.00,1137.00,1212.00,1281.00,1350.00,1431.00,1200.00,1272.00,1362.00,978.00,1131.00,1278.00,1464.00,1596.00,1611.00,1626.00,1626.00,1626.00,1626.00
ZZ610,900.00,900.00,900.00,900.00,975.00,1152.00,1206.00,1266.00,1353.00,1155.00,1230.00,1302.00,1374.00,1455.00,1218.00,1293.00,1386.00,993.00,1149.00,1299.00,1488.00,1620.00,1638.00,1653.00,1653.00,1653.00,1653.00
ZZ620,915.00,915.00,915.00,915.00,990.00,1170.00,1227.00,1287.00,1377.00,1173.00,1251.00,1323.00,1395.00,1479.00,1239.00,1314.00,1407.00,1011.00,1167.00,1320.00,1512.00,1647.00,1662.00,1680.00,1680.00,1680.00,1680.00
ZZ630,930.00,930.00,930.00,930.00,1005.00,1188.00,1245.00,1305.00,1398.00,1191.00,1269.00,1344.00,1416.00,1503.00,1257.00,1335.00,1431.00,1026.00,1185.00,1341.00,1536.00,1671.00,1689.00,1704.00,1704.00,1704.00,1704.00
ZZ640,945.00,945.00,945.00,945.00,1023.00,1206.00,1263.00,1326.00,1419.00,1209.00,1290.00,1365.00,1440.00,1524.00,1278.00,1356.00,1452.00,1041.00,1203.00,1362.00,1560.00,1698.00,1716.00,1731.00,1731.00,1731.00,1731.00
ZZ650,957.00,957.00,957.00,957.00,1038.00,1227.00,1284.00,1347.00,1440.00,1230.00,1311.00,1386.00,1461.00,1548.00,1296.00,1377.00,1476.00,1059.00,1221.00,1383.00,1581.00,1725.00,1740.00,1758.00,1758.00,1758.00,1758.00
ZZ660,972.00,972.00,972.00,972.00,1053.00,1245.00,1302.00,1368.00,1464.00,1248.00,1329.00,1407.00,1482.00,1572.00,1317.00,1398.00,1497.00,1074.00,1239.00,1404.00,1605.00,1749.00,1767.00,1785.00,1785.00,1785.00,1785.00
ZZ670,987.00,987.00,987.00,987.00,1071.00,1263.00,1323.00,1389.00,1485.00,1266.00,1350.00,1428.00,1506.00,1596.00,1335.00,1416.00,1518.00,1092.00,1260.00,1425.00,1629.00,1776.00,1794.00,1812.00,1812.00,1812.00,1812.00
ZZ680,1002.00,1002.00,1002.00,1002.00,1086.00,1281.00,1341.00,1407.00,1506.00,1284.00,1368.00,1449.00,1527.00,1617.00,1356.00,1437.00,1542.00,1107.00,1278.00,1446.00,1653.00,1800.00,1818.00,1836.00,1836.00,1836.00,1836.00
ZZ690,1017.00,1017.00,1017.00,1017.00,1101.00,1299.00,1362.00,1428.00,1527.00,1302.00,1389.00,1470.00,1548.00,1641.00,1374.00,1458.00,1563.00,1125.00,1296.00,1467.00,1677.00,1827.00,1845.00,1863.00,1863.00,1863.00,1863.00
ZZ700,1032.00,1032.00,1032.00,1032.00,1119.00,1317.00,1380.00,1449.00,1548.00,1320.00,1407.00,1491.00,1569.00,1665.00,1395.00,1479.00,1584.00,1140.00,1314.00,1488.00,1701.00,1851.00,1872.00,1890.00,1890.00,1890.00,1890.00
ZZ710,1047.00,1047.00,1047.00,1047.00,1134.00,1338.00,1401.00,1467.00,1572.00,1341.00,1428.00,1512.00,1593.00,1689.00,1413.00,1500.00,1608.00,1155.00,1332.00,1509.00,1725.00,1878.00,1896.00,1917.00,1917.00,1917.00,1917.00
ZZ720,1062.00,1062.00,1062.00,1062.00,1149.00,1356.00,1419.00,1488.00,1593.00,1359.00,1449.00,1533.00,1614.00,1710.00,1434.00,1521.00,1629.00,1173.00,1350.00,1530.00,1749.00,1905.00,1923.00,1941.00,1941.00,1941.00,1941.00
ZZ730,1077.00,1077.00,1077.00,1077.00,1167.00,1374.00,1440.00,1509.00,1614.00,1377.00,1467.00,1554.00,1638.00,1734.00,1452.00,1542.00,1653.00,1188.00,1371.00,1551.00,1773.00,1929.00,1947.00,1968.00,1968.00,1968.00,1968.00
ZZ740,1092.00,1092.00,1092.00,1092.00,1182.00,1392.00,1458.00,1530.00,1635.00,1395.00,1488.00,1575.00,1659.00,1758.00,1473.00,1563.00,1674.00,1206.00,1389.00,1572.00,1794.00,1956.00,1974.00,1995.00,1995.00,1995.00,1995.00
ZZ750,1104.00,1104.00,1104.00,1104.00,1197.00,1410.00,1479.00,1551.00,1659.00,1413.00,1506.00,1596.00,1680.00,1782.00,1491.00,1584.00,1695.00,1221.00,1407.00,1593.00,1818.00,1980.00,2001.00,2022.00,2022.00,2022.00,2022.00
ZZ760,1119.00,1119.00,1119.00,1119.00,1215.00,1428.00,1497.00,1569.00,1680.00,1431.00,1527.00,1617.00,1701.00,1803.00,1512.00,1602.00,1719.00,1239.00,1425.00,1611.00,1842.00,2007.00,2028.00,2046.00,2046.00,2046.00,2046.00
ZZ770,1134.00,1134.00,1134.00,1134.00,1230.00,1449.00,1515.00,1590.00,1701.00,1452.00,1545.00,1638.00,1725.00,1827.00,1530.00,1623.00,1740.00,1254.00,1443.00,1632.00,1866.00,2031.00,2052.00,2073.00,2073.00,2073.00,2073.00
ZZ780,1149.00,1149.00,1149.00,1149.00,1245.00,1467.00,1536.00,1611.00,1722.00,1470.00,1566.00,1659.00,1746.00,1851.00,1551.00,1644.00,1761.00,1269.00,1461.00,1653.00,1890.00,2058.00,2079.00,2100.00,2100.00,2100.00,2100.00
ZZ790,1164.00,1164.00,1164.00,1164.00,1263.00,1485.00,1554.00,1632.00,1743.00,1488.00,1587.00,1680.00,1767.00,1872.00,1569.00,1665.00,1785.00,1287.00,1482.00,1674.00,1914.00,2085.00,2106.00,2127.00,2127.00,2127.00,2127.00
ZZ800,1179.00,1179.00,1179.00,1179.00,1278.00,1503.00,1575.00,1650.00,1764.00,1506.00,1605.00,1701.00,1791.00,1896.00,1590.00,1686.00,1806.00,1302.00,1500.00,1695.00,1938.00,2109.00,2130.00,2151.00,2151.00,2151.00,2151.00
ZZ810,1194.00,1194.00,1194.00,1194.00,1293.00,1521.00,1593.00,1671.00,1788.00,1524.00,1626.00,1722.00,1812.00,1920.00,1611.00,1707.00,1830.00,1320.00,1518.00,1716.00,1962.00,2136.00,2157.00,2178.00,2178.00,2178.00,2178.00
ZZ820,1209.00,1209.00,1209.00,1209.00,1311.00,1539.00,1614.00,1692.00,1809.00,1542.00,1644.00,1743.00,1833.00,1944.00,1629.00,1728.00,1851.00,1335.00,1536.00,1737.00,1986.00,2160.00,2184.00,2205.00,2205.00,2205.00,2205.00
ZZ830,1224.00,1224.00,1224.00,1224.00,1326.00,1560.00,1632.00,1713.00,1830.00,1563.00,1665.00,1764.00,1857.00,1968.00,1650.00,1749.00,1872.00,1353.00,1554.00,1758.00,2010.00,2187.00,2208.00,2232.00,2232.00,2232.00,2232.00
ZZ840,1239.00,1239.00,1239.00,1239.00,1341.00,1578.00,1653.00,1731.00,1851.00,1581.00,1686.00,1785.00,1878.00,1989.00,1668.00,1770.00,1896.00,1368.00,1572.00,1779.00,2031.00,2211.00,2235.00,2256.00,2256.00,2256.00,2256.00
ZZ850,1251.00,1251.00,1251.00,1251.00,1359.00,1596.00,1671.00,1752.00,1872.00,1599.00,1704.00,1803.00,1899.00,2013.00,1689.00,1788.00,1917.00,1383.00,1590.00,1800.00,2055.00,2238.00,2259.00,2283.00,2283.00,2283.00,2283.00
ZZ860,1266.00,1266.00,1266.00,1266.00,1374.00,1614.00,1689.00,1773.00,1896.00,1617.00,1725.00,1824.00,1923.00,2037.00,1707.00,1809.00,1938.00,1401.00,1608.00,1821.00,2079.00,2265.00,2286.00,2310.00,2310.00,2310.00,2310.00
ZZ870,1281.00,1281.00,1281.00,1281.00,1389.00,1632.00,1710.00,1794.00,1917.00,1635.00,1743.00,1845.00,1944.00,2058.00,1725.00,1830.00,1962.00,1416.00,1626.00,1842.00,2103.00,2289.00,2313.00,2337.00,2337.00,2337.00,2337.00
ZZ880,1296.00,1296.00,1296.00,1296.00,1407.00,1650.00,1728.00,1812.00,1938.00,1653.00,1764.00,1866.00,1965.00,2082.00,1746.00,1851.00,1983.00,1434.00,1647.00,1863.00,2127.00,2316.00,2337.00,2361.00,2361.00,2361.00,2361.00
ZZ890,1311.00,1311.00,1311.00,1311.00,1422.00,1668.00,1749.00,1833.00,1959.00,1671.00,1782.00,1887.00,1989.00,2106.00,1764.00,1872.00,2007.00,1449.00,1665.00,1884.00,2151.00,2340.00,2364.00,2388.00,2388.00,2388.00,2388.00
