AK400,1134.00,1134.00,1134.00,1134.00,1425.00,1450.00,1492.00,1546.00,1612.00,1450.00,1514.00,1579.00,1624.00,1676.00,1503.00,1569.00,1632.00,1427.00,1449.00,1577.00,1698.00,1783.00,1798.00,1819.00
AK401,1159.00,1159.00,1159.00,1159.00,1347.00,1431.00,1489.00,1554.00,1634.00,1431.00,1516.00,1594.00,1649.00,1713.00,1502.00,1582.00,1659.00,1356.00,1429.00,1591.00,1740.00,1862.00,1877.00,1899.00
AK402,1197.00,1197.00,1197.00,1197.00,1524.00,1591.00,1639.00,1692.00,1755.00,1592.00,1661.00,1724.00,1767.00,1816.00,1649.00,1715.00,1774.00,1531.00,1590.00,1722.00,1836.00,1916.00,1932.00,1954.00
AK403,1297.00,1297.00,1297.00,1297.00,1418.00,1506.00,1568.00,1636.00,1732.00,1507.00,1596.00,1678.00,1753.00,1839.00,1581.00,1666.00,1766.00,1428.00,1504.00,1675.00,1875.00,2015.00,2032.00,2055.00
AK404,1107.00,1107.00,1107.00,1107.00,1256.00,1435.00,1560.00,1696.00,1820.00,1437.00,1617.00,1781.00,1835.00,1897.00,1587.00,1756.00,1844.00,1276.00,1431.00,1775.00,1923.00,2023.00,2040.00,2064.00
AK405,1016.00,1016.00,1016.00,1016.00,1179.00,1287.00,1362.00,1445.00,1547.00,1288.00,1397.00,1496.00,1567.00,1648.00,1378.00,1481.00,1579.00,1191.00,1284.00,1492.00,1683.00,1815.00,1830.00,1851.00
AL001,583.00,583.00,583.00,583.00,594.00,746.00,762.00,779.00,815.00,746.00,769.00,789.00,824.00,865.00,765.00,786.00,831.00,611.00,743.00,789.00,882.00,948.00,956.00,967.00
AL002,539.00,539.00,539.00,539.00,595.00,811.00,846.00,884.00,922.00,812.00,861.00,907.00,928.00,951.00,853.00,900.00,931.00,619.00,806.00,906.00,961.00,999.00,1007.00,1019.00
AL003,598.00,598.00,598.00,598.00,674.00,770.00,830.00,895.00,989.00,771.00,857.00,936.00,1010.00,1094.00,843.00,924.00,1023.00,685.00,768.00,933.00,1130.00,1268.00,1279.00,1293.00
AL004,705.00,705.00,705.00,705.00,733.00,772.00,807.00,845.00,930.00,773.00,823.00,869.00,953.00,1050.00,815.00,862.00,968.00,737.00,771.00,868.00,1091.00,1249.00,1259.00,1274.00
AL005,730.00,730.00,730.00,730.00,776.00,847.00,953.00,1070.00,1165.00,849.00,1001.00,1142.00,1174.00,1210.00,976.00,1121.00,1179.00,784.00,846.00,1137.00,1226.00,1285.00,1296.00,1311.00
AL006,739.00,739.00,739.00,739.00,848.00,926.00,962.00,1002.00,1052.00,927.00,978.00,1026.00,1062.00,1104.00,970.00,1019.00,1069.00,857.00,924.00,1024.00,1121.00,1189.00,1199.00,1213.00
AL007,772.00,772.00,772.00,772.00,877.00,967.00,1093.00,1231.00,1331.00,969.00,1149.00,1316.00,1337.00,1360.00,1120.00,1291.00,1340.00,887.00,965.00,1310.00,1370.00,1408.00,1420.00,1436.00
AL008,698.00,698.00,698.00,698.00,768.00,892.00,946.00,1005.00,1055.00,893.00,970.00,1042.00,1059.00,1079.00,958.00,1031.00,1063.00,782.00,889.00,1040.00,1088.00,1120.00,1129.00,1142.00
AR010,640.00,640.00,640.00,640.00,671.00,867.00,883.00,900.00,929.00,867.00,890.00,910.00,936.00,966.00,886.00,907.00,941.00,693.00,863.00,910.00,979.00,1028.00,1037.00,1049.00
AR011,622.00,622.00,622.00,622.00,675.00,792.00,826.00,862.00,901.00,793.00,841.00,885.00,907.00,931.00,833.00,879.00,910.00,688.00,789.00,884.00,942.00,982.00,990.00,1002.00
AR012,577.00,577.00,577.00,577.00,620.00,741.00,771.00,803.00,862.00,742.00,784.00,823.00,877.00,939.00,777.00,817.00,886.00,633.00,738.00,822.00,965.00,1066.00,1075.00,1087.00
AR411,772.00,772.00,772.00,772.00,832.00,960.00,1042.00,1132.00,1219.00,961.00,1079.00,1188.00,1231.00,1280.00,1060.00,1172.00,1238.00,846.00,957.00,1184.00,1301.00,1381.00,1392.00,1409.00
AR419,582.00,582.00,582.00,582.00,649.00,708.00,729.00,752.00,806.00,708.00,738.00,766.00,821.00,883.00,734.00,762.00,830.00,655.00,707.00,765.00,910.00,1012.00,1020.00,1044.00
AZ013,886.00,886.00,886.00,886.00,962.00,1055.00,1107.00,1164.00,1223.00,1056.00,1130.00,1199.00,1232.00,1270.00,1118.00,1189.00,1238.00,972.00,1053.00,1197.00,1286.00,1347.00,1358.00,1374.00
AZ014,699.00,699.00,699.00,699.00,798.00,931.00,980.00,1033.00,1100.00,932.00,1002.00,1066.00,1113.00,1166.00,990.00,1057.00,1121.00,806.00,928.00,1064.00,1189.00,1276.00,1287.00,1302.00
AZ015,830.00,830.00,830.00,830.00,962.00,1090.00,1103.00,1117.00,1174.00,1090.00,1108.00,1129.00,1191.00,1262.00,1105.00,1123.00,1202.00,976.00,1087.00,1127.00,1292.00,1408.00,1420.00,1436.00
AZ016,796.00,796.00,796.00,796.00,852.00,990.00,1032.00,1078.00,1130.00,991.00,1051.00,1106.00,1139.00,1177.00,1041.00,1098.00,1145.00,867.00,987.00,1104.00,1193.00,1255.00,1265.00,1280.00
CA018,1489.00,1489.00,1489.00,1489.00,1668.00,2077.00,2185.00,2304.00,2445.00,2079.00,2234.00,2378.00,2470.00,2576.00,2209.00,2357.00,2486.00,1714.00,2068.00,2373.00,2621.00,2793.00,2816.00,2849.00
CA019,2153.00,2153.00,2153.00,2153.00,2332.00,2656.00,2731.00,2814.00,2946.00,2658.00,2765.00,2865.00,2977.00,3107.00,2747.00,2850.00,2997.00,2369.00,2649.00,2861.00,3162.00,3374.00,3402.00,3441.00
CA021,691.00,691.00,691.00,691.00,762.00,886.00,941.00,1001.00,1088.00,887.00,965.00,1038.00,1107.00,1186.00,953.00,1027.00,1119.00,776.00,883.00,1036.00,1219.00,1348.00,1359.00,1375.00
CA022,867.00,867.00,867.00,867.00,946.00,1043.00,1145.00,1257.00,1357.00,1045.00,1191.00,1326.00,1369.00,1419.00,1167.00,1306.00,1377.00,957.00,1041.00,1321.00,1440.00,1521.00,1534.00,1551.00
CA023,793.00,793.00,793.00,793.00,899.00,997.00,1069.00,1147.00,1212.00,998.00,1101.00,1196.00,1217.00,1242.00,1084.00,1182.00,1221.00,910.00,995.00,1193.00,1252.00,1354.00,1365.00,1381.00
CA024,1148.00,1148.00,1148.00,1148.00,1235.00,1429.00,1552.00,1687.00,1817.00,1431.00,1607.00,1770.00,1834.00,1908.00,1578.00,1746.00,1846.00,1257.00,1425.00,1764.00,1940.00,2060.00,2077.00,2101.00
CA025,1352.00,1352.00,1352.00,1352.00,1391.00,1695.00,1810.00,1937.00,2062.00,1697.00,1862.00,2015.00,2079.00,2153.00,1835.00,1992.00,2091.00,1415.00,1688.00,2010.00,2185.00,2305.00,2324.00,2351.00
CA026,1065.00,1065.00,1065.00,1065.00,1173.00,1410.00,1468.00,1532.00,1599.00,1411.00,1495.00,1572.00,1609.00,1656.00,1481.00,1561.00,1616.00,1200.00,1405.00,1569.00,1692.00,1829.00,1844.00,1866.00
CA027,1405.00,1405.00,1405.00,1405.00,1542.00,1974.00,1983.00,2074.00,2259.00,1974.00,2016.00,2177.00,2291.00,2471.00,1999.00,2147.00,2312.00,1583.00,1963.00,2169.00,2582.00,3010.00,3035.00,3070.00
CA028,798.00,798.00,798.00,798.00,899.00,980.00,1009.00,1041.00,1081.00,981.00,1022.00,1060.00,1089.00,1122.00,1015.00,1055.00,1094.00,908.00,978.00,1059.00,1136.00,1190.00,1200.00,1214.00
CA030,775.00,775.00,775.00,775.00,821.00,903.00,944.00,988.00,1051.00,904.00,962.00,1025.00,1061.00,1101.00,953.00,1014.00,1067.00,830.00,901.00,1022.00,1119.00,1185.00,1195.00,1209.00
CA031,967.00,967.00,967.00,967.00,1066.00,1227.00,1285.00,1349.00,1423.00,1228.00,1311.00,1388.00,1436.00,1491.00,1298.00,1377.00,1444.00,1084.00,1223.00,1385.00,1514.00,1603.00,1616.00,1635.00
CA032,618.00,618.00,618.00,618.00,673.00,787.00,827.00,890.00,967.00,788.00,849.00,933.00,980.00,1033.00,836.00,921.00,988.00,686.00,785.00,930.00,1056.00,1143.00,1152.00,1166.00
CA033,913.00,913.00,913.00,913.00,1033.00,1168.00,1275.00,1392.00,1500.00,1170.00,1323.00,1465.00,1513.00,1568.00,1298.00,1444.00,1521.00,1048.00,1165.00,1460.00,1591.00,1680.00,1694.00,1714.00
CA034,1157.00,1157.00,1157.00,1157.00,1348.00,1530.00,1608.00,1693.00,1771.00,1531.00,1643.00,1746.00,1781.00,1821.00,1625.00,1731.00,1787.00,1368.00,1526.00,1742.00,1839.00,1983.00,1999.00,2023.00
CA035,955.00,955.00,955.00,955.00,1040.00,1258.00,1324.00,1397.00,1485.00,1259.00,1354.00,1442.00,1501.00,1570.00,1339.00,1429.00,1512.00,1065.00,1253.00,1439.00,1599.00,1710.00,1724.00,1744.00
CA036,1260.00,1260.00,1260.00,1260.00,1343.00,1528.00,1589.00,1657.00,1755.00,1529.00,1617.00,1728.00,1773.00,1860.00,1603.00,1707.00,1787.00,1364.00,1524.00,1723.00,1897.00,2038.00,2055.00,2079.00
CA037,1425.00,1425.00,1425.00,1425.00,1533.00,1813.00,1879.00,1973.00,2090.00,1814.00,1908.00,2044.00,2108.00,2201.00,1893.00,2023.00,2119.00,1558.00,1803.00,2039.00,2247.00,2426.00,2446.00,2474.00
CA038,1275.00,1275.00,1275.00,1275.00,1416.00,1700.00,1767.00,1840.00,1948.00,1701.00,1797.00,1885.00,1972.00,2072.00,1781.00,1872.00,1988.00,1448.00,1694.00,1882.00,2115.00,2278.00,2297.00,2324.00
CA039,1340.00,1340.00,1340.00,1340.00,1525.00,1799.00,1979.00,2177.00,2315.00,1802.00,2060.00,2300.00,2321.00,2344.00,2018.00,2264.00,2324.00,1556.00,1793.00,2291.00,2355.00,2432.00,2452.00,2481.00
CA040,771.00,771.00,771.00,771.00,867.00,958.00,1044.00,1139.00,1235.00,960.00,1083.00,1197.00,1249.00,1310.00,1063.00,1180.00,1259.00,877.00,956.00,1193.00,1335.00,1433.00,1445.00,1462.00
CA041,982.00,982.00,982.00,982.00,1069.00,1312.00,1380.00,1456.00,1540.00,1313.00,1411.00,1502.00,1554.00,1615.00,1395.00,1489.00,1564.00,1096.00,1307.00,1499.00,1640.00,1738.00,1752.00,1773.00
CA042,802.00,802.00,802.00,802.00,882.00,1040.00,1150.00,1271.00,1379.00,1042.00,1200.00,1346.00,1391.00,1443.00,1174.00,1324.00,1399.00,900.00,1037.00,1341.00,1465.00,1550.00,1563.00,1581.00
CA044,2059.00,2059.00,2059.00,2059.00,2207.00,2366.00,2502.00,2652.00,2824.00,2369.00,2564.00,2745.00,2855.00,2982.00,2532.00,2718.00,2874.00,2225.00,2363.00,2738.00,3035.00,3242.00,3268.00,3307.00
CA392,1281.00,1281.00,1281.00,1281.00,1399.00,1666.00,1753.00,1848.00,1942.00,1668.00,1792.00,1907.00,1955.00,2011.00,1772.00,1890.00,1964.00,1429.00,1660.00,1903.00,2034.00,2124.00,2142.00,2167.00
CA393,894.00,894.00,894.00,894.00,943.00,1197.00,1272.00,1355.00,1451.00,1198.00,1306.00,1406.00,1469.00,1541.00,1289.00,1391.00,1480.00,972.00,1191.00,1403.00,1572.00,1689.00,1703.00,1723.00
CA420,879.00,879.00,879.00,879.00,946.00,1114.00,1202.00,1299.00,1378.00,1116.00,1242.00,1359.00,1386.00,1416.00,1221.00,1342.00,1390.00,965.00,1110.00,1355.00,1429.00,1479.00,1491.00,1509.00
CA421,913.00,913.00,913.00,913.00,977.00,1264.00,1350.00,1445.00,1543.00,1266.00,1389.00,1503.00,1558.00,1622.00,1369.00,1486.00,1568.00,1009.00,1258.00,1499.00,1649.00,1752.00,1766.00,1787.00
CA457,1003.00,1003.00,1003.00,1003.00,1069.00,1168.00,1268.00,1378.00,1468.00,1170.00,1313.00,1446.00,1476.00,1511.00,1290.00,1426.00,1482.00,1080.00,1166.00,1441.00,1526.00,1582.00,1595.00,1614.00
CO045,981.00,981.00,981.00,981.00,1065.00,1235.00,1311.00,1408.00,1483.00,1236.00,1350.00,1468.00,1488.00,1512.00,1330.00,1450.00,1492.00,1079.00,1230.00,1464.00,1522.00,1585.00,1598.00,1616.00
CO046,772.00,772.00,772.00,772.00,865.00,1029.00,1079.00,1134.00,1191.00,1030.00,1102.00,1168.00,1200.00,1236.00,1090.00,1158.00,1205.00,882.00,1025.00,1166.00,1251.00,1310.00,1321.00,1336.00
CO047,827.00,827.00,827.00,827.00,872.00,1033.00,1131.00,1238.00,1318.00,1035.00,1174.00,1304.00,1323.00,1345.00,1152.00,1285.00,1327.00,888.00,1029.00,1299.00,1354.00,1405.00,1416.00,1433.00
CO422,1151.00,1151.00,1151.00,1151.00,1320.00,1501.00,1524.00,1549.00,1624.00,1502.00,1534.00,1579.00,1648.00,1744.00,1529.00,1564.00,1663.00,1340.00,1497.00,1575.00,1785.00,1942.00,1958.00,1981.00
CT049,1049.00,1049.00,1049.00,1049.00,1125.00,1370.00,1463.00,1565.00,1655.00,1372.00,1505.00,1628.00,1665.00,1707.00,1483.00,1610.00,1671.00,1153.00,1365.00,1624.00,1725.00,1794.00,1809.00,1830.00
CT050,1026.00,1026.00,1026.00,1026.00,1104.00,1250.00,1331.00,1421.00,1534.00,1251.00,1368.00,1476.00,1556.00,1648.00,1349.00,1460.00,1570.00,1118.00,1245.00,1472.00,1687.00,1836.00,1851.00,1873.00
CT051,1455.00,1455.00,1455.00,1455.00,1553.00,1822.00,1972.00,2137.00,2268.00,1825.00,2039.00,2239.00,2280.00,2326.00,2004.00,2209.00,2287.00,1558.00,1814.00,2232.00,2346.00,2422.00,2442.00,2471.00
DC053,1303.00,1303.00,1303.00,1303.00,1415.00,1758.00,1849.00,1948.00,2053.00,1760.00,1889.00,2010.00,2073.00,2156.00,1868.00,1992.00,2086.00,1454.00,1750.00,2006.00,2191.00,2326.00,2345.00,2372.00
DE054,911.00,911.00,911.00,911.00,1004.00,1054.00,1094.00,1139.00,1200.00,1055.00,1113.00,1166.00,1213.00,1268.00,1103.00,1158.00,1222.00,1009.00,1053.00,1164.00,1291.00,1379.00,1390.00,1407.00
DE055,873.00,873.00,873.00,873.00,981.00,1023.00,1039.00,1056.00,1101.00,1023.00,1046.00,1066.00,1114.00,1169.00,1042.00,1063.00,1122.00,986.00,1022.00,1066.00,1192.00,1281.00,1292.00,1307.00
FL056,703.00,703.00,703.00,703.00,754.00,879.00,924.00,973.00,1044.00,880.00,944.00,1003.00,1060.00,1126.00,933.00,994.00,1070.00,768.00,876.00,1001.00,1153.00,1260.00,1270.00,1285.00
FL057,817.00,817.00,817.00,817.00,897.00,980.00,1017.00,1057.00,1135.00,981.00,1033.00,1082.00,1155.00,1239.00,1025.00,1075.00,1168.00,906.00,978.00,1080.00,1275.00,1412.00,1424.00,1440.00
FL058,869.00,869.00,869.00,869.00,928.00,1028.00,1044.00,1061.00,1135.00,1028.00,1051.00,1076.00,1159.00,1259.00,1047.00,1069.00,1174.00,939.00,1026.00,1074.00,1301.00,1463.00,1475.00,1492.00
FL059,813.00,813.00,813.00,813.00,942.00,1196.00,1264.00,1338.00,1410.00,1197.00,1294.00,1384.00,1420.00,1462.00,1278.00,1371.00,1427.00,971.00,1190.00,1381.00,1480.00,1548.00,1561.00,1579.00
FL061,1220.00,1220.00,1220.00,1220.00,1365.00,1578.00,1700.00,1835.00,1989.00,1580.00,1755.00,1918.00,2016.00,2197.00,1727.00,1894.00,2034.00,1389.00,1573.00,1912.00,2283.00,2615.00,2637.00,2667.00
FL062,868.00,868.00,868.00,868.00,907.00,1066.00,1135.00,1210.00,1309.00,1067.00,1166.00,1257.00,1330.00,1413.00,1150.00,1244.00,1342.00,916.00,1062.00,1254.00,1448.00,1584.00,1597.00,1616.00
FL063,745.00,745.00,745.00,745.00,803.00,846.00,918.00,996.00,1082.00,847.00,950.00,1045.00,1097.00,1156.00,933.00,1031.00,1106.00,808.00,845.00,1042.00,1181.00,1278.00,1289.00,1304.00
FL064,724.00,724.00,724.00,724.00,758.00,903.00,919.00,936.00,989.00,903.00,926.00,947.00,1005.00,1072.00,922.00,944.00,1015.00,774.00,900.00,946.00,1100.00,1209.00,1219.00,1233.00
FL065,854.00,854.00,854.00,854.00,913.00,1028.00,1048.00,1070.00,1134.00,1028.00,1057.00,1084.00,1154.00,1234.00,1053.00,1080.00,1166.00,926.00,1026.00,1083.00,1268.00,1398.00,1410.00,1426.00
FL066,920.00,920.00,920.00,920.00,1034.00,1116.00,1154.00,1196.00,1275.00,1117.00,1171.00,1222.00,1300.00,1403.00,1163.00,1215.00,1316.00,1043.00,1114.00,1220.00,1447.00,1618.00,1631.00,1650.00
FL067,1059.00,1059.00,1059.00,1059.00,1163.00,1401.00,1455.00,1551.00,1712.00,1402.00,1494.00,1611.00,1753.00,1927.00,1474.00,1593.00,1780.00,1178.00,1395.00,1607.00,2001.00,2283.00,2302.00,2329.00
FL068,718.00,718.00,718.00,718.00,756.00,909.00,950.00,996.00,1069.00,910.00,969.00,1024.00,1086.00,1157.00,959.00,1016.00,1097.00,773.00,906.00,1022.00,1187.00,1302.00,1313.00,1328.00
FL069,1601.00,1601.00,1601.00,1601.00,1751.00,1948.00,2112.00,2292.00,2409.00,1951.00,2185.00,2403.00,2411.00,2419.00,2147.00,2371.00,2412.00,1773.00,1944.00,2395.00,2422.00,2449.00,2469.00,2498.00
FL070,775.00,775.00,775.00,775.00,805.00,1018.00,1057.00,1100.00,1161.00,1019.00,1074.00,1126.00,1174.00,1229.00,1065.00,1119.00,1182.00,819.00,1013.00,1124.00,1252.00,1341.00,1352.00,1368.00
FL397,735.00,735.00,735.00,735.00,834.00,923.00,955.00,990.00,1037.00,924.00,969.00,1011.00,1050.00,1106.00,962.00,1005.00,1059.00,844.00,921.00,1010.00,1130.00,1220.00,1230.00,1244.00
FL423,773.00,773.00,773.00,773.00,827.00,986.00,1043.00,1105.00,1192.00,987.00,1069.00,1144.00,1210.00,1286.00,1055.00,1133.00,1222.00,845.00,983.00,1141.00,1318.00,1441.00,1453.00,1470.00
FL424,892.00,892.00,892.00,892.00,975.00,1148.00,1211.00,1281.00,1370.00,1149.00,1240.00,1324.00,1388.00,1461.00,1225.00,1312.00,1399.00,986.00,1143.00,1321.00,1492.00,1612.00,1625.00,1644.00
GA071,1031.00,1031.00,1031.00,1031.00,1129.00,1281.00,1311.00,1345.00,1443.00,1282.00,1324.00,1388.00,1464.00,1552.00,1317.00,1376.00,1478.00,1140.00,1277.00,1385.00,1589.00,1775.00,1790.00,1810.00
GA072,619.00,619.00,619.00,619.00,651.00,722.00,759.00,800.00,868.00,723.00,776.00,825.00,885.00,953.00,767.00,818.00,895.00,659.00,721.00,823.00,982.00,1094.00,1103.00,1116.00
GA073,773.00,773.00,773.00,773.00,813.00,864.00,921.00,983.00,1051.00,865.00,947.00,1022.00,1062.00,1108.00,933.00,1011.00,1069.00,819.00,863.00,1019.00,1128.00,1203.00,1213.00,1227.00
GA074,638.00,638.00,638.00,638.00,688.00,751.00,792.00,844.00,915.00,752.00,813.00,876.00,930.00,992.00,802.00,867.00,939.00,694.00,747.00,874.00,1018.00,1118.00,1127.00,1140.00
GA075,828.00,828.00,828.00,828.00,903.00,1052.00,1089.00,1129.00,1188.00,1053.00,1105.00,1154.00,1201.00,1256.00,1097.00,1147.00,1210.00,920.00,1049.00,1152.00,1279.00,1367.00,1378.00,1394.00
GA076,793.00,793.00,793.00,793.00,826.00,874.00,934.00,1001.00,1077.00,874.00,961.00,1043.00,1090.00,1143.00,947.00,1031.00,1098.00,831.00,872.00,1040.00,1166.00,1253.00,1263.00,1278.00
GA077,886.00,886.00,886.00,886.00,940.00,1020.00,1048.00,1078.00,1128.00,1021.00,1060.00,1097.00,1140.00,1189.00,1054.00,1092.00,1147.00,949.00,1018.00,1096.00,1210.00,1290.00,1301.00,1316.00
GA078,833.00,833.00,833.00,833.00,861.00,945.00,1039.00,1142.00,1240.00,947.00,1081.00,1206.00,1253.00,1308.00,1059.00,1188.00,1262.00,870.00,943.00,1202.00,1331.00,1419.00,1431.00,1447.00
GA079,867.00,867.00,867.00,867.00,921.00,1013.00,1069.00,1131.00,1180.00,1014.00,1094.00,1169.00,1185.00,1203.00,1081.00,1158.00,1187.00,931.00,1011.00,1166.00,1210.00,1239.00,1249.00,1264.00
GA080,689.00,689.00,689.00,689.00,711.00,744.00,828.00,921.00,1017.00,746.00,866.00,978.00,1032.00,1094.00,846.00,961.00,1042.00,714.00,743.00,974.00,1121.00,1222.00,1232.00,1247.00
GA081,612.00,612.00,612.00,612.00,648.00,732.00,766.00,802.00,873.00,733.00,781.00,826.00,891.00,967.00,773.00,819.00,903.00,657.00,730.00,824.00,999.00,1122.00,1131.00,1145.00
HI407,1412.00,1412.00,1412.00,1412.00,1540.00,1824.00,2021.00,2237.00,2427.00,1827.00,2109.00,2371.00,2448.00,2538.00,2063.00,2332.00,2462.00,1572.00,1818.00,2361.00,2575.00,2720.00,2742.00,2774.00
HI408,1315.00,1315.00,1315.00,1315.00,1413.00,1647.00,1809.00,1987.00,2139.00,1650.00,1882.00,2097.00,2156.00,2223.00,1844.00,2065.00,2166.00,1439.00,1642.00,2089.00,2252.00,2361.00,2381.00,2408.00
HI409,1071.00,1071.00,1071.00,1071.00,1213.00,1419.00,1485.00,1558.00,1658.00,1420.00,1515.00,1603.00,1679.00,1766.00,1500.00,1590.00,1692.00,1236.00,1414.00,1600.00,1803.00,1944.00,1960.00,1983.00
IA082,767.00,767.00,767.00,767.00,821.00,1014.00,1023.00,1033.00,1069.00,1014.00,1027.00,1041.00,1080.00,1125.00,1025.00,1037.00,1087.00,843.00,1010.00,1039.00,1144.00,1228.00,1238.00,1253.00
IA083,715.00,715.00,715.00,715.00,794.00,893.00,963.00,1040.00,1122.00,894.00,994.00,1087.00,1136.00,1192.00,978.00,1073.00,1144.00,805.00,891.00,1084.00,1215.00,1306.00,1317.00,1332.00
IA330,679.00,679.00,679.00,679.00,777.00,881.00,922.00,967.00,1030.00,882.00,941.00,995.00,1044.00,1100.00,931.00,987.00,1053.00,789.00,879.00,993.00,1124.00,1215.00,1225.00,1239.00
IA331,598.00,598.00,598.00,598.00,674.00,703.00,751.00,804.00,876.00,704.00,772.00,836.00,891.00,954.00,761.00,827.00,901.00,677.00,702.00,834.00,981.00,1084.00,1093.00,1106.00
IA332,595.00,595.00,595.00,595.00,654.00,837.00,912.00,995.00,1075.00,838.00,946.00,1046.00,1087.00,1133.00,929.00,1031.00,1094.00,675.00,833.00,1043.00,1153.00,1229.00,1239.00,1254.00
IA389,612.00,612.00,612.00,612.00,671.00,704.00,716.00,755.00,807.00,704.00,730.00,787.00,815.00,848.00,722.00,778.00,820.00,674.00,703.00,785.00,861.00,914.00,922.00,946.00
IA425,866.00,866.00,866.00,866.00,987.00,1126.00,1161.00,1199.00,1257.00,1127.00,1176.00,1222.00,1270.00,1326.00,1168.00,1215.00,1279.00,998.00,1123.00,1221.00,1350.00,1440.00,1452.00,1469.00
ID084,655.00,655.00,655.00,655.00,690.00,869.00,891.00,915.00,977.00,870.00,901.00,930.00,995.00,1070.00,896.00,926.00,1006.00,706.00,864.00,929.00,1101.00,1223.00,1233.00,1247.00
ID085,574.00,574.00,574.00,574.00,635.00,734.00,755.00,778.00,817.00,734.00,764.00,792.00,826.00,866.00,760.00,788.00,832.00,646.00,732.00,791.00,882.00,946.00,954.00,965.00
ID086,680.00,680.00,680.00,680.00,729.00,824.00,858.00,894.00,932.00,825.00,873.00,917.00,938.00,961.00,865.00,911.00,941.00,740.00,822.00,916.00,971.00,1009.00,1017.00,1029.00
ID087,517.00,517.00,517.00,517.00,573.00,744.00,751.00,759.00,789.00,744.00,755.00,770.00,798.00,838.00,753.00,763.00,804.00,592.00,740.00,768.00,854.00,918.00,926.00,946.00
ID333,595.00,595.00,595.00,595.00,691.00,891.00,917.00,962.00,1056.00,892.00,928.00,1023.00,1069.00,1121.00,922.00,1005.00,1077.00,713.00,887.00,1019.00,1144.00,1229.00,1239.00,1254.00
ID426,602.00,602.00,602.00,602.00,651.00,731.00,772.00,817.00,851.00,732.00,791.00,845.00,853.00,863.00,781.00,837.00,855.00,660.00,729.00,843.00,867.00,903.00,910.00,946.00
IL088,703.00,703.00,703.00,703.00,745.00,865.00,913.00,965.00,1026.00,866.00,934.00,997.00,1038.00,1084.00,923.00,988.00,1045.00,758.00,862.00,995.00,1104.00,1180.00,1190.00,1204.00
IL089,666.00,666.00,666.00,666.00,734.00,780.00,834.00,893.00,962.00,781.00,858.00,929.00,974.00,1026.00,845.00,919.00,982.00,739.00,779.00,927.00,1048.00,1133.00,1142.00,1156.00
IL090,755.00,755.00,755.00,755.00,833.00,928.00,964.00,1020.00,1118.00,929.00,980.00,1075.00,1134.00,1203.00,971.00,1059.00,1145.00,844.00,926.00,1071.00,1232.00,1343.00,1354.00,1370.00
IL092,1018.00,1018.00,1018.00,1018.00,1161.00,1445.00,1486.00,1530.00,1603.00,1446.00,1504.00,1558.00,1620.00,1712.00,1495.00,1550.00,1634.00,1182.00,1437.00,1556.00,1750.00,1899.00,1915.00,1937.00
IL093,765.00,765.00,765.00,765.00,844.00,940.00,1029.00,1126.00,1232.00,942.00,1068.00,1186.00,1250.00,1323.00,1048.00,1169.00,1261.00,855.00,938.00,1182.00,1355.00,1474.00,1486.00,1504.00
IL325,1444.00,1444.00,1444.00,1444.00,1593.00,1760.00,1801.00,1846.00,1927.00,1761.00,1820.00,1874.00,1947.00,2031.00,1810.00,1866.00,1960.00,1612.00,1756.00,1872.00,2066.00,2203.00,2221.00,2247.00
IL335,597.00,597.00,597.00,597.00,664.00,873.00,909.00,948.00,1000.00,874.00,925.00,972.00,1011.00,1056.00,916.00,965.00,1018.00,687.00,868.00,970.00,1074.00,1147.00,1157.00,1170.00
IL366,855.00,855.00,855.00,855.00,982.00,1214.00,1273.00,1337.00,1477.00,1215.00,1299.00,1377.00,1515.00,1674.00,1285.00,1366.00,1539.00,1008.00,1209.00,1374.00,1741.00,2000.00,2017.00,2040.00
IL427,659.00,659.00,659.00,659.00,683.00,800.00,860.00,925.00,1002.00,801.00,887.00,971.00,1014.00,1066.00,873.00,958.00,1022.00,694.00,797.00,968.00,1089.00,1176.00,1186.00,1199.00
IN094,719.00,719.00,719.00,719.00,783.00,911.00,977.00,1049.00,1158.00,912.00,1006.00,1093.00,1183.00,1286.00,991.00,1080.00,1199.00,789.00,908.00,1090.00,1330.00,1498.00,1510.00,1528.00
IN096,695.00,695.00,695.00,695.00,738.00,833.00,876.00,922.00,982.00,834.00,895.00,951.00,993.00,1042.00,885.00,943.00,1001.00,749.00,831.00,949.00,1063.00,1142.00,1151.00,1165.00
IN097,673.00,673.00,673.00,673.00,723.00,794.00,822.00,853.00,900.00,795.00,835.00,872.00,911.00,956.00,828.00,867.00,918.00,725.00,792.00,871.00,975.00,1055.00,1064.00,1076.00
IN099,745.00,745.00,745.00,745.00,847.00,867.00,886.00,906.00,948.00,867.00,894.00,918.00,960.00,1008.00,889.00,915.00,967.00,849.00,867.00,917.00,1029.00,1107.00,1116.00,1129.00
IN337,680.00,680.00,680.00,680.00,753.00,858.00,906.00,974.00,1044.00,858.00,934.00,1017.00,1054.00,1097.00,919.00,1005.00,1061.00,763.00,855.00,1014.00,1115.00,1184.00,1194.00,1208.00
IN338,601.00,601.00,601.00,601.00,663.00,694.00,720.00,749.00,795.00,695.00,732.00,767.00,806.00,851.00,726.00,762.00,813.00,666.00,693.00,766.00,870.00,943.00,951.00,962.00
IN367,758.00,758.00,758.00,758.00,841.00,914.00,936.00,961.00,1010.00,915.00,947.00,976.00,1023.00,1076.00,941.00,972.00,1031.00,849.00,912.00,975.00,1099.00,1186.00,1196.00,1210.00
IN399,712.00,712.00,712.00,712.00,751.00,913.00,946.00,981.00,1058.00,914.00,960.00,1003.00,1079.00,1168.00,953.00,997.00,1093.00,769.00,909.00,1002.00,1205.00,1348.00,1359.00,1375.00
KS100,654.00,654.00,654.00,654.00,725.00,828.00,844.00,861.00,897.00,828.00,851.00,871.00,907.00,949.00,847.00,868.00,914.00,736.00,826.00,871.00,967.00,1035.00,1044.00,1056.00
KS101,670.00,670.00,670.00,670.00,726.00,912.00,948.00,991.00,1054.00,912.00,966.00,1018.00,1067.00,1124.00,957.00,1010.00,1076.00,747.00,908.00,1016.00,1148.00,1240.00,1250.00,1265.00
KS102,743.00,743.00,743.00,743.00,794.00,940.00,1003.00,1072.00,1148.00,941.00,1031.00,1114.00,1162.00,1216.00,1016.00,1102.00,1170.00,810.00,937.00,1111.00,1239.00,1328.00,1339.00,1355.00
KS104,834.00,834.00,834.00,834.00,938.00,1022.00,1062.00,1105.00,1173.00,1023.00,1080.00,1132.00,1188.00,1253.00,1070.00,1124.00,1198.00,947.00,1020.00,1130.00,1281.00,1386.00,1397.00,1414.00
KS105,696.00,696.00,696.00,696.00,811.00,965.00,980.00,996.00,1009.00,965.00,987.00,1006.00,1010.00,1013.00,983.00,1003.00,1010.00,828.00,962.00,1006.00,1016.00,1097.00,1106.00,1119.00
KS334,547.00,547.00,547.00,547.00,590.00,646.00,666.00,689.00,746.00,646.00,675.00,721.00,755.00,795.00,671.00,712.00,761.00,596.00,645.00,719.00,812.00,876.00,883.00,946.00
KY106,567.00,567.00,567.00,567.00,604.00,723.00,742.00,763.00,811.00,723.00,751.00,776.00,824.00,880.00,746.00,772.00,833.00,617.00,720.00,775.00,904.00,994.00,1002.00,1014.00
KY107,743.00,743.00,743.00,743.00,803.00,893.00,911.00,930.00,969.00,893.00,919.00,942.00,979.00,1021.00,915.00,939.00,985.00,813.00,891.00,941.00,1039.00,1107.00,1116.00,1129.00
KY109,656.00,656.00,656.00,656.00,743.00,886.00,928.00,973.00,1043.00,887.00,946.00,1001.00,1059.00,1127.00,936.00,993.00,1070.00,759.00,883.00,999.00,1156.00,1267.00,1277.00,1292.00
KY110,524.00,524.00,524.00,524.00,569.00,598.00,670.00,760.00,839.00,599.00,706.00,815.00,848.00,886.00,687.00,799.00,854.00,571.00,595.00,811.00,902.00,964.00,972.00,983.00
KY112,561.00,561.00,561.00,561.00,629.00,744.00,783.00,826.00,880.00,745.00,800.00,852.00,890.00,934.00,791.00,845.00,897.00,642.00,742.00,850.00,953.00,1024.00,1032.00,1045.00
KY339,599.00,599.00,599.00,599.00,658.00,790.00,844.00,903.00,964.00,791.00,868.00,940.00,972.00,1010.00,856.00,929.00,978.00,673.00,787.00,938.00,1026.00,1086.00,1095.00,1108.00
KY429,593.00,593.00,593.00,593.00,664.00,804.00,867.00,936.00,1011.00,805.00,895.00,979.00,1023.00,1073.00,881.00,967.00,1031.00,680.00,801.00,976.00,1094.00,1176.00,1186.00,1200.00
KY430,501.00,501.00,501.00,501.00,524.00,604.00,658.00,717.00,771.00,605.00,682.00,753.00,777.00,805.00,669.00,743.00,781.00,528.00,602.00,751.00,816.00,922.00,951.00,1026.00
LA113,573.00,573.00,573.00,573.00,600.00,744.00,812.00,886.00,952.00,745.00,842.00,932.00,959.00,990.00,826.00,919.00,964.00,613.00,741.00,929.00,1003.00,1054.00,1063.00,1075.00
LA114,742.00,742.00,742.00,742.00,779.00,839.00,942.00,1054.00,1170.00,841.00,988.00,1124.00,1187.00,1260.00,964.00,1104.00,1198.00,786.00,838.00,1119.00,1291.00,1409.00,1421.00,1437.00
LA115,553.00,553.00,553.00,553.00,598.00,763.00,803.00,846.00,885.00,764.00,821.00,873.00,889.00,908.00,811.00,865.00,892.00,616.00,759.00,871.00,916.00,946.00,954.00,965.00
LA116,754.00,754.00,754.00,754.00,795.00,995.00,1040.00,1090.00,1169.00,996.00,1060.00,1138.00,1188.00,1266.00,1050.00,1120.00,1200.00,817.00,991.00,1133.00,1299.00,1425.00,1437.00,1454.00
LA117,707.00,707.00,707.00,707.00,817.00,968.00,1020.00,1076.00,1142.00,969.00,1043.00,1111.00,1154.00,1204.00,1031.00,1101.00,1162.00,834.00,965.00,1109.00,1225.00,1305.00,1316.00,1331.00
LA118,657.00,657.00,657.00,657.00,702.00,928.00,1017.00,1114.00,1181.00,930.00,1056.00,1174.00,1184.00,1195.00,1036.00,1157.00,1186.00,727.00,923.00,1170.00,1200.00,1218.00,1228.00,1242.00
LA326,650.00,650.00,650.00,650.00,709.00,800.00,850.00,906.00,970.00,801.00,873.00,940.00,982.00,1030.00,861.00,930.00,989.00,719.00,798.00,938.00,1051.00,1129.00,1138.00,1152.00
LA370,644.00,644.00,644.00,644.00,708.00,841.00,892.00,948.00,1006.00,842.00,915.00,983.00,1015.00,1052.00,903.00,973.00,1021.00,723.00,838.00,981.00,1068.00,1128.00,1137.00,1151.00
LA371,671.00,671.00,671.00,671.00,711.00,813.00,839.00,876.00,923.00,814.00,854.00,899.00,931.00,969.00,846.00,893.00,937.00,721.00,810.00,898.00,985.00,1045.00,1054.00,1066.00
MA119,1291.00,1291.00,1291.00,1291.00,1378.00,1569.00,1638.00,1713.00,1816.00,1570.00,1669.00,1760.00,1837.00,1925.00,1653.00,1747.00,1851.00,1399.00,1565.00,1757.00,1963.00,2107.00,2124.00,2149.00
MA120,1788.00,1788.00,1788.00,1788.00,1988.00,2012.00,2135.00,2277.00,2482.00,2014.00,2193.00,2365.00,2527.00,2730.00,2163.00,2339.00,2556.00,1990.00,2010.00,2359.00,2829.00,3208.00,3234.00,3272.00
MA121,1291.00,1291.00,1291.00,1291.00,1378.00,1569.00,1638.00,1713.00,1824.00,1570.00,1669.00,1760.00,1848.00,1949.00,1653.00,1747.00,1864.00,1399.00,1565.00,1757.00,1992.00,2157.00,2175.00,2200.00
MA122,1281.00,1281.00,1281.00,1281.00,1319.00,1442.00,1594.00,1761.00,1929.00,1445.00,1662.00,1864.00,1954.00,2058.00,1627.00,1834.00,1970.00,1329.00,1438.00,1857.00,2102.00,2270.00,2289.00,2315.00
MA123,1366.00,1366.00,1366.00,1366.00,1516.00,1653.00,1717.00,1788.00,1903.00,1654.00,1746.00,1832.00,1930.00,2043.00,1731.00,1819.00,1947.00,1518.00,1649.00,1829.00,2091.00,2274.00,2293.00,2320.00
MA124,1458.00,1458.00,1458.00,1458.00,1595.00,1708.00,1848.00,2001.00,2157.00,1711.00,1910.00,2096.00,2180.00,2278.00,1878.00,2068.00,2195.00,1608.00,1706.00,2089.00,2319.00,2477.00,2497.00,2527.00
MA125,1300.00,1300.00,1300.00,1300.00,1374.00,1660.00,1783.00,1917.00,2070.00,1662.00,1838.00,2001.00,2097.00,2208.00,1809.00,1977.00,2114.00,1406.00,1654.00,1995.00,2255.00,2435.00,2455.00,2484.00
MA126,921.00,921.00,921.00,921.00,942.00,1265.00,1349.00,1441.00,1554.00,1267.00,1387.00,1544.00,1557.00,1572.00,1367.00,1504.00,1560.00,946.00,1256.00,1534.00,1579.00,1617.00,1630.00,1649.00
MA151,1291.00,1291.00,1291.00,1291.00,1378.00,1569.00,1638.00,1713.00,1824.00,1570.00,1669.00,1760.00,1848.00,1949.00,1653.00,1747.00,1864.00,1399.00,1565.00,1757.00,1992.00,2157.00,2175.00,2200.00
MA377,1623.00,1623.00,1623.00,1623.00,1835.00,1842.00,1979.00,2129.00,2302.00,1845.00,2040.00,2222.00,2332.00,2460.00,2008.00,2195.00,2352.00,1835.00,1842.00,2215.00,2514.00,2721.00,2743.00,2775.00
MA431,693.00,693.00,693.00,693.00,741.00,1029.00,1083.00,1142.00,1219.00,1030.00,1107.00,1182.00,1233.00,1293.00,1094.00,1169.00,1243.00,773.00,1023.00,1179.00,1318.00,1415.00,1427.00,1443.00
MD127,837.00,837.00,837.00,837.00,884.00,1002.00,1091.00,1189.00,1290.00,1004.00,1131.00,1270.00,1306.00,1370.00,1111.00,1245.00,1316.00,897.00,999.00,1264.00,1398.00,1502.00,1514.00,1532.00
MD128,1226.00,1226.00,1226.00,1226.00,1350.00,1417.00,1535.00,1691.00,1836.00,1418.00,1599.00,1788.00,1855.00,1932.00,1566.00,1760.00,1867.00,1357.00,1416.00,1781.00,1985.00,2216.00,2234.00,2260.00
MD129,970.00,970.00,970.00,970.00,1096.00,1337.00,1426.00,1523.00,1599.00,1339.00,1465.00,1583.00,1606.00,1631.00,1445.00,1566.00,1610.00,1123.00,1332.00,1579.00,1642.00,1813.00,1828.00,1849.00
MD130,1046.00,1046.00,1046.00,1046.00,1139.00,1324.00,1350.00,1379.00,1442.00,1325.00,1362.00,1397.00,1459.00,1531.00,1356.00,1392.00,1470.00,1160.00,1320.00,1396.00,1561.00,1678.00,1692.00,1712.00
MD133,1167.00,1167.00,1167.00,1167.00,1223.00,1359.00,1444.00,1537.00,1636.00,1361.00,1482.00,1595.00,1651.00,1716.00,1462.00,1578.00,1661.00,1227.00,1355.00,1591.00,1744.00,1849.00,1864.00,1886.00
MD134,1033.00,1033.00,1033.00,1033.00,1103.00,1345.00,1473.00,1614.00,1751.00,1347.00,1531.00,1701.00,1770.00,1850.00,1501.00,1676.00,1782.00,1125.00,1339.00,1695.00,1884.00,2013.00,2030.00,2053.00
MD135,1020.00,1020.00,1020.00,1020.00,1118.00,1275.00,1368.00,1469.00,1553.00,1277.00,1409.00,1532.00,1561.00,1594.00,1388.00,1514.00,1566.00,1136.00,1272.00,1528.00,1608.00,1662.00,1676.00,1695.00
MD340,545.00,545.00,545.00,545.00,592.00,690.00,736.00,787.00,839.00,691.00,757.00,818.00,847.00,879.00,746.00,809.00,852.00,603.00,688.00,816.00,893.00,946.00,954.00,965.00
MD432,845.00,845.00,845.00,845.00,913.00,1108.00,1133.00,1160.00,1180.00,1109.00,1144.00,1177.00,1181.00,1210.00,1138.00,1172.00,1182.00,935.00,1104.00,1176.00,1238.00,1345.00,1356.00,1372.00
ME136,955.00,955.00,955.00,955.00,1073.00,1107.00,1180.00,1261.00,1342.00,1108.00,1213.00,1311.00,1354.00,1403.00,1196.00,1297.00,1361.00,1077.00,1106.00,1308.00,1424.00,1504.00,1516.00,1534.00
ME137,529.00,529.00,529.00,529.00,580.00,700.00,737.00,777.00,805.00,701.00,753.00,802.00,806.00,811.00,745.00,795.00,807.00,593.00,697.00,800.00,813.00,864.00,871.00,946.00
ME139,1023.00,1023.00,1023.00,1023.00,1127.00,1270.00,1417.00,1580.00,1731.00,1273.00,1484.00,1680.00,1751.00,1832.00,1449.00,1651.00,1763.00,1143.00,1267.00,1673.00,1866.00,1998.00,2015.00,2038.00
ME141,912.00,912.00,912.00,912.00,998.00,1107.00,1170.00,1254.00,1336.00,1108.00,1205.00,1306.00,1347.00,1394.00,1187.00,1291.00,1354.00,999.00,1091.00,1302.00,1414.00,1491.00,1503.00,1521.00
ME390,761.00,761.00,761.00,761.00,818.00,940.00,1006.00,1078.00,1152.00,941.00,1035.00,1122.00,1164.00,1211.00,1020.00,1109.00,1171.00,832.00,937.00,1119.00,1232.00,1309.00,1320.00,1335.00
MI142,870.00,870.00,870.00,870.00,968.00,1326.00,1368.00,1415.00,1562.00,1327.00,1387.00,1443.00,1608.00,1797.00,1377.00,1435.00,1637.00,1008.00,1318.00,1441.00,1878.00,2186.00,2204.00,2230.00
MI143,603.00,603.00,603.00,603.00,668.00,773.00,825.00,882.00,940.00,774.00,848.00,917.00,949.00,985.00,836.00,907.00,954.00,680.00,771.00,915.00,1001.00,1060.00,1069.00,1081.00
MI145,663.00,663.00,663.00,663.00,686.00,808.00,852.00,901.00,961.00,809.00,872.00,932.00,973.00,1020.00,862.00,923.00,980.00,700.00,805.00,930.00,1041.00,1118.00,1127.00,1140.00
MI146,830.00,830.00,830.00,830.00,909.00,1004.00,1046.00,1093.00,1157.00,1005.00,1065.00,1121.00,1170.00,1227.00,1055.00,1113.00,1179.00,920.00,1002.00,1119.00,1251.00,1343.00,1354.00,1370.00
MI148,659.00,659.00,659.00,659.00,732.00,822.00,869.00,920.00,973.00,823.00,890.00,952.00,981.00,1016.00,879.00,943.00,987.00,742.00,820.00,950.00,1033.00,1100.00,1109.00,1122.00
MI149,661.00,661.00,661.00,661.00,729.00,805.00,827.00,851.00,893.00,805.00,836.00,865.00,904.00,948.00,831.00,861.00,911.00,737.00,803.00,864.00,967.00,1039.00,1048.00,1107.00
MI152,704.00,704.00,704.00,704.00,774.00,974.00,1007.00,1044.00,1074.00,975.00,1022.00,1066.00,1077.00,1090.00,1014.00,1060.00,1079.00,796.00,970.00,1065.00,1099.00,1143.00,1152.00,1166.00
MI153,843.00,843.00,843.00,843.00,942.00,1032.00,1089.00,1151.00,1227.00,1033.00,1114.00,1189.00,1242.00,1303.00,1101.00,1178.00,1251.00,952.00,1030.00,1186.00,1329.00,1428.00,1440.00,1457.00
MI154,719.00,719.00,719.00,719.00,841.00,960.00,991.00,1035.00,1118.00,961.00,1007.00,1081.00,1133.00,1193.00,999.00,1067.00,1142.00,854.00,958.00,1078.00,1218.00,1327.00,1338.00,1353.00
MI155,1064.00,1064.00,1064.00,1064.00,1211.00,1355.00,1455.00,1565.00,1676.00,1357.00,1500.00,1633.00,1693.00,1761.00,1477.00,1613.00,1703.00,1227.00,1352.00,1628.00,1790.00,1902.00,1918.00,1940.00
MI156,650.00,650.00,650.00,650.00,694.00,801.00,844.00,891.00,943.00,802.00,863.00,920.00,951.00,987.00,853.00,912.00,957.00,706.00,799.00,918.00,1002.00,1060.00,1069.00,1081.00
MI157,524.00,524.00,524.00,524.00,566.00,654.00,700.00,750.00,802.00,655.00,720.00,781.00,810.00,843.00,710.00,772.00,815.00,576.00,652.00,779.00,857.00,911.00,919.00,946.00
MI391,717.00,717.00,717.00,717.00,825.00,964.00,1032.00,1106.00,1182.00,965.00,1062.00,1152.00,1194.00,1242.00,1046.00,1139.00,1201.00,840.00,961.00,1149.00,1263.00,1341.00,1352.00,1368.00
MI434,729.00,729.00,729.00,729.00,801.00,883.00,946.00,1016.00,1091.00,884.00,975.00,1059.00,1104.00,1155.00,960.00,1047.00,1112.00,810.00,881.00,1056.00,1177.00,1260.00,1270.00,1285.00
MN158,786.00,786.00,786.00,786.00,828.00,971.00,1013.00,1059.00,1132.00,972.00,1032.00,1087.00,1149.00,1220.00,1022.00,1079.00,1160.00,838.00,968.00,1085.00,1250.00,1365.00,1376.00,1392.00
MN159,1034.00,1034.00,1034.00,1034.00,1178.00,1349.00,1383.00,1459.00,1552.00,1350.00,1413.00,1507.00,1570.00,1642.00,1396.00,1493.00,1581.00,1194.00,1343.00,1503.00,1673.00,1819.00,1834.00,1855.00
MN376,698.00,698.00,698.00,698.00,769.00,877.00,945.00,1019.00,1094.00,878.00,975.00,1065.00,1105.00,1151.00,959.00,1052.00,1112.00,781.00,875.00,1062.00,1170.00,1245.00,1255.00,1270.00
MN436,701.00,701.00,701.00,701.00,791.00,946.00,998.00,1056.00,1129.00,947.00,1022.00,1091.00,1144.00,1204.00,1010.00,1081.00,1153.00,808.00,943.00,1089.00,1230.00,1328.00,1339.00,1355.00
MO160,722.00,722.00,722.00,722.00,827.00,935.00,994.00,1070.00,1177.00,936.00,1025.00,1126.00,1197.00,1280.00,1009.00,1108.00,1209.00,838.00,933.00,1121.00,1317.00,1459.00,1471.00,1488.00
MO161,865.00,865.00,865.00,865.00,909.00,1027.00,1109.00,1199.00,1331.00,1028.00,1146.00,1255.00,1360.00,1482.00,1127.00,1239.00,1379.00,922.00,1024.00,1251.00,1533.00,1730.00,1744.00,1765.00
MO162,600.00,600.00,600.00,600.00,669.00,757.00,779.00,803.00,852.00,757.00,788.00,817.00,865.00,921.00,783.00,813.00,874.00,679.00,755.00,816.00,944.00,1034.00,1043.00,1055.00
MO163,666.00,666.00,666.00,666.00,732.00,870.00,895.00,923.00,964.00,871.00,907.00,940.00,973.00,1011.00,901.00,935.00,979.00,747.00,867.00,939.00,1027.00,1088.00,1097.00,1110.00
MO164,615.00,615.00,615.00,615.00,665.00,760.00,804.00,852.00,911.00,761.00,823.00,881.00,922.00,970.00,813.00,873.00,930.00,676.00,758.00,879.00,990.00,1067.00,1076.00,1088.00
MO165,694.00,694.00,694.00,694.00,754.00,810.00,906.00,1011.00,1114.00,812.00,949.00,1076.00,1129.00,1189.00,926.00,1057.00,1138.00,760.00,809.00,1071.00,1215.00,1313.00,1324.00,1339.00
MO343,616.00,616.00,616.00,616.00,668.00,773.00,825.00,882.00,940.00,774.00,848.00,917.00,949.00,985.00,836.00,907.00,954.00,680.00,771.00,915.00,1001.00,1060.00,1069.00,1081.00
MO344,525.00,525.00,525.00,525.00,553.00,634.00,679.00,728.00,779.00,635.00,699.00,759.00,786.00,818.00,689.00,750.00,791.00,560.00,632.00,757.00,831.00,931.00,961.00,1050.00
MS168,690.00,690.00,690.00,690.00,771.00,868.00,882.00,898.00,928.00,868.00,889.00,907.00,936.00,968.00,885.00,904.00,941.00,782.00,866.00,907.00,982.00,1035.00,1044.00,1056.00
MS169,656.00,656.00,656.00,656.00,683.00,743.00,786.00,834.00,889.00,744.00,806.00,863.00,899.00,939.00,796.00,855.00,905.00,690.00,742.00,861.00,957.00,1023.00,1031.00,1044.00
MS170,713.00,713.00,713.00,713.00,742.00,1054.00,1060.00,1066.00,1071.00,1054.00,1063.00,1070.00,1071.00,1071.00,1061.00,1069.00,1071.00,777.00,1047.00,1070.00,1071.00,1130.00,1139.00,1153.00
MS171,624.00,624.00,624.00,624.00,691.00,940.00,1007.00,1081.00,1167.00,941.00,1037.00,1126.00,1183.00,1249.00,1022.00,1113.00,1193.00,719.00,934.00,1123.00,1276.00,1383.00,1394.00,1411.00
MS172,640.00,640.00,640.00,640.00,695.00,852.00,869.00,888.00,935.00,852.00,877.00,900.00,949.00,1005.00,873.00,897.00,957.00,713.00,849.00,899.00,1028.00,1119.00,1128.00,1141.00
MS410,756.00,756.00,756.00,756.00,815.00,884.00,900.00,917.00,972.00,884.00,907.00,927.00,989.00,1062.00,903.00,924.00,1001.00,823.00,883.00,927.00,1092.00,1209.00,1219.00,1233.00
MS437,690.00,690.00,690.00,690.00,721.00,789.00,834.00,883.00,932.00,790.00,854.00,913.00,940.00,970.00,843.00,904.00,944.00,728.00,788.00,911.00,983.00,1033.00,1042.00,1058.00
MS438,590.00,590.00,590.00,590.00,635.00,677.00,704.00,734.00,775.00,678.00,716.00,752.00,784.00,820.00,710.00,747.00,789.00,640.00,676.00,751.00,836.00,895.00,902.00,946.00
MT175,601.00,601.00,601.00,601.00,659.00,813.00,868.00,929.00,978.00,814.00,893.00,966.00,983.00,1002.00,880.00,955.00,986.00,676.00,810.00,963.00,1010.00,1041.00,1050.00,1062.00
MT347,630.00,630.00,630.00,630.00,681.00,791.00,837.00,888.00,947.00,792.00,858.00,919.00,958.00,1003.00,847.00,910.00,965.00,693.00,789.00,917.00,1021.00,1094.00,1103.00,1116.00
MT379,601.00,601.00,601.00,601.00,682.00,791.00,844.00,903.00,963.00,792.00,868.00,939.00,973.00,1011.00,856.00,929.00,979.00,694.00,789.00,937.00,1027.00,1090.00,1099.00,1112.00
MT441,679.00,679.00,679.00,679.00,701.00,876.00,935.00,1000.00,1069.00,877.00,962.00,1040.00,1080.00,1125.00,948.00,1028.00,1087.00,714.00,871.00,1037.00,1145.00,1219.00,1229.00,1243.00
NC176,1168.00,1168.00,1168.00,1168.00,1251.00,1345.00,1447.00,1559.00,1664.00,1347.00,1493.00,1628.00,1677.00,1734.00,1469.00,1608.00,1686.00,1261.00,1343.00,1623.00,1757.00,1849.00,1864.00,1886.00
NC177,751.00,751.00,751.00,751.00,819.00,945.00,986.00,1032.00,1078.00,946.00,1005.00,1060.00,1084.00,1112.00,995.00,1052.00,1088.00,833.00,942.00,1058.00,1123.00,1168.00,1178.00,1191.00
NC178,724.00,724.00,724.00,724.00,770.00,818.00,877.00,943.00,1007.00,819.00,904.00,983.00,1016.00,1055.00,890.00,971.00,1022.00,775.00,817.00,980.00,1071.00,1152.00,1161.00,1175.00
NC179,811.00,811.00,811.00,811.00,877.00,963.00,1001.00,1046.00,1126.00,964.00,1018.00,1087.00,1146.00,1234.00,1009.00,1075.00,1160.00,886.00,961.00,1084.00,1271.00,1413.00,1424.00,1441.00
NC180,871.00,871.00,871.00,871.00,969.00,1126.00,1170.00,1218.00,1303.00,1127.00,1189.00,1247.00,1325.00,1415.00,1179.00,1239.00,1339.00,987.00,1123.00,1245.00,1453.00,1599.00,1612.00,1631.00
NC181,746.00,746.00,746.00,746.00,821.00,905.00,935.00,969.00,1014.00,906.00,949.00,989.00,1024.00,1064.00,942.00,983.00,1030.00,830.00,903.00,988.00,1082.00,1147.00,1157.00,1170.00
NC182,721.00,721.00,721.00,721.00,722.00,884.00,885.00,887.00,934.00,884.00,886.00,888.00,951.00,1025.00,886.00,887.00,963.00,741.00,880.00,887.00,1056.00,1176.00,1186.00,1200.00
NC183,694.00,694.00,694.00,694.00,714.00,810.00,919.00,1040.00,1133.00,812.00,969.00,1114.00,1140.00,1169.00,943.00,1092.00,1144.00,725.00,808.00,1109.00,1182.00,1230.00,1240.00,1255.00
NC184,732.00,732.00,732.00,732.00,765.00,926.00,973.00,1024.00,1121.00,927.00,993.00,1055.00,1146.00,1252.00,983.00,1046.00,1163.00,783.00,922.00,1053.00,1296.00,1467.00,1479.00,1496.00
NC185,848.00,848.00,848.00,848.00,944.00,1083.00,1130.00,1182.00,1256.00,1084.00,1151.00,1214.00,1273.00,1341.00,1140.00,1204.00,1283.00,960.00,1080.00,1211.00,1370.00,1485.00,1497.00,1515.00
NC186,828.00,828.00,828.00,828.00,875.00,1033.00,1058.00,1086.00,1158.00,1034.00,1070.00,1103.00,1179.00,1267.00,1064.00,1098.00,1193.00,893.00,1030.00,1102.00,1304.00,1447.00,1459.00,1476.00
NC187,832.00,832.00,832.00,832.00,925.00,956.00,998.00,1044.00,1107.00,957.00,1017.00,1072.00,1120.00,1175.00,1007.00,1064.00,1128.00,928.00,955.00,1070.00,1198.00,1288.00,1299.00,1314.00
NC372,733.00,733.00,733.00,733.00,788.00,959.00,1000.00,1044.00,1107.00,960.00,1018.00,1072.00,1120.00,1175.00,1009.00,1064.00,1128.00,802.00,955.00,1070.00,1198.00,1291.00,1302.00,1317.00
ND188,605.00,605.00,605.00,605.00,737.00,779.00,794.00,811.00,870.00,779.00,801.00,840.00,881.00,929.00,798.00,830.00,889.00,742.00,778.00,837.00,949.00,1027.00,1035.00,1048.00
ND189,665.00,665.00,665.00,665.00,754.00,937.00,959.00,983.00,1029.00,937.00,968.00,997.00,1042.00,1093.00,963.00,993.00,1050.00,775.00,933.00,996.00,1115.00,1198.00,1208.00,1222.00
ND190,644.00,644.00,644.00,644.00,742.00,849.00,893.00,942.00,1003.00,850.00,913.00,972.00,1015.00,1065.00,903.00,963.00,1023.00,754.00,847.00,970.00,1086.00,1166.00,1176.00,1189.00
ND191,595.00,595.00,595.00,595.00,669.00,732.00,755.00,780.00,814.00,733.00,765.00,795.00,821.00,851.00,760.00,791.00,826.00,676.00,731.00,794.00,864.00,913.00,950.00,981.00
NE192,752.00,752.00,752.00,752.00,836.00,1030.00,1061.00,1095.00,1149.00,1031.00,1075.00,1116.00,1161.00,1212.00,1068.00,1110.00,1169.00,858.00,1026.00,1115.00,1234.00,1318.00,1329.00,1344.00
NE193,768.00,768.00,768.00,768.00,863.00,1008.00,1053.00,1103.00,1173.00,1009.00,1074.00,1134.00,1188.00,1250.00,1063.00,1125.00,1197.00,879.00,1005.00,1132.00,1276.00,1377.00,1388.00,1405.00
NH194,1187.00,1187.00,1187.00,1187.00,1349.00,1639.00,1764.00,1936.00,2092.00,1641.00,1820.00,2090.00,2093.00,2155.00,1791.00,2045.00,2093.00,1382.00,1633.00,2079.00,2194.00,2341.00,2360.00,2388.00
NH195,1054.00,1054.00,1054.00,1054.00,1139.00,1323.00,1435.00,1558.00,1687.00,1325.00,1485.00,1634.00,1707.00,1791.00,1459.00,1612.00,1720.00,1160.00,1319.00,1629.00,1827.00,1963.00,1979.00,2002.00
NJ196,1077.00,1077.00,1077.00,1077.00,1124.00,1358.00,1430.00,1509.00,1608.00,1359.00,1462.00,1558.00,1627.00,1707.00,1446.00,1544.00,1640.00,1150.00,1353.00,1555.00,1741.00,1871.00,1886.00,1908.00
NJ198,1021.00,1021.00,1021.00,1021.00,1078.00,1194.00,1280.00,1375.00,1435.00,1196.00,1319.00,1434.00,1435.00,1521.00,1299.00,1417.00,1440.00,1091.00,1191.00,1430.00,1561.00,1716.00,1730.00,1750.00
NJ200,1367.00,1367.00,1367.00,1367.00,1530.00,2002.00,2037.00,2075.00,2137.00,2003.00,2053.00,2100.00,2151.00,2210.00,2045.00,2092.00,2160.00,1583.00,1991.00,2098.00,2235.00,2330.00,2349.00,2377.00
NJ201,1365.00,1365.00,1365.00,1365.00,1448.00,1741.00,1881.00,2034.00,2161.00,1743.00,1943.00,2129.00,2173.00,2224.00,1911.00,2101.00,2181.00,1466.00,1734.00,2122.00,2246.00,2329.00,2348.00,2376.00
NJ202,1421.00,1421.00,1421.00,1421.00,1632.00,1793.00,1880.00,1975.00,2036.00,1795.00,1919.00,2034.00,2037.00,2051.00,1899.00,2017.00,2037.00,1650.00,1789.00,2030.00,2078.00,2185.00,2203.00,2229.00
NJ203,1137.00,1137.00,1137.00,1137.00,1338.00,1586.00,1647.00,1713.00,1811.00,1587.00,1674.00,1754.00,1832.00,1922.00,1660.00,1742.00,1846.00,1366.00,1580.00,1751.00,1961.00,2107.00,2124.00,2149.00
NJ204,1184.00,1184.00,1184.00,1184.00,1348.00,1457.00,1548.00,1649.00,1758.00,1459.00,1590.00,1711.00,1776.00,1851.00,1568.00,1693.00,1788.00,1360.00,1455.00,1707.00,1882.00,2004.00,2021.00,2044.00
NM205,592.00,592.00,592.00,592.00,684.00,805.00,879.00,960.00,1025.00,806.00,912.00,1010.00,1031.00,1066.00,895.00,996.00,1034.00,697.00,802.00,1007.00,1093.00,1198.00,1208.00,1222.00
NM206,803.00,803.00,803.00,803.00,918.00,1069.00,1123.00,1182.00,1254.00,1070.00,1147.00,1219.00,1267.00,1322.00,1135.00,1208.00,1275.00,935.00,1066.00,1217.00,1345.00,1434.00,1446.00,1463.00
NM207,605.00,605.00,605.00,605.00,704.00,818.00,854.00,893.00,960.00,819.00,870.00,917.00,976.00,1044.00,861.00,910.00,987.00,717.00,816.00,915.00,1073.00,1184.00,1194.00,1208.00
NM209,743.00,743.00,743.00,743.00,842.00,938.00,977.00,1020.00,1077.00,939.00,994.00,1046.00,1089.00,1138.00,985.00,1039.00,1096.00,853.00,936.00,1044.00,1158.00,1238.00,1248.00,1263.00
NM210,926.00,926.00,926.00,926.00,1001.00,1250.00,1288.00,1329.00,1399.00,1251.00,1305.00,1355.00,1416.00,1485.00,1296.00,1348.00,1426.00,1029.00,1244.00,1353.00,1515.00,1628.00,1641.00,1661.00
NV199,1154.00,1154.00,1154.00,1154.00,1324.00,1522.00,1610.00,1706.00,1851.00,1524.00,1649.00,1765.00,1884.00,2022.00,1628.00,1748.00,1906.00,1346.00,1518.00,1761.00,2080.00,2304.00,2323.00,2350.00
NV211,1026.00,1026.00,1026.00,1026.00,1120.00,1159.00,1234.00,1316.00,1394.00,1160.00,1268.00,1367.00,1404.00,1448.00,1250.00,1352.00,1411.00,1124.00,1158.00,1363.00,1466.00,1536.00,1549.00,1567.00
NV212,775.00,775.00,775.00,775.00,858.00,1125.00,1192.00,1265.00,1347.00,1126.00,1222.00,1310.00,1361.00,1419.00,1206.00,1297.00,1370.00,885.00,1119.00,1307.00,1444.00,1539.00,1552.00,1570.00
NV213,1026.00,1026.00,1026.00,1026.00,1120.00,1194.00,1284.00,1384.00,1492.00,1196.00,1325.00,1445.00,1510.00,1584.00,1304.00,1427.00,1521.00,1124.00,1192.00,1441.00,1615.00,1736.00,1750.00,1771.00
NY215,910.00,910.00,910.00,910.00,981.00,1173.00,1241.00,1317.00,1402.00,1174.00,1272.00,1363.00,1417.00,1479.00,1256.00,1350.00,1426.00,1003.00,1169.00,1360.00,1505.00,1605.00,1618.00,1637.00
NY216,806.00,806.00,806.00,806.00,885.00,1066.00,1122.00,1182.00,1262.00,1067.00,1146.00,1220.00,1277.00,1344.00,1134.00,1209.00,1288.00,905.00,1062.00,1218.00,1372.00,1479.00,1491.00,1509.00
NY217,1376.00,1376.00,1376.00,1376.00,1755.00,1819.00,1924.00,2039.00,2220.00,1821.00,1971.00,2111.00,2261.00,2435.00,1947.00,2090.00,2288.00,1762.00,1818.00,2106.00,2509.00,2791.00,2814.00,2847.00
NY218,1614.00,1614.00,1614.00,1614.00,1738.00,2116.00,2201.00,2294.00,2390.00,2118.00,2239.00,2352.00,2405.00,2466.00,2219.00,2335.00,2414.00,1781.00,2108.00,2348.00,2492.00,2591.00,2612.00,2643.00
NY219,1873.00,1873.00,1873.00,1873.00,1939.00,2002.00,2089.00,2185.00,2335.00,2004.00,2128.00,2244.00,2369.00,2514.00,2108.00,2227.00,2392.00,1946.00,2001.00,2240.00,2575.00,2810.00,2833.00,2866.00
NY221,839.00,839.00,839.00,839.00,942.00,1090.00,1126.00,1165.00,1220.00,1091.00,1142.00,1189.00,1232.00,1282.00,1133.00,1182.00,1240.00,959.00,1087.00,1187.00,1303.00,1383.00,1394.00,1411.00
NY222,704.00,704.00,704.00,704.00,809.00,917.00,977.00,1043.00,1113.00,918.00,1004.00,1084.00,1125.00,1171.00,990.00,1072.00,1132.00,821.00,915.00,1081.00,1191.00,1267.00,1277.00,1292.00
NY223,698.00,698.00,698.00,698.00,769.00,892.00,928.00,968.00,1006.00,893.00,945.00,993.00,1011.00,1032.00,936.00,986.00,1015.00,772.00,889.00,991.00,1043.00,1106.00,1115.00,1128.00
NY225,722.00,722.00,722.00,722.00,830.00,975.00,1006.00,1040.00,1064.00,976.00,1020.00,1061.00,1065.00,1069.00,1013.00,1055.00,1066.00,846.00,972.00,1060.00,1071.00,1078.00,1087.00,1100.00
NY226,899.00,899.00,899.00,899.00,994.00,1251.00,1339.00,1435.00,1534.00,1253.00,1378.00,1495.00,1549.00,1611.00,1358.00,1478.00,1559.00,1023.00,1245.00,1491.00,1638.00,1739.00,1753.00,1774.00
NY349,1729.00,1729.00,1729.00,1729.00,1959.00,1968.00,2077.00,2198.00,2358.00,1969.00,2127.00,2273.00,2390.00,2526.00,2101.00,2251.00,2411.00,1960.00,1967.00,2268.00,2583.00,2803.00,2826.00,2859.00
NY413,1411.00,1411.00,1411.00,1411.00,1553.00,1650.00,1803.00,1972.00,2101.00,1653.00,1872.00,2076.00,2111.00,2151.00,1836.00,2046.00,2117.00,1564.00,1648.00,2069.00,2168.00,2233.00,2251.00,2278.00
NY444,614.00,614.00,614.00,614.00,634.00,738.00,788.00,842.00,898.00,739.00,810.00,876.00,907.00,941.00,799.00,866.00,912.00,646.00,736.00,874.00,956.00,1013.00,1021.00,1033.00
NY445,984.00,984.00,984.00,984.00,1043.00,1158.00,1189.00,1244.00,1327.00,1159.00,1203.00,1293.00,1340.00,1395.00,1196.00,1279.00,1349.00,1056.00,1156.00,1290.00,1418.00,1506.00,1518.00,1536.00
OH227,747.00,747.00,747.00,747.00,762.00,917.00,946.00,977.00,1014.00,918.00,958.00,996.00,1021.00,1051.00,952.00,991.00,1026.00,779.00,914.00,995.00,1064.00,1149.00,1158.00,1172.00
OH228,843.00,843.00,843.00,843.00,926.00,989.00,1103.00,1228.00,1353.00,991.00,1154.00,1306.00,1371.00,1446.00,1128.00,1283.00,1383.00,933.00,988.00,1301.00,1503.00,1721.00,1735.00,1755.00
OH229,759.00,759.00,759.00,759.00,837.00,956.00,1004.00,1057.00,1145.00,957.00,1026.00,1090.00,1166.00,1253.00,1015.00,1081.00,1179.00,850.00,953.00,1088.00,1290.00,1432.00,1444.00,1461.00
OH230,651.00,651.00,651.00,651.00,707.00,883.00,946.00,1016.00,1106.00,884.00,975.00,1059.00,1124.00,1198.00,960.00,1047.00,1135.00,717.00,879.00,1056.00,1251.00,1453.00,1465.00,1482.00
OH231,665.00,665.00,665.00,665.00,704.00,945.00,995.00,1049.00,1131.00,946.00,1017.00,1083.00,1150.00,1227.00,1006.00,1073.00,1162.00,731.00,940.00,1081.00,1259.00,1384.00,1395.00,1412.00
OH232,782.00,782.00,782.00,782.00,886.00,939.00,970.00,1004.00,1058.00,940.00,984.00,1025.00,1071.00,1123.00,977.00,1019.00,1079.00,892.00,938.00,1024.00,1146.00,1231.00,1241.00,1256.00
OH233,612.00,612.00,612.00,612.00,696.00,753.00,819.00,891.00,965.00,754.00,849.00,936.00,976.00,1021.00,833.00,923.00,983.00,702.00,752.00,933.00,1040.00,1114.00,1123.00,1136.00
OH382,596.00,596.00,596.00,596.00,671.00,779.00,853.00,935.00,1011.00,780.00,887.00,985.00,1021.00,1061.00,869.00,970.00,1027.00,683.00,777.00,982.00,1079.00,1145.00,1154.00,1168.00
OH446,549.00,549.00,549.00,549.00,604.00,731.00,769.00,811.00,843.00,732.00,786.00,837.00,852.00,885.00,778.00,830.00,857.00,618.00,728.00,835.00,900.00,955.00,963.00,974.00
OK235,561.00,561.00,561.00,561.00,611.00,707.00,741.00,779.00,827.00,708.00,757.00,802.00,840.00,893.00,749.00,795.00,848.00,622.00,705.00,801.00,915.00,1001.00,1009.00,1035.00
OK236,551.00,551.00,551.00,551.00,582.00,665.00,695.00,727.00,795.00,666.00,708.00,747.00,813.00,889.00,701.00,741.00,825.00,591.00,663.00,746.00,921.00,1044.00,1053.00,1065.00
OK237,598.00,598.00,598.00,598.00,650.00,767.00,779.00,793.00,804.00,767.00,785.00,801.00,805.00,809.00,782.00,799.00,805.00,663.00,764.00,801.00,829.00,904.00,911.00,946.00
OK239,657.00,657.00,657.00,657.00,726.00,781.00,811.00,844.00,908.00,782.00,824.00,864.00,925.00,995.00,817.00,858.00,936.00,732.00,780.00,863.00,1025.00,1139.00,1148.00,1162.00
OK240,659.00,659.00,659.00,659.00,736.00,872.00,908.00,948.00,1002.00,873.00,924.00,972.00,1013.00,1103.00,916.00,965.00,1021.00,748.00,867.00,970.00,1145.00,1307.00,1318.00,1333.00
OR091,719.00,719.00,719.00,719.00,741.00,890.00,976.00,1071.00,1150.00,892.00,1015.00,1130.00,1158.00,1190.00,995.00,1113.00,1163.00,758.00,887.00,1126.00,1203.00,1255.00,1265.00,1280.00
OR241,700.00,700.00,700.00,700.00,780.00,939.00,959.00,981.00,1041.00,939.00,968.00,1006.00,1054.00,1110.00,963.00,996.00,1063.00,798.00,936.00,1003.00,1134.00,1224.00,1234.00,1248.00
OR242,606.00,606.00,606.00,606.00,656.00,783.00,832.00,887.00,941.00,784.00,855.00,920.00,949.00,982.00,843.00,910.00,954.00,670.00,780.00,918.00,996.00,1049.00,1058.00,1070.00
OR243,887.00,887.00,887.00,887.00,966.00,1166.00,1180.00,1196.00,1236.00,1166.00,1187.00,1205.00,1248.00,1297.00,1183.00,1202.00,1255.00,988.00,1162.00,1205.00,1317.00,1402.00,1414.00,1430.00
OR244,677.00,677.00,677.00,677.00,723.00,853.00,966.00,1091.00,1195.00,855.00,1017.00,1168.00,1206.00,1249.00,991.00,1146.00,1212.00,738.00,850.00,1163.00,1268.00,1338.00,1349.00,1365.00
OR245,669.00,669.00,669.00,669.00,718.00,948.00,1018.00,1095.00,1176.00,949.00,1049.00,1142.00,1188.00,1242.00,1033.00,1128.00,1197.00,744.00,943.00,1139.00,1264.00,1351.00,1362.00,1378.00
OR246,701.00,701.00,701.00,701.00,744.00,845.00,922.00,1006.00,1094.00,846.00,956.00,1058.00,1108.00,1166.00,938.00,1043.00,1117.00,755.00,843.00,1054.00,1190.00,1284.00,1295.00,1310.00
OR373,621.00,621.00,621.00,621.00,687.00,859.00,903.00,951.00,1000.00,860.00,923.00,981.00,1007.00,1037.00,913.00,973.00,1012.00,706.00,855.00,979.00,1050.00,1098.00,1107.00,1120.00
PA247,814.00,814.00,814.00,814.00,905.00,998.00,1061.00,1130.00,1210.00,999.00,1089.00,1172.00,1224.00,1285.00,1074.00,1160.00,1234.00,915.00,996.00,1169.00,1310.00,1408.00,1420.00,1436.00
PA248,1241.00,1241.00,1241.00,1241.00,1400.00,1550.00,1574.00,1601.00,1699.00,1551.00,1585.00,1617.00,1730.00,1861.00,1579.00,1612.00,1750.00,1417.00,1547.00,1616.00,1916.00,2128.00,2146.00,2171.00
PA249,1223.00,1223.00,1223.00,1223.00,1266.00,1563.00,1582.00,1715.00,1939.00,1563.00,1636.00,1798.00,1993.00,2218.00,1608.00,1774.00,2027.00,1299.00,1556.00,1792.00,2313.00,2678.00,2700.00,2732.00
PA250,831.00,831.00,831.00,831.00,962.00,1047.00,1079.00,1114.00,1168.00,1048.00,1093.00,1135.00,1180.00,1232.00,1086.00,1129.00,1188.00,963.00,1043.00,1134.00,1254.00,1338.00,1349.00,1365.00
PA251,802.00,802.00,802.00,802.00,840.00,985.00,992.00,1000.00,1035.00,985.00,996.00,1005.00,1047.00,1094.00,994.00,1004.00,1054.00,856.00,982.00,1005.00,1115.00,1192.00,1202.00,1216.00
PA252,739.00,739.00,739.00,739.00,827.00,981.00,1022.00,1066.00,1129.00,982.00,1040.00,1094.00,1143.00,1199.00,1031.00,1086.00,1152.00,844.00,978.00,1092.00,1223.00,1314.00,1325.00,1340.00
PA253,671.00,671.00,671.00,671.00,762.00,820.00,841.00,863.00,924.00,820.00,850.00,882.00,942.00,1016.00,845.00,876.00,953.00,768.00,819.00,880.00,1048.00,1169.00,1179.00,1192.00
PA254,672.00,672.00,672.00,672.00,769.00,828.00,846.00,866.00,912.00,828.00,854.00,878.00,925.00,979.00,850.00,875.00,933.00,775.00,827.00,877.00,1002.00,1090.00,1099.00,1135.00
PA255,856.00,856.00,856.00,856.00,939.00,1031.00,1042.00,1054.00,1095.00,1031.00,1047.00,1061.00,1109.00,1163.00,1044.00,1059.00,1117.00,949.00,1029.00,1061.00,1186.00,1275.00,1286.00,1301.00
PA383,576.00,576.00,576.00,576.00,655.00,761.00,812.00,868.00,959.00,762.00,835.00,903.00,981.00,1070.00,823.00,893.00,995.00,667.00,759.00,901.00,1108.00,1254.00,1264.00,1279.00
RI256,1241.00,1241.00,1241.00,1241.00,1420.00,1700.00,1792.00,1893.00,2011.00,1702.00,1834.00,1956.00,2032.00,2119.00,1812.00,1938.00,2045.00,1452.00,1694.00,1952.00,2156.00,2298.00,2317.00,2344.00
RI257,1268.00,1268.00,1268.00,1268.00,1343.00,1524.00,1620.00,1725.00,1834.00,1526.00,1663.00,1790.00,1851.00,1922.00,1640.00,1771.00,1862.00,1363.00,1520.00,1785.00,1952.00,2067.00,2084.00,2108.00
SC258,900.00,900.00,900.00,900.00,938.00,1084.00,1092.00,1101.00,1145.00,1084.00,1096.00,1106.00,1160.00,1222.00,1094.00,1105.00,1169.00,954.00,1081.00,1106.00,1248.00,1349.00,1360.00,1376.00
SC259,831.00,831.00,831.00,831.00,845.00,1033.00,1076.00,1123.00,1208.00,1034.00,1095.00,1159.00,1229.00,1318.00,1085.00,1144.00,1243.00,848.00,1028.00,1154.00,1355.00,1507.00,1519.00,1537.00
SC260,785.00,785.00,785.00,785.00,851.00,933.00,987.00,1046.00,1120.00,934.00,1011.00,1083.00,1136.00,1204.00,999.00,1072.00,1147.00,855.00,930.00,1080.00,1233.00,1344.00,1355.00,1371.00
SC261,712.00,712.00,712.00,712.00,792.00,909.00,956.00,1008.00,1083.00,910.00,977.00,1040.00,1099.00,1167.00,966.00,1031.00,1110.00,805.00,906.00,1038.00,1196.00,1342.00,1353.00,1369.00
SC262,888.00,888.00,888.00,888.00,952.00,989.00,1048.00,1112.00,1174.00,990.00,1074.00,1152.00,1183.00,1218.00,1060.00,1141.00,1188.00,956.00,988.00,1149.00,1233.00,1290.00,1301.00,1316.00
SC263,756.00,756.00,756.00,756.00,807.00,937.00,982.00,1032.00,1103.00,938.00,1002.00,1062.00,1118.00,1183.00,992.00,1053.00,1128.00,822.00,934.00,1060.00,1211.00,1316.00,1327.00,1342.00
SC375,782.00,782.00,782.00,782.00,843.00,921.00,968.00,1019.00,1075.00,922.00,989.00,1051.00,1085.00,1123.00,978.00,1042.00,1091.00,852.00,919.00,1049.00,1139.00,1202.00,1212.00,1226.00
SD264,736.00,736.00,736.00,736.00,860.00,927.00,953.00,981.00,1010.00,928.00,964.00,998.00,1015.00,1034.00,958.00,993.00,1018.00,867.00,926.00,997.00,1043.00,1074.00,1083.00,1096.00
SD265,647.00,647.00,647.00,647.00,711.00,856.00,919.00,989.00,1044.00,857.00,948.00,1032.00,1049.00,1068.00,933.00,1020.00,1052.00,727.00,853.00,1029.00,1076.00,1108.00,1117.00,1130.00
TN266,702.00,702.00,702.00,702.00,715.00,832.00,852.00,873.00,938.00,832.00,860.00,903.00,955.00,1034.00,856.00,892.00,967.00,728.00,829.00,900.00,1080.00,1259.00,1269.00,1284.00
TN267,682.00,682.00,682.00,682.00,756.00,873.00,897.00,923.00,954.00,874.00,908.00,939.00,960.00,983.00,902.00,935.00,963.00,769.00,870.00,938.00,993.00,1060.00,1068.00,1081.00
TN268,863.00,863.00,863.00,863.00,907.00,964.00,1042.00,1127.00,1234.00,965.00,1077.00,1180.00,1254.00,1340.00,1059.00,1165.00,1267.00,913.00,963.00,1176.00,1376.00,1573.00,1586.00,1604.00
TN269,862.00,862.00,862.00,862.00,904.00,983.00,1051.00,1146.00,1237.00,984.00,1086.00,1209.00,1248.00,1293.00,1065.00,1191.00,1255.00,909.00,980.00,1205.00,1335.00,1536.00,1549.00,1567.00
TN353,566.00,566.00,566.00,566.00,642.00,783.00,813.00,846.00,899.00,784.00,826.00,866.00,912.00,965.00,819.00,860.00,920.00,658.00,780.00,865.00,988.00,1074.00,1083.00,1096.00
TN354,552.00,552.00,552.00,552.00,590.00,684.00,718.00,754.00,802.00,685.00,733.00,777.00,812.00,857.00,725.00,771.00,818.00,600.00,682.00,776.00,878.00,956.00,964.00,998.00
TN449,627.00,627.00,627.00,627.00,682.00,811.00,839.00,870.00,918.00,812.00,852.00,889.00,929.00,974.00,845.00,884.00,936.00,696.00,808.00,888.00,994.00,1068.00,1077.00,1089.00
TX270,662.00,662.00,662.00,662.00,708.00,885.00,914.00,946.00,998.00,886.00,927.00,965.00,1010.00,1062.00,920.00,960.00,1018.00,728.00,881.00,964.00,1084.00,1168.00,1178.00,1191.00
TX271,708.00,708.00,708.00,708.00,789.00,916.00,968.00,1025.00,1088.00,917.00,991.00,1060.00,1099.00,1144.00,979.00,1050.00,1106.00,803.00,913.00,1058.00,1162.00,1235.00,1245.00,1260.00
TX272,896.00,896.00,896.00,896.00,971.00,1060.00,1176.00,1302.00,1422.00,1062.00,1227.00,1381.00,1440.00,1534.00,1200.00,1358.00,1454.00,981.00,1058.00,1375.00,1574.00,1728.00,1742.00,1762.00
TX273,775.00,775.00,775.00,775.00,845.00,906.00,974.00,1049.00,1154.00,907.00,1005.00,1095.00,1177.00,1271.00,989.00,1082.00,1191.00,852.00,905.00,1092.00,1310.00,1463.00,1475.00,1492.00
TX274,773.00,773.00,773.00,773.00,809.00,1029.00,1081.00,1138.00,1256.00,1030.00,1104.00,1173.00,1288.00,1421.00,1092.00,1163.00,1308.00,834.00,1024.00,1171.00,1477.00,1692.00,1706.00,1726.00
TX275,785.00,785.00,785.00,785.00,873.00,1113.00,1122.00,1131.00,1191.00,1113.00,1126.00,1137.00,1212.00,1299.00,1124.00,1136.00,1225.00,900.00,1108.00,1137.00,1335.00,1476.00,1488.00,1506.00
TX276,657.00,657.00,657.00,657.00,783.00,878.00,912.00,950.00,1036.00,879.00,928.00,973.00,1061.00,1162.00,920.00,966.00,1076.00,794.00,876.00,972.00,1205.00,1369.00,1380.00,1396.00
TX277,878.00,878.00,878.00,878.00,938.00,1129.00,1181.00,1244.00,1377.00,1130.00,1205.00,1312.00,1402.00,1506.00,1193.00,1292.00,1418.00,959.00,1125.00,1307.00,1550.00,1719.00,1733.00,1753.00
TX278,626.00,626.00,626.00,626.00,667.00,858.00,902.00,951.00,1011.00,859.00,922.00,981.00,1022.00,1069.00,912.00,972.00,1029.00,688.00,854.00,979.00,1091.00,1282.00,1293.00,1308.00
TX279,720.00,720.00,720.00,720.00,807.00,902.00,949.00,1001.00,1065.00,903.00,970.00,1033.00,1077.00,1128.00,959.00,1024.00,1085.00,818.00,900.00,1031.00,1149.00,1274.00,1284.00,1299.00
TX280,858.00,858.00,858.00,858.00,948.00,1039.00,1101.00,1254.00,1392.00,1040.00,1164.00,1349.00,1409.00,1477.00,1131.00,1321.00,1419.00,949.00,1035.00,1342.00,1506.00,1618.00,1631.00,1650.00
TX281,682.00,682.00,682.00,682.00,747.00,1045.00,1141.00,1247.00,1317.00,1047.00,1184.00,1312.00,1319.00,1327.00,1162.00,1293.00,1321.00,781.00,1038.00,1307.00,1331.00,1344.00,1355.00,1371.00
TX282,984.00,984.00,984.00,984.00,1070.00,1176.00,1303.00,1465.00,1615.00,1178.00,1369.00,1565.00,1634.00,1713.00,1335.00,1536.00,1646.00,1082.00,1174.00,1558.00,1747.00,1876.00,1891.00,1913.00
TX283,755.00,755.00,755.00,755.00,884.00,1014.00,1038.00,1063.00,1106.00,1015.00,1048.00,1079.00,1116.00,1158.00,1043.00,1075.00,1122.00,899.00,1011.00,1078.00,1176.00,1244.00,1254.00,1269.00
TX284,706.00,706.00,706.00,706.00,795.00,859.00,908.00,962.00,1016.00,860.00,930.00,995.00,1024.00,1058.00,919.00,986.00,1030.00,802.00,858.00,993.00,1072.00,1127.00,1136.00,1150.00
TX285,843.00,843.00,843.00,843.00,918.00,1000.00,1050.00,1106.00,1170.00,1001.00,1073.00,1140.00,1182.00,1229.00,1061.00,1130.00,1189.00,927.00,998.00,1138.00,1250.00,1327.00,1338.00,1354.00
TX286,712.00,712.00,712.00,712.00,784.00,865.00,878.00,892.00,929.00,865.00,884.00,901.00,939.00,984.00,881.00,899.00,946.00,793.00,863.00,901.00,1002.00,1074.00,1083.00,1096.00
TX288,721.00,721.00,721.00,721.00,805.00,900.00,940.00,984.00,1076.00,901.00,958.00,1011.00,1101.00,1205.00,949.00,1003.00,1117.00,816.00,898.00,1009.00,1249.00,1418.00,1430.00,1446.00
TX356,894.00,894.00,894.00,894.00,958.00,1006.00,1075.00,1175.00,1298.00,1007.00,1111.00,1242.00,1320.00,1435.00,1090.00,1223.00,1334.00,963.00,1005.00,1237.00,1488.00,1694.00,1708.00,1728.00
TX387,732.00,732.00,732.00,732.00,802.00,966.00,1006.00,1049.00,1111.00,967.00,1024.00,1076.00,1124.00,1180.00,1014.00,1068.00,1133.00,820.00,962.00,1074.00,1203.00,1293.00,1304.00,1319.00
UT291,668.00,668.00,668.00,668.00,724.00,829.00,859.00,892.00,941.00,830.00,872.00,912.00,952.00,999.00,865.00,906.00,960.00,736.00,827.00,911.00,1019.00,1094.00,1103.00,1116.00
UT292,736.00,736.00,736.00,736.00,826.00,938.00,971.00,1008.00,1076.00,939.00,986.00,1030.00,1094.00,1167.00,978.00,1024.00,1105.00,838.00,936.00,1029.00,1198.00,1317.00,1328.00,1343.00
UT357,673.00,673.00,673.00,673.00,737.00,821.00,880.00,944.00,1014.00,822.00,906.00,984.00,1025.00,1073.00,892.00,973.00,1033.00,746.00,819.00,981.00,1093.00,1170.00,1180.00,1193.00
VA295,929.00,929.00,929.00,929.00,1004.00,1190.00,1252.00,1320.00,1403.00,1191.00,1280.00,1362.00,1419.00,1485.00,1265.00,1350.00,1429.00,1025.00,1186.00,1359.00,1513.00,1620.00,1633.00,1652.00
VA296,1025.00,1025.00,1025.00,1025.00,1079.00,1262.00,1365.00,1477.00,1636.00,1264.00,1411.00,1547.00,1670.00,1812.00,1387.00,1527.00,1692.00,1100.00,1258.00,1542.00,1872.00,2102.00,2119.00,2144.00
VA297,794.00,794.00,794.00,794.00,815.00,886.00,955.00,1030.00,1132.00,887.00,986.00,1077.00,1152.00,1239.00,970.00,1064.00,1166.00,823.00,885.00,1074.00,1276.00,1417.00,1429.00,1445.00
VA298,921.00,921.00,921.00,921.00,923.00,996.00,1045.00,1099.00,1187.00,997.00,1067.00,1132.00,1208.00,1295.00,1056.00,1123.00,1221.00,931.00,994.00,1130.00,1332.00,1473.00,1485.00,1503.00
VA300,660.00,660.00,660.00,660.00,673.00,691.00,778.00,885.00,972.00,693.00,821.00,951.00,980.00,1013.00,799.00,932.00,985.00,674.00,691.00,946.00,1027.00,1097.00,1106.00,1119.00
VA301,783.00,783.00,783.00,783.00,838.00,919.00,1011.00,1112.00,1213.00,921.00,1052.00,1174.00,1228.00,1290.00,1031.00,1156.00,1237.00,847.00,917.00,1170.00,1316.00,1416.00,1428.00,1444.00
VA302,1185.00,1185.00,1185.00,1185.00,1346.00,1409.00,1492.00,1583.00,1689.00,1411.00,1529.00,1639.00,1709.00,1789.00,1510.00,1623.00,1721.00,1353.00,1408.00,1635.00,1823.00,1953.00,1969.00,1992.00
VA303,687.00,687.00,687.00,687.00,747.00,780.00,832.00,889.00,974.00,781.00,855.00,924.00,993.00,1073.00,843.00,914.00,1006.00,750.00,779.00,922.00,1107.00,1237.00,1247.00,1262.00
VA362,723.00,723.00,723.00,723.00,769.00,898.00,979.00,1068.00,1138.00,899.00,1015.00,1123.00,1144.00,1167.00,997.00,1107.00,1147.00,783.00,895.00,1119.00,1177.00,1215.00,1225.00,1239.00
VA368,907.00,907.00,907.00,907.00,972.00,1160.00,1234.00,1315.00,1416.00,1161.00,1267.00,1365.00,1435.00,1516.00,1250.00,1351.00,1448.00,993.00,1156.00,1362.00,1551.00,1682.00,1696.00,1716.00
VT305,1062.00,1062.00,1062.00,1062.00,1179.00,1292.00,1352.00,1418.00,1512.00,1293.00,1379.00,1469.00,1529.00,1598.00,1365.00,1448.00,1540.00,1192.00,1290.00,1464.00,1628.00,1740.00,1754.00,1775.00
WA306,813.00,813.00,813.00,813.00,854.00,1072.00,1110.00,1152.00,1217.00,1073.00,1127.00,1178.00,1232.00,1294.00,1119.00,1171.00,1241.00,879.00,1067.00,1176.00,1320.00,1420.00,1432.00,1448.00
WA307,931.00,931.00,931.00,931.00,1003.00,1238.00,1257.00,1313.00,1418.00,1239.00,1266.00,1379.00,1432.00,1494.00,1261.00,1360.00,1442.00,1029.00,1233.00,1374.00,1520.00,1619.00,1632.00,1651.00
WA308,725.00,725.00,725.00,725.00,807.00,889.00,959.00,1035.00,1102.00,890.00,990.00,1082.00,1110.00,1142.00,974.00,1068.00,1115.00,816.00,887.00,1079.00,1156.00,1208.00,1218.00,1232.00
WA309,1074.00,1074.00,1074.00,1074.00,1171.00,1336.00,1455.00,1585.00,1720.00,1338.00,1508.00,1666.00,1740.00,1826.00,1480.00,1643.00,1753.00,1181.00,1331.00,1660.00,1862.00,2001.00,2018.00,2041.00
WA310,634.00,634.00,634.00,634.00,676.00,748.00,828.00,916.00,991.00,749.00,864.00,970.00,999.00,1033.00,845.00,954.00,1005.00,684.00,746.00,966.00,1047.00,1102.00,1111.00,1124.00
WA311,903.00,903.00,903.00,903.00,1032.00,1121.00,1195.00,1276.00,1357.00,1122.00,1228.00,1326.00,1369.00,1418.00,1211.00,1312.00,1376.00,1042.00,1119.00,1323.00,1438.00,1518.00,1531.00,1548.00
WA312,761.00,761.00,761.00,761.00,811.00,1049.00,1119.00,1195.00,1283.00,1050.00,1150.00,1242.00,1299.00,1364.00,1134.00,1228.00,1309.00,838.00,1044.00,1239.00,1391.00,1497.00,1509.00,1527.00
WA313,711.00,711.00,711.00,711.00,804.00,925.00,980.00,1040.00,1142.00,926.00,1004.00,1077.00,1167.00,1270.00,992.00,1066.00,1182.00,817.00,922.00,1075.00,1313.00,1481.00,1493.00,1511.00
WA315,675.00,675.00,675.00,675.00,766.00,884.00,898.00,913.00,926.00,884.00,904.00,922.00,927.00,933.00,901.00,920.00,928.00,779.00,881.00,922.00,936.00,968.00,1057.00,1140.00
WI316,845.00,845.00,845.00,845.00,891.00,1082.00,1133.00,1189.00,1267.00,1083.00,1156.00,1223.00,1284.00,1354.00,1144.00,1213.00,1295.00,912.00,1078.00,1221.00,1383.00,1497.00,1509.00,1527.00
WI317,972.00,972.00,972.00,972.00,1052.00,1078.00,1126.00,1178.00,1265.00,1079.00,1147.00,1210.00,1286.00,1373.00,1136.00,1201.00,1299.00,1055.00,1078.00,1208.00,1410.00,1552.00,1565.00,1583.00
WI318,602.00,602.00,602.00,602.00,662.00,873.00,893.00,914.00,933.00,873.00,901.00,927.00,935.00,943.00,897.00,923.00,936.00,677.00,868.00,926.00,947.00,961.00,969.00,1025.00
WI319,641.00,641.00,641.00,641.00,728.00,832.00,887.00,947.00,1010.00,833.00,911.00,984.00,1020.00,1060.00,899.00,973.00,1026.00,740.00,830.00,982.00,1078.00,1144.00,1153.00,1167.00
WI358,723.00,723.00,723.00,723.00,773.00,943.00,958.00,974.00,997.00,943.00,965.00,984.00,1002.00,1022.00,961.00,981.00,1005.00,792.00,939.00,984.00,1030.00,1073.00,1082.00,1094.00
WI359,580.00,580.00,580.00,580.00,638.00,792.00,844.00,900.00,956.00,793.00,867.00,935.00,964.00,997.00,855.00,925.00,969.00,655.00,789.00,933.00,1011.00,1065.00,1074.00,1086.00
WI412,673.00,673.00,673.00,673.00,744.00,863.00,870.00,878.00,913.00,863.00,874.00,883.00,925.00,974.00,872.00,882.00,933.00,757.00,861.00,883.00,994.00,1073.00,1082.00,1094.00
WI453,598.00,598.00,598.00,598.00,695.00,864.00,903.00,946.00,1004.00,865.00,920.00,972.00,1016.00,1066.00,911.00,965.00,1023.00,714.00,860.00,970.00,1087.00,1168.00,1178.00,1191.00
WV320,706.00,706.00,706.00,706.00,802.00,854.00,911.00,973.00,1041.00,855.00,937.00,1012.00,1051.00,1097.00,923.00,1001.00,1058.00,808.00,853.00,1009.00,1116.00,1189.00,1199.00,1213.00
WV322,647.00,647.00,647.00,647.00,671.00,848.00,886.00,927.00,965.00,849.00,902.00,952.00,970.00,990.00,894.00,945.00,973.00,691.00,844.00,950.00,998.00,1051.00,1060.00,1072.00
WV323,616.00,616.00,616.00,616.00,671.00,719.00,762.00,809.00,865.00,720.00,781.00,838.00,876.00,919.00,771.00,830.00,882.00,676.00,718.00,836.00,937.00,1007.00,1015.00,1053.00
WV360,599.00,599.00,599.00,599.00,638.00,704.00,748.00,796.00,853.00,705.00,768.00,826.00,863.00,906.00,758.00,818.00,870.00,645.00,703.00,824.00,924.00,994.00,1002.00,1014.00
WV454,702.00,702.00,702.00,702.00,754.00,839.00,898.00,963.00,1029.00,840.00,925.00,1003.00,1039.00,1081.00,911.00,991.00,1046.00,759.00,836.00,1000.00,1099.00,1167.00,1177.00,1190.00
WV455,629.00,629.00,629.00,629.00,687.00,800.00,854.00,913.00,973.00,801.00,878.00,949.00,982.00,1020.00,865.00,939.00,988.00,700.00,798.00,947.00,1036.00,1097.00,1106.00,1119.00
WV456,544.00,544.00,544.00,544.00,596.00,694.00,741.00,792.00,852.00,695.00,762.00,829.00,860.00,896.00,751.00,818.00,866.00,607.00,692.00,826.00,911.00,970.00,978.00,1045.00
WY324,752.00,752.00,752.00,752.00,892.00,937.00,1019.00,1109.00,1175.00,938.00,1055.00,1164.00,1179.00,1197.00,1036.00,1148.00,1182.00,897.00,936.00,1160.00,1205.00,1233.00,1243.00,1258.00
ZZ510,514.00,514.00,514.00,514.00,546.00,627.00,660.00,697.00,744.00,627.00,675.00,719.00,753.00,791.00,668.00,713.00,759.00,556.00,625.00,718.00,808.00,871.00,878.00,888.00
ZZ520,534.00,534.00,534.00,534.00,569.00,653.00,688.00,727.00,775.00,654.00,704.00,750.00,785.00,826.00,696.00,744.00,791.00,578.00,651.00,748.00,842.00,907.00,915.00,926.00
ZZ530,555.00,555.00,555.00,555.00,592.00,679.00,716.00,757.00,807.00,680.00,732.00,782.00,817.00,859.00,725.00,774.00,823.00,602.00,677.00,779.00,876.00,943.00,951.00,962.00
ZZ540,575.00,575.00,575.00,575.00,615.00,706.00,744.00,786.00,839.00,706.00,761.00,813.00,849.00,892.00,753.00,805.00,856.00,625.00,704.00,811.00,909.00,979.00,987.00,999.00
ZZ550,596.00,596.00,596.00,596.00,637.00,732.00,772.00,816.00,871.00,733.00,790.00,843.00,882.00,926.00,782.00,835.00,888.00,648.00,730.00,842.00,944.00,1016.00,1023.00,1035.00
ZZ560,615.00,615.00,615.00,615.00,660.00,759.00,801.00,846.00,903.00,760.00,819.00,874.00,914.00,959.00,809.00,866.00,920.00,672.00,757.00,872.00,978.00,1051.00,1060.00,1073.00
ZZ570,635.00,635.00,635.00,635.00,683.00,786.00,829.00,876.00,934.00,787.00,848.00,905.00,946.00,992.00,837.00,897.00,952.00,694.00,784.00,903.00,1012.00,1088.00,1097.00,1109.00
ZZ580,656.00,656.00,656.00,656.00,705.00,813.00,857.00,906.00,966.00,813.00,877.00,936.00,977.00,1026.00,866.00,928.00,985.00,718.00,809.00,934.00,1046.00,1123.00,1133.00,1146.00
ZZ590,676.00,676.00,676.00,676.00,729.00,839.00,885.00,935.00,998.00,840.00,905.00,968.00,1009.00,1059.00,894.00,958.00,1017.00,741.00,836.00,964.00,1079.00,1160.00,1170.00,1183.00
ZZ600,697.00,697.00,697.00,697.00,751.00,865.00,913.00,965.00,1030.00,866.00,934.00,998.00,1042.00,1092.00,923.00,989.00,1049.00,764.00,863.00,995.00,1114.00,1195.00,1206.00,1220.00
ZZ610,716.00,716.00,716.00,716.00,774.00,892.00,941.00,995.00,1061.00,892.00,963.00,1029.00,1074.00,1126.00,951.00,1019.00,1081.00,787.00,889.00,1027.00,1148.00,1232.00,1242.00,1257.00
ZZ620,736.00,736.00,736.00,736.00,797.00,918.00,970.00,1026.00,1093.00,919.00,992.00,1060.00,1106.00,1159.00,980.00,1050.00,1114.00,811.00,916.00,1058.00,1181.00,1269.00,1278.00,1293.00
ZZ630,757.00,757.00,757.00,757.00,819.00,945.00,998.00,1055.00,1124.00,946.00,1021.00,1091.00,1138.00,1192.00,1008.00,1080.00,1146.00,834.00,942.00,1088.00,1216.00,1304.00,1315.00,1330.00
ZZ640,777.00,777.00,777.00,777.00,843.00,972.00,1026.00,1085.00,1157.00,973.00,1050.00,1122.00,1170.00,1226.00,1037.00,1112.00,1178.00,857.00,969.00,1119.00,1249.00,1341.00,1351.00,1367.00
ZZ650,798.00,798.00,798.00,798.00,865.00,998.00,1054.00,1115.00,1189.00,999.00,1078.00,1152.00,1202.00,1259.00,1065.00,1142.00,1210.00,880.00,995.00,1150.00,1284.00,1376.00,1388.00,1404.00
ZZ660,817.00,817.00,817.00,817.00,888.00,1024.00,1081.00,1145.00,1220.00,1026.00,1107.00,1184.00,1234.00,1292.00,1094.00,1172.00,1243.00,903.00,1021.00,1180.00,1317.00,1413.00,1424.00,1441.00
ZZ670,837.00,837.00,837.00,837.00,911.00,1051.00,1109.00,1175.00,1252.00,1052.00,1136.00,1215.00,1266.00,1327.00,1122.00,1203.00,1276.00,927.00,1048.00,1212.00,1351.00,1448.00,1460.00,1477.00
ZZ680,858.00,858.00,858.00,858.00,933.00,1077.00,1138.00,1204.00,1284.00,1078.00,1165.00,1246.00,1299.00,1360.00,1151.00,1233.00,1308.00,949.00,1074.00,1243.00,1386.00,1485.00,1496.00,1515.00
ZZ690,878.00,878.00,878.00,878.00,956.00,1104.00,1166.00,1234.00,1316.00,1105.00,1194.00,1276.00,1331.00,1393.00,1179.00,1264.00,1341.00,973.00,1101.00,1274.00,1419.00,1520.00,1533.00,1551.00
ZZ700,899.00,899.00,899.00,899.00,979.00,1131.00,1194.00,1264.00,1347.00,1132.00,1223.00,1307.00,1362.00,1427.00,1208.00,1294.00,1373.00,997.00,1128.00,1304.00,1453.00,1557.00,1570.00,1588.00
ZZ710,919.00,919.00,919.00,919.00,1002.00,1158.00,1222.00,1294.00,1379.00,1159.00,1251.00,1338.00,1394.00,1460.00,1236.00,1325.00,1405.00,1019.00,1153.00,1335.00,1487.00,1593.00,1606.00,1624.00
ZZ720,938.00,938.00,938.00,938.00,1024.00,1184.00,1250.00,1323.00,1410.00,1185.00,1280.00,1370.00,1427.00,1493.00,1265.00,1356.00,1437.00,1043.00,1180.00,1366.00,1521.00,1629.00,1643.00,1662.00
ZZ730,959.00,959.00,959.00,959.00,1047.00,1210.00,1278.00,1353.00,1443.00,1212.00,1309.00,1401.00,1459.00,1527.00,1293.00,1387.00,1470.00,1065.00,1206.00,1396.00,1556.00,1665.00,1679.00,1699.00
ZZ740,979.00,979.00,979.00,979.00,1070.00,1237.00,1307.00,1384.00,1474.00,1238.00,1338.00,1431.00,1491.00,1560.00,1322.00,1417.00,1502.00,1089.00,1233.00,1428.00,1589.00,1701.00,1715.00,1735.00
ZZ750,1000.00,1000.00,1000.00,1000.00,1092.00,1263.00,1335.00,1414.00,1506.00,1264.00,1367.00,1462.00,1523.00,1593.00,1350.00,1448.00,1534.00,1112.00,1260.00,1459.00,1623.00,1737.00,1751.00,1772.00
ZZ760,1020.00,1020.00,1020.00,1020.00,1116.00,1290.00,1363.00,1444.00,1538.00,1291.00,1395.00,1493.00,1556.00,1626.00,1379.00,1478.00,1566.00,1135.00,1286.00,1490.00,1657.00,1773.00,1788.00,1808.00
ZZ770,1040.00,1040.00,1040.00,1040.00,1138.00,1317.00,1391.00,1473.00,1570.00,1318.00,1424.00,1524.00,1587.00,1660.00,1407.00,1509.00,1599.00,1159.00,1313.00,1520.00,1691.00,1809.00,1824.00,1846.00
ZZ780,1060.00,1060.00,1060.00,1060.00,1161.00,1343.00,1419.00,1503.00,1602.00,1345.00,1453.00,1556.00,1619.00,1693.00,1436.00,1539.00,1631.00,1181.00,1339.00,1551.00,1724.00,1846.00,1861.00,1882.00
ZZ790,1080.00,1080.00,1080.00,1080.00,1184.00,1370.00,1447.00,1533.00,1633.00,1371.00,1482.00,1586.00,1651.00,1726.00,1464.00,1571.00,1663.00,1205.00,1365.00,1582.00,1759.00,1881.00,1897.00,1919.00
ZZ800,1101.00,1101.00,1101.00,1101.00,1206.00,1396.00,1476.00,1563.00,1665.00,1398.00,1511.00,1617.00,1683.00,1760.00,1493.00,1601.00,1695.00,1228.00,1392.00,1613.00,1793.00,1918.00,1933.00,1955.00
ZZ810,1121.00,1121.00,1121.00,1121.00,1229.00,1422.00,1504.00,1592.00,1696.00,1424.00,1540.00,1648.00,1716.00,1793.00,1521.00,1632.00,1728.00,1251.00,1418.00,1644.00,1826.00,1953.00,1969.00,1993.00
ZZ820,1141.00,1141.00,1141.00,1141.00,1252.00,1449.00,1532.00,1622.00,1729.00,1450.00,1568.00,1679.00,1748.00,1828.00,1549.00,1662.00,1760.00,1274.00,1445.00,1675.00,1861.00,1990.00,2006.00,2030.00
ZZ830,1161.00,1161.00,1161.00,1161.00,1275.00,1476.00,1560.00,1652.00,1760.00,1477.00,1597.00,1710.00,1779.00,1861.00,1578.00,1693.00,1792.00,1298.00,1472.00,1706.00,1894.00,2025.00,2043.00,2066.00
ZZ840,1181.00,1181.00,1181.00,1181.00,1298.00,1503.00,1588.00,1682.00,1792.00,1504.00,1626.00,1740.00,1811.00,1894.00,1606.00,1723.00,1824.00,1321.00,1497.00,1736.00,1929.00,2062.00,2079.00,2103.00
ZZ850,1202.00,1202.00,1202.00,1202.00,1320.00,1529.00,1616.00,1712.00,1824.00,1531.00,1656.00,1772.00,1844.00,1927.00,1635.00,1754.00,1857.00,1344.00,1524.00,1767.00,1963.00,2098.00,2116.00,2140.00
ZZ860,1222.00,1222.00,1222.00,1222.00,1343.00,1556.00,1645.00,1742.00,1855.00,1557.00,1685.00,1803.00,1876.00,1961.00,1663.00,1785.00,1889.00,1367.00,1550.00,1798.00,1996.00,2134.00,2152.00,2177.00
ZZ870,1243.00,1243.00,1243.00,1243.00,1366.00,1582.00,1673.00,1772.00,1888.00,1583.00,1714.00,1834.00,1908.00,1994.00,1692.00,1816.00,1921.00,1390.00,1577.00,1829.00,2031.00,2170.00,2188.00,2213.00
ZZ880,1262.00,1262.00,1262.00,1262.00,1389.00,1608.00,1701.00,1802.00,1919.00,1610.00,1742.00,1864.00,1940.00,2027.00,1720.00,1846.00,1953.00,1414.00,1604.00,1860.00,2064.00,2206.00,2224.00,2250.00
ZZ890,1282.00,1282.00,1282.00,1282.00,1411.00,1635.00,1729.00,1832.00,1951.00,1636.00,1771.00,1895.00,1973.00,2061.00,1749.00,1877.00,1986.00,1437.00,1630.00,1891.00,2098.00,2242.00,2261.00,2288.00
