AK400,716.00,716.00,716.00,716.00,852.00,928.00,1008.00,1173.00,1263.00,963.00,1172.00,1272.00,1455.00,1504.00,1115.00,1243.00,1443.00,918.00,1076.00,1308.00,1497.00,1530.00,1579.00,1611.00
AK401,808.00,808.00,808.00,808.00,911.00,975.00,1060.00,1183.00,1243.00,1019.00,1183.00,1249.00,1364.00,1454.00,1146.00,1230.00,1341.00,963.00,1114.00,1269.00,1441.00,1502.00,1594.00,1626.00
AK402,879.00,879.00,879.00,879.00,975.00,1034.00,1114.00,1267.00,1359.00,1076.00,1266.00,1368.00,1537.00,1610.00,1218.00,1336.00,1518.00,1022.00,1168.00,1402.00,1600.00,1649.00,1724.00,1759.00
AK403,816.00,816.00,816.00,816.00,1056.00,1184.00,1239.00,1318.00,1354.00,1213.00,1317.00,1358.00,1436.00,1531.00,1295.00,1346.00,1412.00,1176.00,1274.00,1370.00,1518.00,1581.00,1678.00,1712.00
AK404,771.00,771.00,771.00,771.00,874.00,949.00,1027.00,1133.00,1187.00,990.00,1133.00,1196.00,1357.00,1487.00,1105.00,1168.00,1331.00,938.00,1076.00,1226.00,1461.00,1587.00,1781.00,1817.00
AK405,657.00,657.00,657.00,657.00,727.00,791.00,896.00,1045.00,1095.00,840.00,1044.00,1099.00,1202.00,1317.00,1014.00,1083.00,1173.00,779.00,970.00,1116.00,1301.00,1378.00,1496.00,1526.00
AL001,459.00,459.00,459.00,459.00,535.00,574.00,584.00,624.00,671.00,579.00,623.00,676.00,750.00,765.00,594.00,660.00,746.00,573.00,590.00,691.00,763.00,774.00,789.00,863.00
AL002,376.00,376.00,376.00,376.00,448.00,492.00,543.00,637.00,704.00,518.00,636.00,711.00,820.00,854.00,595.00,689.00,811.00,484.00,576.00,733.00,849.00,872.00,907.00,925.00
AL003,449.00,449.00,449.00,449.00,499.00,533.00,603.00,693.00,723.00,570.00,692.00,725.00,785.00,844.00,674.00,716.00,770.00,523.00,648.00,735.00,836.00,876.00,936.00,955.00
AL004,585.00,585.00,585.00,585.00,647.00,682.00,707.00,740.00,753.00,695.00,740.00,754.00,781.00,816.00,733.00,750.00,772.00,678.00,723.00,758.00,811.00,834.00,869.00,923.00
AL005,604.00,604.00,604.00,604.00,658.00,690.00,733.00,790.00,812.00,712.00,789.00,814.00,874.00,979.00,776.00,807.00,847.00,684.00,760.00,821.00,964.00,1034.00,1142.00,1165.00
AL006,525.00,525.00,525.00,525.00,595.00,645.00,746.00,863.00,887.00,698.00,863.00,890.00,935.00,971.00,848.00,882.00,926.00,630.00,810.00,898.00,966.00,990.00,1026.00,1047.00
AL007,609.00,609.00,609.00,609.00,669.00,707.00,779.00,894.00,923.00,735.00,894.00,925.00,999.00,1123.00,877.00,916.00,967.00,699.00,841.00,935.00,1105.00,1189.00,1316.00,1343.00
AL008,528.00,528.00,528.00,528.00,596.00,638.00,703.00,792.00,831.00,672.00,792.00,835.00,906.00,959.00,768.00,822.00,892.00,629.00,744.00,847.00,952.00,987.00,1042.00,1063.00
AR010,511.00,511.00,511.00,511.00,577.00,614.00,642.00,709.00,770.00,629.00,709.00,776.00,871.00,886.00,671.00,757.00,867.00,610.00,660.00,797.00,884.00,895.00,910.00,928.00
AR011,506.00,506.00,506.00,506.00,549.00,577.00,626.00,698.00,734.00,602.00,697.00,738.00,801.00,834.00,675.00,726.00,792.00,570.00,657.00,750.00,829.00,851.00,885.00,903.00
AR012,454.00,454.00,454.00,454.00,508.00,541.00,580.00,644.00,681.00,561.00,643.00,685.00,749.00,778.00,620.00,673.00,741.00,535.00,605.00,697.00,774.00,793.00,823.00,884.00
AR411,599.00,599.00,599.00,599.00,675.00,721.00,776.00,857.00,897.00,750.00,856.00,901.00,981.00,1062.00,832.00,888.00,960.00,713.00,811.00,914.00,1050.00,1105.00,1188.00,1212.00
AR419,505.00,505.00,505.00,505.00,512.00,525.00,587.00,660.00,679.00,557.00,660.00,681.00,713.00,734.00,649.00,675.00,708.00,516.00,626.00,687.00,731.00,756.00,782.00,876.00
AZ013,720.00,720.00,720.00,720.00,781.00,821.00,891.00,980.00,1009.00,858.00,980.00,1012.00,1068.00,1119.00,962.00,1003.00,1055.00,811.00,936.00,1022.00,1112.00,1147.00,1199.00,1223.00
AZ014,515.00,515.00,515.00,515.00,581.00,625.00,705.00,814.00,859.00,667.00,814.00,864.00,943.00,991.00,798.00,849.00,931.00,613.00,761.00,879.00,985.00,1017.00,1066.00,1088.00
AZ015,559.00,559.00,559.00,559.00,660.00,722.00,839.00,987.00,1027.00,780.00,986.00,1031.00,1093.00,1106.00,962.00,1018.00,1090.00,710.00,916.00,1044.00,1104.00,1112.00,1129.00,1152.00
AZ016,623.00,623.00,623.00,623.00,701.00,748.00,800.00,878.00,920.00,775.00,878.00,924.00,1001.00,1042.00,852.00,911.00,990.00,740.00,832.00,938.00,1036.00,1064.00,1106.00,1128.00
CA018,1208.00,1208.00,1208.00,1208.00,1335.00,1420.00,1495.00,1748.00,1875.00,1454.00,1747.00,1888.00,2104.00,2212.00,1668.00,1847.00,2077.00,1411.00,1600.00,1930.00,2196.00,2268.00,2378.00,2426.00
CA019,1667.00,1667.00,1667.00,1667.00,1873.00,1998.00,2165.00,2395.00,2496.00,2085.00,2394.00,2506.00,2675.00,2750.00,2332.00,2474.00,2656.00,1973.00,2270.00,2540.00,2739.00,2789.00,2865.00,2922.00
CA021,541.00,541.00,541.00,541.00,594.00,630.00,696.00,786.00,825.00,664.00,786.00,829.00,900.00,954.00,762.00,816.00,886.00,620.00,737.00,841.00,946.00,983.00,1038.00,1059.00
CA022,717.00,717.00,717.00,717.00,765.00,799.00,872.00,965.00,995.00,837.00,964.00,998.00,1069.00,1170.00,946.00,988.00,1043.00,788.00,919.00,1008.00,1155.00,1223.00,1326.00,1353.00
CA023,570.00,570.00,570.00,570.00,648.00,702.00,800.00,918.00,949.00,753.00,918.00,952.00,1015.00,1086.00,899.00,942.00,997.00,687.00,862.00,962.00,1076.00,1124.00,1196.00,1220.00
CA024,924.00,924.00,924.00,924.00,1017.00,1074.00,1154.00,1273.00,1333.00,1116.00,1272.00,1339.00,1460.00,1581.00,1235.00,1320.00,1429.00,1062.00,1205.00,1359.00,1564.00,1646.00,1770.00,1806.00
CA025,1064.00,1064.00,1064.00,1064.00,1240.00,1330.00,1354.00,1441.00,1539.00,1342.00,1440.00,1549.00,1724.00,1838.00,1391.00,1517.00,1695.00,1326.00,1370.00,1581.00,1822.00,1898.00,2015.00,2056.00
CA026,848.00,848.00,848.00,848.00,922.00,973.00,1073.00,1219.00,1293.00,1025.00,1218.00,1300.00,1425.00,1483.00,1173.00,1276.00,1410.00,958.00,1136.00,1325.00,1474.00,1513.00,1572.00,1604.00
CA027,1087.00,1087.00,1087.00,1087.00,1251.00,1341.00,1410.00,1614.00,1730.00,1377.00,1612.00,1745.00,1975.00,2001.00,1542.00,1702.00,1974.00,1331.00,1492.00,1796.00,1991.00,2040.00,2177.00,2220.00
CA028,617.00,617.00,617.00,617.00,671.00,712.00,805.00,915.00,940.00,760.00,914.00,942.00,987.00,1016.00,899.00,934.00,980.00,698.00,864.00,951.00,1012.00,1031.00,1060.00,1081.00
CA030,656.00,656.00,656.00,656.00,706.00,736.00,778.00,837.00,863.00,758.00,837.00,865.00,913.00,954.00,821.00,857.00,903.00,730.00,805.00,874.00,948.00,975.00,1025.00,1046.00
CA031,758.00,758.00,758.00,758.00,832.00,882.00,974.00,1097.00,1148.00,929.00,1097.00,1152.00,1242.00,1299.00,1066.00,1136.00,1227.00,868.00,1032.00,1169.00,1291.00,1329.00,1388.00,1416.00
CA032,498.00,498.00,498.00,498.00,556.00,589.00,621.00,695.00,731.00,605.00,695.00,734.00,797.00,837.00,673.00,723.00,787.00,584.00,650.00,746.00,832.00,869.00,933.00,952.00
CA033,679.00,679.00,679.00,679.00,756.00,810.00,922.00,1059.00,1101.00,868.00,1059.00,1105.00,1195.00,1301.00,1033.00,1092.00,1168.00,794.00,992.00,1119.00,1286.00,1357.00,1465.00,1495.00
CA034,931.00,931.00,931.00,931.00,1003.00,1068.00,1170.00,1384.00,1440.00,1115.00,1383.00,1446.00,1550.00,1627.00,1348.00,1427.00,1530.00,1054.00,1282.00,1465.00,1616.00,1667.00,1746.00,1781.00
CA035,734.00,734.00,734.00,734.00,826.00,883.00,961.00,1083.00,1151.00,923.00,1082.00,1157.00,1275.00,1340.00,1040.00,1135.00,1258.00,871.00,1011.00,1180.00,1331.00,1375.00,1442.00,1471.00
CA036,1082.00,1082.00,1082.00,1082.00,1146.00,1198.00,1266.00,1379.00,1437.00,1229.00,1378.00,1442.00,1543.00,1604.00,1343.00,1424.00,1528.00,1194.00,1314.00,1462.00,1596.00,1636.00,1728.00,1762.00
CA037,1123.00,1123.00,1123.00,1123.00,1254.00,1333.00,1433.00,1576.00,1645.00,1385.00,1575.00,1652.00,1830.00,1894.00,1533.00,1629.00,1813.00,1318.00,1496.00,1675.00,1885.00,1938.00,2044.00,2085.00
CA038,924.00,924.00,924.00,924.00,1065.00,1153.00,1285.00,1472.00,1560.00,1221.00,1470.00,1568.00,1717.00,1783.00,1416.00,1540.00,1700.00,1134.00,1367.00,1598.00,1773.00,1818.00,1885.00,1923.00
CA039,1127.00,1127.00,1127.00,1127.00,1146.00,1181.00,1353.00,1579.00,1664.00,1270.00,1578.00,1672.00,1844.00,2023.00,1525.00,1645.00,1799.00,1156.00,1461.00,1701.00,1998.00,2117.00,2300.00,2346.00
CA040,629.00,629.00,629.00,629.00,660.00,688.00,777.00,885.00,913.00,734.00,884.00,916.00,980.00,1065.00,867.00,907.00,958.00,675.00,834.00,925.00,1053.00,1110.00,1197.00,1221.00
CA041,811.00,811.00,811.00,811.00,868.00,908.00,988.00,1116.00,1192.00,950.00,1116.00,1199.00,1329.00,1397.00,1069.00,1175.00,1312.00,896.00,1039.00,1225.00,1387.00,1433.00,1502.00,1532.00
CA042,627.00,627.00,627.00,627.00,691.00,733.00,807.00,913.00,962.00,772.00,912.00,967.00,1068.00,1177.00,882.00,951.00,1040.00,722.00,854.00,983.00,1161.00,1234.00,1346.00,1373.00
CA044,1599.00,1599.00,1599.00,1599.00,1808.00,1931.00,2069.00,2238.00,2288.00,2002.00,2237.00,2292.00,2400.00,2535.00,2207.00,2276.00,2366.00,1910.00,2156.00,2309.00,2516.00,2607.00,2745.00,2800.00
CA392,921.00,921.00,921.00,921.00,1084.00,1180.00,1289.00,1451.00,1534.00,1237.00,1450.00,1542.00,1688.00,1774.00,1399.00,1516.00,1666.00,1164.00,1358.00,1570.00,1762.00,1819.00,1907.00,1945.00
CA393,738.00,738.00,738.00,738.00,810.00,853.00,898.00,993.00,1072.00,876.00,992.00,1079.00,1216.00,1291.00,943.00,1054.00,1197.00,846.00,926.00,1106.00,1280.00,1330.00,1406.00,1434.00
CA420,703.00,703.00,703.00,703.00,776.00,821.00,883.00,979.00,1031.00,853.00,978.00,1036.00,1136.00,1224.00,946.00,1019.00,1114.00,812.00,923.00,1054.00,1211.00,1270.00,1359.00,1386.00
CA421,714.00,714.00,714.00,714.00,801.00,859.00,918.00,1033.00,1123.00,889.00,1032.00,1131.00,1286.00,1371.00,977.00,1102.00,1264.00,850.00,955.00,1161.00,1359.00,1416.00,1503.00,1533.00
CA457,843.00,843.00,843.00,843.00,906.00,946.00,1007.00,1088.00,1119.00,978.00,1088.00,1122.00,1193.00,1292.00,1069.00,1112.00,1168.00,937.00,1046.00,1132.00,1278.00,1345.00,1446.00,1475.00
CO045,714.00,714.00,714.00,714.00,844.00,918.00,986.00,1089.00,1139.00,953.00,1089.00,1144.00,1253.00,1332.00,1065.00,1127.00,1235.00,908.00,1028.00,1162.00,1320.00,1378.00,1468.00,1498.00
CO046,598.00,598.00,598.00,598.00,681.00,725.00,778.00,895.00,944.00,740.00,895.00,948.00,1042.00,1091.00,865.00,933.00,1029.00,721.00,833.00,964.00,1084.00,1117.00,1168.00,1192.00
CO047,736.00,736.00,736.00,736.00,764.00,797.00,830.00,899.00,949.00,814.00,899.00,954.00,1058.00,1154.00,872.00,937.00,1033.00,792.00,853.00,972.00,1140.00,1205.00,1304.00,1330.00
CO422,784.00,784.00,784.00,784.00,915.00,1005.00,1162.00,1355.00,1412.00,1087.00,1355.00,1417.00,1507.00,1529.00,1320.00,1399.00,1501.00,982.00,1261.00,1436.00,1526.00,1541.00,1579.00,1610.00
CT049,854.00,854.00,854.00,854.00,934.00,984.00,1054.00,1173.00,1249.00,1021.00,1172.00,1257.00,1393.00,1485.00,1125.00,1232.00,1370.00,974.00,1099.00,1282.00,1472.00,1534.00,1628.00,1661.00
CT050,873.00,873.00,873.00,873.00,969.00,1017.00,1026.00,1129.00,1168.00,1022.00,1128.00,1172.00,1270.00,1351.00,1104.00,1159.00,1250.00,1016.00,1067.00,1185.00,1340.00,1394.00,1476.00,1506.00
CT051,1045.00,1045.00,1045.00,1045.00,1255.00,1371.00,1462.00,1562.00,1644.00,1418.00,1562.00,1654.00,1860.00,2008.00,1553.00,1618.00,1822.00,1358.00,1519.00,1692.00,1987.00,2087.00,2239.00,2284.00
DC053,936.00,936.00,936.00,936.00,1107.00,1206.00,1311.00,1482.00,1589.00,1260.00,1481.00,1599.00,1781.00,1871.00,1415.00,1565.00,1758.00,1191.00,1376.00,1635.00,1858.00,1918.00,2010.00,2050.00
DE054,724.00,724.00,724.00,724.00,788.00,832.00,918.00,1014.00,1029.00,876.00,1013.00,1031.00,1064.00,1104.00,1004.00,1026.00,1054.00,819.00,972.00,1036.00,1099.00,1125.00,1166.00,1190.00
DE055,692.00,692.00,692.00,692.00,734.00,780.00,880.00,989.00,1002.00,832.00,989.00,1003.00,1027.00,1042.00,981.00,999.00,1023.00,765.00,944.00,1008.00,1040.00,1051.00,1066.00,1088.00
FL056,557.00,557.00,557.00,557.00,621.00,659.00,706.00,778.00,817.00,684.00,778.00,821.00,890.00,935.00,754.00,809.00,879.00,652.00,736.00,834.00,928.00,958.00,1003.00,1023.00
FL057,715.00,715.00,715.00,715.00,730.00,749.00,823.00,913.00,939.00,787.00,913.00,942.00,989.00,1026.00,897.00,933.00,980.00,738.00,869.00,950.00,1021.00,1045.00,1082.00,1104.00
FL058,683.00,683.00,683.00,683.00,768.00,818.00,873.00,947.00,979.00,846.00,947.00,982.00,1032.00,1048.00,928.00,972.00,1028.00,810.00,907.00,992.00,1046.00,1056.00,1076.00,1098.00
FL059,664.00,664.00,664.00,664.00,709.00,748.00,822.00,992.00,1071.00,775.00,991.00,1078.00,1213.00,1280.00,942.00,1053.00,1196.00,740.00,897.00,1105.00,1271.00,1316.00,1384.00,1412.00
FL061,944.00,944.00,944.00,944.00,1033.00,1096.00,1230.00,1407.00,1473.00,1166.00,1406.00,1479.00,1609.00,1730.00,1365.00,1458.00,1578.00,1076.00,1315.00,1501.00,1713.00,1794.00,1918.00,1957.00
FL062,683.00,683.00,683.00,683.00,768.00,835.00,871.00,930.00,983.00,854.00,929.00,988.00,1083.00,1151.00,907.00,971.00,1066.00,830.00,893.00,1005.00,1142.00,1187.00,1257.00,1282.00
FL063,644.00,644.00,644.00,644.00,673.00,696.00,749.00,811.00,825.00,724.00,811.00,826.00,864.00,935.00,803.00,822.00,846.00,688.00,783.00,831.00,925.00,973.00,1045.00,1066.00
FL064,574.00,574.00,574.00,574.00,652.00,696.00,727.00,786.00,831.00,712.00,786.00,836.00,907.00,923.00,758.00,821.00,903.00,691.00,746.00,851.00,921.00,931.00,947.00,966.00
FL065,656.00,656.00,656.00,656.00,749.00,803.00,858.00,935.00,971.00,831.00,935.00,975.00,1033.00,1053.00,913.00,963.00,1028.00,795.00,892.00,987.00,1050.00,1064.00,1084.00,1106.00
FL066,757.00,757.00,757.00,757.00,790.00,822.00,928.00,1050.00,1076.00,877.00,1050.00,1078.00,1126.00,1164.00,1034.00,1070.00,1116.00,806.00,994.00,1087.00,1158.00,1184.00,1222.00,1247.00
FL067,850.00,850.00,850.00,850.00,935.00,987.00,1066.00,1189.00,1265.00,1023.00,1189.00,1274.00,1407.00,1476.00,1163.00,1246.00,1401.00,977.00,1127.00,1302.00,1464.00,1522.00,1611.00,1643.00
FL068,541.00,541.00,541.00,541.00,632.00,686.00,721.00,786.00,834.00,704.00,785.00,838.00,919.00,961.00,756.00,823.00,909.00,681.00,743.00,854.00,955.00,982.00,1024.00,1045.00
FL069,1170.00,1170.00,1170.00,1170.00,1359.00,1472.00,1611.00,1789.00,1851.00,1544.00,1789.00,1857.00,1989.00,2151.00,1751.00,1837.00,1948.00,1451.00,1699.00,1877.00,2128.00,2237.00,2403.00,2451.00
FL070,630.00,630.00,630.00,630.00,726.00,773.00,775.00,830.00,899.00,774.00,829.00,906.00,1028.00,1066.00,805.00,882.00,1018.00,773.00,792.00,931.00,1061.00,1087.00,1126.00,1149.00
FL397,551.00,551.00,551.00,551.00,609.00,650.00,742.00,851.00,879.00,698.00,851.00,882.00,931.00,962.00,834.00,873.00,923.00,637.00,800.00,891.00,958.00,979.00,1011.00,1031.00
FL423,675.00,675.00,675.00,675.00,705.00,727.00,777.00,858.00,908.00,753.00,857.00,912.00,1000.00,1057.00,827.00,896.00,986.00,720.00,808.00,929.00,1049.00,1087.00,1144.00,1167.00
FL424,709.00,709.00,709.00,709.00,777.00,821.00,898.00,994.00,1028.00,861.00,993.00,1035.00,1164.00,1227.00,975.00,1017.00,1148.00,810.00,946.00,1060.00,1218.00,1260.00,1324.00,1351.00
GA071,855.00,855.00,855.00,855.00,903.00,946.00,1038.00,1147.00,1194.00,994.00,1146.00,1199.00,1289.00,1318.00,1129.00,1181.00,1281.00,932.00,1095.00,1218.00,1314.00,1333.00,1388.00,1416.00
GA072,513.00,513.00,513.00,513.00,563.00,591.00,621.00,665.00,687.00,607.00,664.00,689.00,731.00,768.00,651.00,682.00,722.00,587.00,640.00,696.00,763.00,788.00,825.00,908.00
GA073,630.00,630.00,630.00,630.00,699.00,738.00,776.00,823.00,839.00,758.00,823.00,840.00,878.00,935.00,813.00,835.00,864.00,733.00,799.00,846.00,927.00,965.00,1022.00,1043.00
GA074,524.00,524.00,524.00,524.00,567.00,595.00,641.00,699.00,717.00,619.00,699.00,719.00,757.00,804.00,688.00,713.00,751.00,588.00,671.00,724.00,797.00,828.00,876.00,894.00
GA075,678.00,678.00,678.00,678.00,728.00,763.00,833.00,932.00,979.00,799.00,931.00,983.00,1061.00,1098.00,903.00,968.00,1052.00,753.00,877.00,998.00,1093.00,1117.00,1154.00,1177.00
GA076,675.00,675.00,675.00,675.00,732.00,764.00,795.00,835.00,849.00,780.00,835.00,851.00,888.00,949.00,826.00,846.00,874.00,760.00,814.00,855.00,940.00,981.00,1043.00,1064.00
GA077,716.00,716.00,716.00,716.00,788.00,840.00,890.00,955.00,980.00,866.00,955.00,983.00,1027.00,1055.00,940.00,975.00,1020.00,833.00,921.00,991.00,1051.00,1069.00,1097.00,1119.00
GA078,662.00,662.00,662.00,662.00,758.00,809.00,835.00,877.00,904.00,822.00,877.00,906.00,969.00,1062.00,861.00,898.00,945.00,805.00,851.00,915.00,1049.00,1111.00,1206.00,1230.00
GA079,709.00,709.00,709.00,709.00,779.00,820.00,871.00,939.00,968.00,846.00,939.00,970.00,1027.00,1083.00,921.00,961.00,1013.00,813.00,902.00,980.00,1075.00,1112.00,1169.00,1193.00
GA080,644.00,644.00,644.00,644.00,659.00,670.00,690.00,717.00,728.00,681.00,717.00,729.00,765.00,849.00,711.00,725.00,744.00,667.00,703.00,732.00,837.00,893.00,978.00,998.00
GA081,505.00,505.00,505.00,505.00,553.00,581.00,614.00,664.00,691.00,598.00,664.00,693.00,741.00,774.00,648.00,685.00,732.00,576.00,635.00,702.00,769.00,791.00,826.00,856.00
HI407,1084.00,1084.00,1084.00,1084.00,1219.00,1302.00,1421.00,1596.00,1684.00,1364.00,1594.00,1692.00,1873.00,2068.00,1540.00,1664.00,1824.00,1285.00,1496.00,1722.00,2041.00,2171.00,2371.00,2419.00
HI408,917.00,917.00,917.00,917.00,1112.00,1230.00,1322.00,1459.00,1532.00,1278.00,1458.00,1539.00,1688.00,1848.00,1413.00,1515.00,1647.00,1217.00,1379.00,1563.00,1825.00,1933.00,2097.00,2139.00
HI409,875.00,875.00,875.00,875.00,912.00,949.00,1081.00,1253.00,1317.00,1018.00,1252.00,1324.00,1436.00,1501.00,1213.00,1303.00,1419.00,930.00,1164.00,1345.00,1492.00,1536.00,1603.00,1635.00
IA082,621.00,621.00,621.00,621.00,683.00,730.00,771.00,859.00,919.00,747.00,858.00,925.00,1016.00,1025.00,821.00,905.00,1014.00,727.00,802.00,945.00,1024.00,1030.00,1041.00,1061.00
IA083,531.00,531.00,531.00,531.00,602.00,648.00,721.00,813.00,844.00,686.00,813.00,847.00,911.00,980.00,794.00,837.00,893.00,637.00,767.00,857.00,970.00,1016.00,1087.00,1109.00
IA330,547.00,547.00,547.00,547.00,570.00,595.00,686.00,797.00,830.00,642.00,797.00,833.00,891.00,932.00,777.00,822.00,881.00,582.00,743.00,844.00,926.00,954.00,995.00,1015.00
IA331,436.00,436.00,436.00,436.00,494.00,533.00,603.00,679.00,689.00,570.00,679.00,690.00,715.00,767.00,674.00,687.00,703.00,523.00,648.00,693.00,756.00,788.00,836.00,878.00
IA332,462.00,462.00,462.00,462.00,512.00,545.00,599.00,690.00,747.00,573.00,689.00,752.00,856.00,931.00,654.00,734.00,837.00,537.00,634.00,771.00,920.00,970.00,1046.00,1067.00
IA389,468.00,468.00,468.00,468.00,526.00,562.00,616.00,677.00,688.00,590.00,677.00,689.00,707.00,723.00,671.00,685.00,704.00,554.00,651.00,692.00,717.00,742.00,787.00,849.00
IA425,601.00,601.00,601.00,601.00,705.00,771.00,873.00,1006.00,1052.00,824.00,1005.00,1056.00,1135.00,1169.00,987.00,1041.00,1126.00,756.00,938.00,1072.00,1164.00,1187.00,1222.00,1247.00
ID084,599.00,599.00,599.00,599.00,614.00,626.00,658.00,717.00,761.00,642.00,717.00,766.00,875.00,896.00,690.00,751.00,869.00,621.00,678.00,789.00,893.00,908.00,930.00,949.00
ID085,418.00,418.00,418.00,418.00,482.00,522.00,578.00,654.00,685.00,551.00,654.00,688.00,739.00,798.00,635.00,678.00,734.00,514.00,614.00,698.00,776.00,801.00,804.00,863.00
ID086,533.00,533.00,533.00,533.00,599.00,638.00,683.00,747.00,777.00,661.00,747.00,780.00,833.00,866.00,729.00,770.00,824.00,631.00,712.00,790.00,861.00,883.00,917.00,936.00
ID087,377.00,377.00,377.00,377.00,433.00,469.00,521.00,606.00,660.00,496.00,606.00,665.00,746.00,753.00,573.00,648.00,744.00,461.00,553.00,683.00,752.00,757.00,770.00,825.00
ID333,437.00,437.00,437.00,437.00,506.00,547.00,601.00,730.00,792.00,573.00,729.00,798.00,898.00,923.00,691.00,778.00,891.00,540.00,658.00,819.00,919.00,936.00,1023.00,1044.00
ID426,462.00,462.00,462.00,462.00,524.00,561.00,606.00,666.00,691.00,584.00,666.00,694.00,741.00,782.00,651.00,686.00,731.00,554.00,634.00,702.00,776.00,804.00,845.00,862.00
IL088,513.00,513.00,513.00,513.00,612.00,667.00,706.00,768.00,806.00,687.00,768.00,809.00,877.00,924.00,745.00,797.00,865.00,661.00,730.00,822.00,917.00,949.00,997.00,1017.00
IL089,514.00,514.00,514.00,514.00,571.00,608.00,671.00,743.00,757.00,641.00,743.00,759.00,794.00,847.00,734.00,754.00,780.00,599.00,710.00,763.00,839.00,875.00,929.00,948.00
IL090,581.00,581.00,581.00,581.00,645.00,688.00,760.00,851.00,881.00,725.00,851.00,884.00,937.00,972.00,833.00,874.00,928.00,677.00,806.00,894.00,967.00,993.00,1075.00,1097.00
IL092,782.00,782.00,782.00,782.00,874.00,931.00,1028.00,1198.00,1272.00,972.00,1198.00,1282.00,1455.00,1496.00,1161.00,1247.00,1445.00,919.00,1112.00,1319.00,1490.00,1517.00,1558.00,1589.00
IL093,537.00,537.00,537.00,537.00,637.00,697.00,770.00,863.00,893.00,735.00,862.00,895.00,962.00,1050.00,844.00,886.00,940.00,686.00,817.00,905.00,1038.00,1096.00,1186.00,1210.00
IL325,1026.00,1026.00,1026.00,1026.00,1207.00,1316.00,1454.00,1626.00,1678.00,1388.00,1625.00,1683.00,1770.00,1811.00,1593.00,1666.00,1760.00,1296.00,1541.00,1700.00,1805.00,1833.00,1874.00,1912.00
IL335,468.00,468.00,468.00,468.00,509.00,539.00,601.00,705.00,770.00,571.00,704.00,776.00,882.00,917.00,664.00,755.00,873.00,530.00,641.00,798.00,912.00,936.00,972.00,992.00
IL366,594.00,594.00,594.00,594.00,693.00,767.00,862.00,1027.00,1100.00,816.00,1026.00,1107.00,1229.00,1287.00,982.00,1083.00,1214.00,753.00,935.00,1131.00,1279.00,1318.00,1377.00,1405.00
IL427,480.00,480.00,480.00,480.00,585.00,639.00,661.00,702.00,733.00,650.00,702.00,736.00,815.00,874.00,683.00,726.00,800.00,636.00,675.00,746.00,866.00,906.00,971.00,991.00
IN094,574.00,574.00,574.00,574.00,632.00,667.00,723.00,801.00,843.00,695.00,800.00,848.00,928.00,992.00,783.00,834.00,911.00,662.00,761.00,862.00,983.00,1027.00,1093.00,1115.00
IN096,566.00,566.00,566.00,566.00,624.00,665.00,698.00,756.00,786.00,679.00,756.00,789.00,844.00,886.00,738.00,779.00,833.00,662.00,723.00,799.00,880.00,908.00,951.00,970.00
IN097,533.00,533.00,533.00,533.00,599.00,637.00,676.00,730.00,755.00,657.00,730.00,757.00,801.00,829.00,723.00,749.00,794.00,631.00,700.00,766.00,825.00,844.00,872.00,911.00
IN099,590.00,590.00,590.00,590.00,626.00,658.00,752.00,851.00,857.00,707.00,851.00,858.00,872.00,890.00,847.00,856.00,867.00,644.00,812.00,860.00,887.00,900.00,918.00,970.00
IN337,500.00,500.00,500.00,500.00,572.00,618.00,685.00,770.00,799.00,653.00,770.00,801.00,862.00,921.00,753.00,792.00,858.00,608.00,728.00,811.00,912.00,954.00,1017.00,1037.00
IN338,451.00,451.00,451.00,451.00,511.00,548.00,606.00,669.00,679.00,578.00,669.00,680.00,701.00,727.00,663.00,676.00,694.00,540.00,642.00,683.00,723.00,741.00,790.00,858.00
IN367,628.00,628.00,628.00,628.00,672.00,702.00,764.00,855.00,878.00,731.00,855.00,880.00,920.00,942.00,841.00,873.00,914.00,694.00,812.00,888.00,939.00,954.00,976.00,996.00
IN399,573.00,573.00,573.00,573.00,641.00,679.00,715.00,783.00,833.00,698.00,782.00,838.00,921.00,953.00,751.00,822.00,913.00,674.00,737.00,855.00,949.00,970.00,1003.00,1023.00
KS100,463.00,463.00,463.00,463.00,543.00,593.00,659.00,745.00,777.00,627.00,745.00,780.00,832.00,847.00,725.00,770.00,828.00,583.00,700.00,791.00,845.00,856.00,871.00,889.00
KS101,546.00,546.00,546.00,546.00,592.00,622.00,674.00,762.00,820.00,649.00,762.00,826.00,919.00,958.00,726.00,807.00,912.00,614.00,706.00,845.00,952.00,978.00,1018.00,1039.00
KS102,550.00,550.00,550.00,550.00,645.00,699.00,746.00,822.00,868.00,724.00,822.00,872.00,956.00,1018.00,794.00,858.00,940.00,692.00,776.00,888.00,1009.00,1051.00,1114.00,1137.00
KS104,638.00,638.00,638.00,638.00,700.00,744.00,841.00,954.00,981.00,794.00,954.00,983.00,1032.00,1071.00,938.00,975.00,1022.00,730.00,902.00,992.00,1066.00,1092.00,1132.00,1155.00
KS105,515.00,515.00,515.00,515.00,560.00,598.00,704.00,841.00,889.00,653.00,840.00,894.00,969.00,983.00,811.00,878.00,965.00,582.00,771.00,910.00,981.00,991.00,1006.00,1026.00
KS334,452.00,452.00,452.00,452.00,487.00,510.00,550.00,601.00,618.00,531.00,601.00,620.00,651.00,685.00,590.00,614.00,646.00,504.00,575.00,626.00,674.00,694.00,723.00,851.00
KY106,456.00,456.00,456.00,456.00,506.00,535.00,569.00,627.00,664.00,553.00,627.00,668.00,728.00,747.00,604.00,656.00,723.00,530.00,591.00,680.00,744.00,757.00,776.00,866.00
KY107,535.00,535.00,535.00,535.00,634.00,691.00,747.00,820.00,849.00,720.00,820.00,851.00,898.00,915.00,803.00,842.00,893.00,683.00,782.00,861.00,913.00,924.00,942.00,961.00
KY109,521.00,521.00,521.00,521.00,545.00,582.00,662.00,771.00,815.00,624.00,770.00,820.00,897.00,938.00,743.00,805.00,886.00,570.00,712.00,835.00,932.00,959.00,1001.00,1021.00
KY110,409.00,409.00,409.00,409.00,456.00,485.00,527.00,573.00,579.00,507.00,572.00,579.00,609.00,690.00,569.00,577.00,598.00,479.00,553.00,581.00,678.00,732.00,815.00,832.00
KY112,409.00,409.00,409.00,409.00,466.00,503.00,566.00,651.00,687.00,536.00,651.00,691.00,754.00,792.00,629.00,679.00,744.00,494.00,605.00,703.00,787.00,813.00,852.00,869.00
KY339,466.00,466.00,466.00,466.00,516.00,549.00,603.00,684.00,725.00,577.00,683.00,729.00,804.00,857.00,658.00,716.00,790.00,541.00,638.00,743.00,850.00,885.00,940.00,959.00
KY429,432.00,432.00,432.00,432.00,488.00,533.00,598.00,691.00,735.00,567.00,691.00,739.00,820.00,882.00,664.00,725.00,804.00,523.00,639.00,754.00,874.00,915.00,979.00,999.00
KY430,389.00,389.00,389.00,389.00,453.00,486.00,502.00,535.00,562.00,495.00,535.00,565.00,638.00,706.00,524.00,556.00,617.00,484.00,513.00,578.00,696.00,739.00,781.00,873.00
LA113,477.00,477.00,477.00,477.00,526.00,553.00,575.00,626.00,671.00,564.00,625.00,676.00,761.00,828.00,600.00,661.00,744.00,550.00,589.00,691.00,819.00,864.00,932.00,951.00
LA114,609.00,609.00,609.00,609.00,673.00,710.00,744.00,791.00,809.00,728.00,790.00,811.00,865.00,966.00,779.00,805.00,839.00,705.00,766.00,817.00,952.00,1020.00,1124.00,1147.00
LA115,453.00,453.00,453.00,453.00,490.00,515.00,556.00,630.00,682.00,536.00,630.00,687.00,773.00,812.00,598.00,670.00,763.00,509.00,582.00,704.00,807.00,833.00,873.00,891.00
LA116,621.00,621.00,621.00,621.00,683.00,719.00,757.00,834.00,896.00,739.00,833.00,902.00,1006.00,1051.00,795.00,882.00,995.00,714.00,781.00,923.00,1045.00,1075.00,1138.00,1161.00
LA117,523.00,523.00,523.00,523.00,573.00,612.00,714.00,846.00,894.00,665.00,846.00,898.00,981.00,1032.00,817.00,883.00,968.00,597.00,779.00,914.00,1025.00,1059.00,1111.00,1133.00
LA118,515.00,515.00,515.00,515.00,580.00,618.00,660.00,746.00,817.00,640.00,745.00,823.00,950.00,1038.00,702.00,801.00,928.00,612.00,686.00,847.00,1026.00,1084.00,1174.00,1198.00
LA326,488.00,488.00,488.00,488.00,557.00,599.00,654.00,727.00,755.00,627.00,726.00,758.00,813.00,863.00,709.00,749.00,800.00,591.00,688.00,767.00,856.00,889.00,940.00,959.00
LA370,486.00,486.00,486.00,486.00,550.00,590.00,649.00,734.00,775.00,620.00,733.00,779.00,854.00,905.00,708.00,766.00,841.00,581.00,686.00,793.00,897.00,931.00,983.00,1003.00
LA371,567.00,567.00,567.00,567.00,610.00,636.00,674.00,729.00,759.00,656.00,729.00,761.00,818.00,847.00,711.00,752.00,813.00,631.00,697.00,771.00,842.00,865.00,899.00,917.00
MA119,920.00,920.00,920.00,920.00,1059.00,1217.00,1297.00,1415.00,1475.00,1259.00,1415.00,1481.00,1586.00,1654.00,1378.00,1461.00,1569.00,1205.00,1348.00,1500.00,1645.00,1690.00,1760.00,1795.00
MA120,1335.00,1335.00,1335.00,1335.00,1554.00,1679.00,1800.00,1991.00,1997.00,1740.00,1991.00,1998.00,2038.00,2167.00,1988.00,1996.00,2012.00,1661.00,1918.00,2000.00,2148.00,2234.00,2365.00,2412.00
MA121,920.00,920.00,920.00,920.00,1059.00,1217.00,1297.00,1415.00,1475.00,1259.00,1415.00,1481.00,1586.00,1654.00,1378.00,1461.00,1569.00,1205.00,1348.00,1500.00,1645.00,1690.00,1760.00,1795.00
MA122,971.00,971.00,971.00,971.00,1151.00,1249.00,1284.00,1337.00,1366.00,1267.00,1337.00,1369.00,1480.00,1631.00,1319.00,1360.00,1442.00,1244.00,1306.00,1379.00,1609.00,1710.00,1864.00,1902.00
MA123,1045.00,1045.00,1045.00,1045.00,1160.00,1237.00,1376.00,1520.00,1565.00,1309.00,1520.00,1570.00,1669.00,1733.00,1516.00,1552.00,1653.00,1216.00,1464.00,1589.00,1724.00,1767.00,1832.00,1869.00
MA124,1125.00,1125.00,1125.00,1125.00,1263.00,1340.00,1467.00,1617.00,1652.00,1406.00,1616.00,1656.00,1743.00,1882.00,1595.00,1644.00,1708.00,1331.00,1547.00,1667.00,1862.00,1955.00,2096.00,2138.00
MA125,991.00,991.00,991.00,991.00,1149.00,1236.00,1305.00,1430.00,1519.00,1272.00,1429.00,1528.00,1691.00,1813.00,1374.00,1499.00,1660.00,1226.00,1348.00,1557.00,1795.00,1877.00,2001.00,2041.00
MA126,697.00,697.00,697.00,697.00,834.00,904.00,923.00,950.00,1061.00,914.00,950.00,1074.00,1286.00,1369.00,942.00,1032.00,1265.00,901.00,935.00,1117.00,1357.00,1413.00,1544.00,1575.00
MA151,920.00,920.00,920.00,920.00,1059.00,1217.00,1297.00,1415.00,1475.00,1259.00,1415.00,1481.00,1586.00,1654.00,1378.00,1461.00,1569.00,1205.00,1348.00,1500.00,1645.00,1690.00,1760.00,1795.00
MA377,1221.00,1221.00,1221.00,1221.00,1325.00,1441.00,1638.00,1836.00,1838.00,1543.00,1836.00,1839.00,1876.00,2012.00,1835.00,1838.00,1842.00,1412.00,1762.00,1840.00,1993.00,2083.00,2222.00,2267.00
MA431,593.00,593.00,593.00,593.00,628.00,652.00,697.00,797.00,887.00,675.00,796.00,896.00,1043.00,1096.00,741.00,867.00,1029.00,646.00,724.00,926.00,1088.00,1124.00,1182.00,1206.00
MD127,737.00,737.00,737.00,737.00,773.00,797.00,840.00,907.00,944.00,820.00,907.00,947.00,1024.00,1113.00,884.00,935.00,1002.00,791.00,868.00,960.00,1100.00,1160.00,1270.00,1295.00
MD128,939.00,939.00,939.00,939.00,1048.00,1119.00,1234.00,1363.00,1384.00,1179.00,1363.00,1386.00,1435.00,1570.00,1350.00,1379.00,1417.00,1102.00,1307.00,1393.00,1550.00,1644.00,1788.00,1824.00
MD129,697.00,697.00,697.00,697.00,786.00,861.00,978.00,1143.00,1218.00,922.00,1142.00,1225.00,1359.00,1447.00,1096.00,1201.00,1337.00,844.00,1052.00,1250.00,1435.00,1493.00,1583.00,1615.00
MD130,846.00,846.00,846.00,846.00,918.00,966.00,1052.00,1175.00,1233.00,1011.00,1174.00,1238.00,1331.00,1357.00,1139.00,1220.00,1324.00,953.00,1107.00,1258.00,1353.00,1371.00,1397.00,1425.00
MD133,1036.00,1036.00,1036.00,1036.00,1086.00,1119.00,1171.00,1230.00,1279.00,1146.00,1230.00,1283.00,1380.00,1465.00,1223.00,1267.00,1359.00,1111.00,1203.00,1300.00,1453.00,1509.00,1595.00,1627.00
MD134,852.00,852.00,852.00,852.00,932.00,979.00,1038.00,1141.00,1219.00,1008.00,1141.00,1227.00,1377.00,1504.00,1103.00,1201.00,1345.00,971.00,1079.00,1253.00,1486.00,1571.00,1701.00,1735.00
MD135,840.00,840.00,840.00,840.00,895.00,935.00,1027.00,1149.00,1198.00,983.00,1148.00,1202.00,1298.00,1390.00,1118.00,1187.00,1275.00,922.00,1084.00,1219.00,1377.00,1438.00,1532.00,1563.00
MD340,451.00,451.00,451.00,451.00,482.00,504.00,548.00,611.00,642.00,527.00,611.00,645.00,702.00,747.00,592.00,635.00,690.00,498.00,576.00,655.00,741.00,771.00,818.00,848.00
MD432,656.00,656.00,656.00,656.00,737.00,786.00,849.00,951.00,1012.00,819.00,950.00,1018.00,1114.00,1139.00,913.00,998.00,1108.00,777.00,889.00,1038.00,1136.00,1152.00,1177.00,1201.00
ME136,663.00,663.00,663.00,663.00,780.00,854.00,963.00,1079.00,1090.00,911.00,1079.00,1091.00,1125.00,1198.00,1073.00,1088.00,1107.00,838.00,1032.00,1095.00,1188.00,1237.00,1311.00,1337.00
ME137,433.00,433.00,433.00,433.00,469.00,498.00,533.00,603.00,641.00,510.00,603.00,644.00,709.00,746.00,580.00,632.00,700.00,495.00,562.00,657.00,741.00,765.00,802.00,850.00
ME139,815.00,815.00,815.00,815.00,885.00,933.00,1030.00,1155.00,1199.00,983.00,1154.00,1204.00,1307.00,1453.00,1127.00,1189.00,1270.00,919.00,1091.00,1219.00,1433.00,1531.00,1680.00,1714.00
ME141,715.00,715.00,715.00,715.00,785.00,838.00,898.00,985.00,1027.00,869.00,985.00,1031.00,1113.00,1189.00,959.00,1018.00,1094.00,829.00,936.00,1045.00,1178.00,1229.00,1306.00,1332.00
ME390,583.00,583.00,583.00,583.00,665.00,713.00,765.00,842.00,880.00,740.00,841.00,883.00,957.00,1021.00,818.00,871.00,940.00,705.00,798.00,896.00,1012.00,1056.00,1122.00,1145.00
MI142,652.00,652.00,652.00,652.00,733.00,786.00,877.00,1038.00,1150.00,833.00,1037.00,1160.00,1337.00,1378.00,968.00,1124.00,1326.00,773.00,934.00,1197.00,1373.00,1400.00,1443.00,1472.00
MI143,440.00,440.00,440.00,440.00,506.00,548.00,608.00,688.00,721.00,579.00,688.00,724.00,786.00,837.00,668.00,714.00,773.00,539.00,646.00,735.00,830.00,865.00,917.00,936.00
MI145,578.00,578.00,578.00,578.00,620.00,643.00,665.00,710.00,748.00,655.00,710.00,752.00,819.00,863.00,686.00,739.00,808.00,640.00,678.00,764.00,857.00,886.00,932.00,950.00
MI146,656.00,656.00,656.00,656.00,720.00,763.00,836.00,927.00,957.00,801.00,927.00,960.00,1015.00,1056.00,909.00,950.00,1004.00,752.00,882.00,970.00,1051.00,1078.00,1121.00,1144.00
MI148,526.00,526.00,526.00,526.00,567.00,597.00,664.00,749.00,778.00,632.00,749.00,780.00,834.00,880.00,732.00,771.00,822.00,587.00,707.00,790.00,874.00,905.00,952.00,971.00
MI149,501.00,501.00,501.00,501.00,563.00,602.00,665.00,744.00,767.00,635.00,743.00,770.00,811.00,832.00,729.00,762.00,805.00,593.00,705.00,778.00,829.00,843.00,865.00,885.00
MI152,534.00,534.00,534.00,534.00,592.00,647.00,709.00,813.00,875.00,679.00,812.00,881.00,982.00,1015.00,774.00,861.00,974.00,638.00,748.00,902.00,1011.00,1033.00,1066.00,1088.00
MI153,667.00,667.00,667.00,667.00,719.00,758.00,850.00,959.00,988.00,805.00,959.00,990.00,1046.00,1102.00,942.00,981.00,1032.00,744.00,908.00,1000.00,1094.00,1132.00,1189.00,1213.00
MI154,545.00,545.00,545.00,545.00,596.00,633.00,728.00,864.00,901.00,678.00,864.00,905.00,968.00,1000.00,841.00,893.00,960.00,622.00,799.00,917.00,994.00,1019.00,1081.00,1102.00
MI155,746.00,746.00,746.00,746.00,862.00,938.00,1074.00,1239.00,1284.00,1009.00,1238.00,1288.00,1380.00,1479.00,1211.00,1274.00,1355.00,918.00,1160.00,1303.00,1465.00,1532.00,1633.00,1666.00
MI156,505.00,505.00,505.00,505.00,573.00,612.00,653.00,715.00,748.00,633.00,714.00,751.00,812.00,854.00,694.00,741.00,801.00,606.00,679.00,763.00,848.00,877.00,920.00,939.00
MI157,405.00,405.00,405.00,405.00,457.00,489.00,527.00,583.00,611.00,509.00,583.00,613.00,666.00,711.00,566.00,604.00,654.00,483.00,551.00,622.00,704.00,735.00,781.00,797.00
MI391,520.00,520.00,520.00,520.00,594.00,648.00,723.00,852.00,895.00,687.00,851.00,900.00,981.00,1048.00,825.00,886.00,964.00,637.00,781.00,914.00,1039.00,1084.00,1152.00,1175.00
MI434,569.00,569.00,569.00,569.00,629.00,668.00,734.00,817.00,843.00,702.00,817.00,845.00,899.00,962.00,801.00,837.00,883.00,658.00,776.00,854.00,953.00,995.00,1059.00,1080.00
MN158,632.00,632.00,632.00,632.00,702.00,751.00,789.00,850.00,897.00,771.00,850.00,901.00,982.00,1023.00,828.00,886.00,971.00,745.00,813.00,917.00,1017.00,1045.00,1087.00,1109.00
MN159,781.00,781.00,781.00,781.00,876.00,934.00,1044.00,1206.00,1251.00,980.00,1206.00,1256.00,1355.00,1398.00,1178.00,1241.00,1349.00,923.00,1128.00,1271.00,1389.00,1435.00,1507.00,1537.00
MN376,535.00,535.00,535.00,535.00,597.00,638.00,703.00,790.00,824.00,672.00,790.00,827.00,894.00,961.00,769.00,816.00,877.00,628.00,744.00,838.00,952.00,997.00,1065.00,1086.00
MN436,582.00,582.00,582.00,582.00,620.00,666.00,707.00,821.00,870.00,683.00,821.00,874.00,959.00,1011.00,791.00,859.00,946.00,661.00,760.00,890.00,1004.00,1038.00,1091.00,1113.00
MO160,555.00,555.00,555.00,555.00,596.00,639.00,729.00,846.00,881.00,682.00,846.00,884.00,949.00,1011.00,827.00,873.00,935.00,628.00,791.00,895.00,1001.00,1047.00,1126.00,1148.00
MO161,706.00,706.00,706.00,706.00,783.00,827.00,868.00,932.00,969.00,848.00,932.00,972.00,1048.00,1129.00,909.00,960.00,1027.00,821.00,894.00,985.00,1117.00,1172.00,1255.00,1280.00
MO162,445.00,445.00,445.00,445.00,503.00,540.00,605.00,686.00,714.00,574.00,686.00,716.00,763.00,784.00,669.00,707.00,757.00,531.00,645.00,725.00,781.00,795.00,817.00,834.00
MO163,521.00,521.00,521.00,521.00,574.00,609.00,670.00,759.00,802.00,641.00,758.00,806.00,876.00,901.00,732.00,792.00,870.00,600.00,709.00,820.00,898.00,915.00,940.00,959.00
MO164,500.00,500.00,500.00,500.00,544.00,573.00,619.00,683.00,713.00,597.00,683.00,716.00,771.00,814.00,665.00,706.00,760.00,566.00,648.00,726.00,808.00,837.00,881.00,899.00
MO165,519.00,519.00,519.00,519.00,597.00,643.00,698.00,765.00,782.00,672.00,765.00,784.00,834.00,929.00,754.00,778.00,810.00,635.00,733.00,790.00,916.00,979.00,1076.00,1098.00
MO343,448.00,448.00,448.00,448.00,526.00,572.00,620.00,688.00,721.00,597.00,688.00,724.00,786.00,837.00,668.00,714.00,773.00,565.00,650.00,735.00,830.00,865.00,917.00,936.00
MO344,473.00,473.00,473.00,473.00,505.00,521.00,525.00,564.00,589.00,523.00,564.00,592.00,649.00,722.00,553.00,583.00,634.00,521.00,536.00,601.00,711.00,762.00,792.00,882.00
MS168,546.00,546.00,546.00,546.00,589.00,621.00,696.00,790.00,820.00,660.00,789.00,823.00,872.00,886.00,771.00,813.00,868.00,610.00,743.00,833.00,884.00,893.00,907.00,925.00
MS169,556.00,556.00,556.00,556.00,606.00,634.00,658.00,695.00,713.00,646.00,694.00,715.00,754.00,797.00,683.00,709.00,743.00,630.00,674.00,721.00,791.00,819.00,863.00,881.00
MS170,593.00,593.00,593.00,593.00,655.00,689.00,715.00,803.00,900.00,703.00,802.00,909.00,1056.00,1061.00,742.00,878.00,1054.00,685.00,732.00,942.00,1061.00,1064.00,1070.00,1092.00
MS171,510.00,510.00,510.00,510.00,542.00,567.00,629.00,740.00,817.00,599.00,739.00,825.00,957.00,1023.00,691.00,800.00,940.00,558.00,668.00,851.00,1014.00,1058.00,1126.00,1149.00
MS172,520.00,520.00,520.00,520.00,564.00,592.00,644.00,726.00,775.00,619.00,725.00,779.00,856.00,874.00,695.00,764.00,852.00,585.00,676.00,796.00,871.00,883.00,900.00,918.00
MS410,621.00,621.00,621.00,621.00,673.00,706.00,760.00,828.00,850.00,734.00,828.00,852.00,888.00,903.00,815.00,845.00,884.00,698.00,795.00,859.00,901.00,912.00,927.00,946.00
MS437,572.00,572.00,572.00,572.00,630.00,663.00,692.00,734.00,755.00,678.00,734.00,757.00,800.00,845.00,721.00,751.00,789.00,659.00,710.00,765.00,838.00,868.00,913.00,932.00
MS438,476.00,476.00,476.00,476.00,522.00,551.00,593.00,643.00,656.00,573.00,643.00,657.00,684.00,711.00,635.00,653.00,677.00,545.00,619.00,662.00,707.00,725.00,752.00,855.00
MT175,426.00,426.00,426.00,426.00,499.00,551.00,605.00,689.00,737.00,579.00,688.00,742.00,827.00,882.00,659.00,726.00,813.00,543.00,639.00,758.00,874.00,910.00,966.00,985.00
MT347,455.00,455.00,455.00,455.00,539.00,587.00,634.00,702.00,737.00,611.00,702.00,740.00,803.00,848.00,681.00,729.00,791.00,580.00,663.00,751.00,842.00,872.00,919.00,938.00
MT379,439.00,439.00,439.00,439.00,493.00,531.00,606.00,703.00,737.00,570.00,703.00,740.00,804.00,857.00,682.00,730.00,791.00,520.00,654.00,752.00,850.00,885.00,939.00,958.00
MT441,532.00,532.00,532.00,532.00,617.00,661.00,681.00,724.00,767.00,671.00,723.00,773.00,891.00,949.00,701.00,752.00,876.00,658.00,693.00,796.00,941.00,980.00,1040.00,1061.00
NC176,966.00,966.00,966.00,966.00,1046.00,1096.00,1174.00,1269.00,1299.00,1136.00,1269.00,1301.00,1371.00,1472.00,1251.00,1292.00,1345.00,1085.00,1222.00,1311.00,1457.00,1525.00,1628.00,1661.00
NC177,619.00,619.00,619.00,619.00,662.00,692.00,755.00,844.00,883.00,725.00,843.00,887.00,955.00,997.00,819.00,874.00,945.00,683.00,795.00,900.00,991.00,1018.00,1060.00,1081.00
NC178,538.00,538.00,538.00,538.00,633.00,685.00,727.00,779.00,794.00,707.00,779.00,796.00,833.00,892.00,770.00,791.00,818.00,679.00,754.00,801.00,884.00,923.00,983.00,1003.00
NC179,645.00,645.00,645.00,645.00,722.00,767.00,815.00,893.00,920.00,792.00,893.00,922.00,971.00,1010.00,877.00,914.00,963.00,760.00,854.00,931.00,1005.00,1031.00,1087.00,1108.00
NC180,698.00,698.00,698.00,698.00,771.00,816.00,875.00,1000.00,1049.00,847.00,999.00,1053.00,1137.00,1180.00,969.00,1038.00,1126.00,807.00,924.00,1070.00,1174.00,1203.00,1247.00,1272.00
NC181,635.00,635.00,635.00,635.00,648.00,681.00,751.00,837.00,864.00,717.00,837.00,866.00,913.00,943.00,821.00,858.00,905.00,671.00,795.00,875.00,938.00,959.00,989.00,1009.00
NC182,634.00,634.00,634.00,634.00,692.00,720.00,721.00,754.00,804.00,721.00,753.00,809.00,884.00,886.00,722.00,793.00,884.00,720.00,722.00,826.00,885.00,886.00,888.00,905.00
NC183,672.00,672.00,672.00,672.00,673.00,677.00,695.00,733.00,763.00,686.00,732.00,765.00,837.00,946.00,714.00,756.00,810.00,674.00,707.00,775.00,931.00,1003.00,1114.00,1137.00
NC184,601.00,601.00,601.00,601.00,667.00,704.00,735.00,796.00,847.00,720.00,796.00,851.00,938.00,984.00,765.00,835.00,926.00,700.00,754.00,868.00,977.00,1008.00,1055.00,1076.00
NC185,678.00,678.00,678.00,678.00,737.00,771.00,855.00,972.00,1015.00,811.00,971.00,1019.00,1095.00,1141.00,944.00,1005.00,1083.00,766.00,911.00,1033.00,1135.00,1166.00,1214.00,1238.00
NC186,675.00,675.00,675.00,675.00,746.00,787.00,831.00,906.00,955.00,810.00,905.00,960.00,1039.00,1064.00,875.00,944.00,1033.00,781.00,859.00,976.00,1061.00,1078.00,1103.00,1125.00
NC187,692.00,692.00,692.00,692.00,732.00,759.00,838.00,931.00,941.00,797.00,931.00,942.00,967.00,1008.00,925.00,938.00,956.00,752.00,893.00,945.00,1002.00,1030.00,1072.00,1094.00
NC372,586.00,586.00,586.00,586.00,648.00,686.00,737.00,812.00,863.00,713.00,812.00,869.00,969.00,1010.00,788.00,850.00,959.00,679.00,769.00,889.00,1004.00,1031.00,1072.00,1094.00
ND188,440.00,440.00,440.00,440.00,462.00,491.00,614.00,745.00,758.00,555.00,745.00,759.00,783.00,798.00,737.00,755.00,779.00,473.00,691.00,764.00,796.00,806.00,840.00,861.00
ND189,484.00,484.00,484.00,484.00,546.00,588.00,671.00,790.00,847.00,631.00,789.00,852.00,943.00,964.00,754.00,834.00,937.00,576.00,723.00,871.00,961.00,975.00,997.00,1017.00
ND190,471.00,471.00,471.00,471.00,521.00,559.00,651.00,763.00,796.00,607.00,762.00,799.00,860.00,904.00,742.00,789.00,849.00,546.00,708.00,811.00,898.00,927.00,972.00,992.00
ND191,425.00,425.00,425.00,425.00,489.00,531.00,600.00,681.00,701.00,567.00,681.00,703.00,738.00,760.00,669.00,696.00,732.00,521.00,643.00,709.00,757.00,772.00,795.00,812.00
NE192,557.00,557.00,557.00,557.00,632.00,680.00,758.00,874.00,934.00,721.00,873.00,940.00,1038.00,1069.00,836.00,921.00,1030.00,669.00,807.00,960.00,1064.00,1085.00,1116.00,1139.00
NE193,568.00,568.00,568.00,568.00,638.00,686.00,774.00,891.00,936.00,732.00,891.00,941.00,1019.00,1064.00,863.00,926.00,1008.00,673.00,830.00,956.00,1058.00,1088.00,1134.00,1157.00
NH194,836.00,836.00,836.00,836.00,960.00,1048.00,1198.00,1406.00,1496.00,1126.00,1405.00,1505.00,1670.00,1794.00,1349.00,1476.00,1639.00,1026.00,1293.00,1535.00,1777.00,1860.00,2090.00,2132.00
NH195,866.00,866.00,866.00,866.00,934.00,982.00,1060.00,1175.00,1232.00,1022.00,1174.00,1238.00,1351.00,1462.00,1139.00,1219.00,1323.00,970.00,1110.00,1257.00,1446.00,1521.00,1634.00,1667.00
NJ196,819.00,819.00,819.00,819.00,961.00,1037.00,1080.00,1170.00,1243.00,1060.00,1169.00,1250.00,1376.00,1448.00,1124.00,1226.00,1358.00,1031.00,1108.00,1274.00,1437.00,1485.00,1558.00,1589.00
NJ198,851.00,851.00,851.00,851.00,927.00,973.00,1025.00,1101.00,1137.00,1000.00,1100.00,1140.00,1216.00,1301.00,1078.00,1129.00,1194.00,965.00,1058.00,1152.00,1289.00,1347.00,1434.00,1463.00
NJ200,971.00,971.00,971.00,971.00,1128.00,1227.00,1378.00,1622.00,1769.00,1306.00,1621.00,1783.00,2011.00,2046.00,1530.00,1736.00,2002.00,1205.00,1474.00,1832.00,2041.00,2064.00,2100.00,2142.00
NJ201,1045.00,1045.00,1045.00,1045.00,1205.00,1294.00,1371.00,1491.00,1588.00,1334.00,1490.00,1597.00,1776.00,1914.00,1448.00,1566.00,1741.00,1283.00,1419.00,1629.00,1895.00,1988.00,2129.00,2172.00
NJ202,997.00,997.00,997.00,997.00,1140.00,1239.00,1435.00,1663.00,1714.00,1341.00,1663.00,1718.00,1815.00,1901.00,1632.00,1702.00,1793.00,1210.00,1559.00,1735.00,1889.00,1946.00,2034.00,2075.00
NJ203,830.00,830.00,830.00,830.00,917.00,973.00,1151.00,1386.00,1464.00,1061.00,1386.00,1471.00,1601.00,1661.00,1338.00,1446.00,1586.00,960.00,1268.00,1497.00,1653.00,1693.00,1754.00,1789.00
NJ204,860.00,860.00,860.00,860.00,968.00,1043.00,1196.00,1369.00,1403.00,1122.00,1369.00,1406.00,1480.00,1571.00,1348.00,1396.00,1457.00,1021.00,1291.00,1418.00,1558.00,1618.00,1711.00,1745.00
NM205,452.00,452.00,452.00,452.00,484.00,513.00,598.00,708.00,745.00,557.00,707.00,749.00,824.00,897.00,684.00,737.00,805.00,500.00,652.00,761.00,886.00,935.00,1010.00,1030.00
NM206,554.00,554.00,554.00,554.00,638.00,705.00,811.00,947.00,995.00,760.00,947.00,999.00,1083.00,1136.00,918.00,984.00,1069.00,689.00,878.00,1015.00,1129.00,1164.00,1219.00,1244.00
NM207,428.00,428.00,428.00,428.00,481.00,520.00,612.00,726.00,762.00,568.00,726.00,765.00,827.00,862.00,704.00,754.00,818.00,507.00,670.00,777.00,857.00,881.00,917.00,936.00
NM209,558.00,558.00,558.00,558.00,616.00,658.00,750.00,861.00,891.00,705.00,860.00,893.00,948.00,986.00,842.00,884.00,938.00,644.00,808.00,903.00,981.00,1007.00,1046.00,1067.00
NM210,827.00,827.00,827.00,827.00,844.00,862.00,931.00,1050.00,1127.00,898.00,1049.00,1135.00,1260.00,1297.00,1001.00,1110.00,1250.00,852.00,975.00,1161.00,1292.00,1317.00,1355.00,1382.00
NV199,819.00,819.00,819.00,819.00,930.00,1007.00,1165.00,1363.00,1424.00,1089.00,1362.00,1430.00,1544.00,1631.00,1324.00,1410.00,1522.00,984.00,1265.00,1451.00,1618.00,1676.00,1765.00,1800.00
NV211,845.00,845.00,845.00,845.00,904.00,946.00,1033.00,1127.00,1140.00,991.00,1127.00,1141.00,1178.00,1252.00,1120.00,1137.00,1159.00,933.00,1087.00,1145.00,1242.00,1291.00,1367.00,1394.00
NV212,667.00,667.00,667.00,667.00,679.00,715.00,779.00,907.00,991.00,748.00,906.00,999.00,1142.00,1208.00,858.00,972.00,1125.00,705.00,827.00,1028.00,1198.00,1243.00,1310.00,1336.00
NV213,845.00,845.00,845.00,845.00,904.00,946.00,1033.00,1127.00,1140.00,991.00,1127.00,1141.00,1217.00,1306.00,1120.00,1137.00,1194.00,933.00,1087.00,1153.00,1294.00,1354.00,1445.00,1474.00
NY215,726.00,726.00,726.00,726.00,802.00,849.00,915.00,1018.00,1078.00,883.00,1018.00,1084.00,1190.00,1258.00,981.00,1065.00,1173.00,839.00,956.00,1104.00,1248.00,1294.00,1363.00,1391.00
NY216,650.00,650.00,650.00,650.00,702.00,738.00,811.00,920.00,977.00,776.00,920.00,982.00,1080.00,1135.00,885.00,964.00,1066.00,727.00,858.00,1001.00,1127.00,1164.00,1220.00,1245.00
NY217,987.00,987.00,987.00,987.00,1015.00,1078.00,1402.00,1767.00,1787.00,1232.00,1767.00,1789.00,1845.00,1950.00,1755.00,1783.00,1819.00,1065.00,1624.00,1796.00,1935.00,2005.00,2111.00,2153.00
NY218,1301.00,1301.00,1301.00,1301.00,1429.00,1508.00,1623.00,1812.00,1930.00,1568.00,1811.00,1941.00,2137.00,2222.00,1738.00,1903.00,2116.00,1491.00,1695.00,1980.00,2210.00,2266.00,2352.00,2399.00
NY219,1331.00,1331.00,1331.00,1331.00,1651.00,1816.00,1877.00,1951.00,1971.00,1848.00,1951.00,1973.00,2024.00,2110.00,1939.00,1966.00,2002.00,1807.00,1916.00,1979.00,2098.00,2156.00,2244.00,2289.00
NY221,618.00,618.00,618.00,618.00,698.00,751.00,846.00,971.00,1017.00,800.00,970.00,1021.00,1099.00,1134.00,942.00,1007.00,1090.00,737.00,906.00,1037.00,1129.00,1153.00,1189.00,1213.00
NY222,480.00,480.00,480.00,480.00,560.00,614.00,711.00,830.00,864.00,665.00,830.00,867.00,932.00,992.00,809.00,856.00,917.00,600.00,773.00,878.00,983.00,1023.00,1084.00,1106.00
NY223,622.00,622.00,622.00,622.00,637.00,651.00,703.00,775.00,818.00,674.00,775.00,822.00,901.00,937.00,769.00,807.00,892.00,644.00,744.00,838.00,932.00,956.00,993.00,1013.00
NY225,494.00,494.00,494.00,494.00,574.00,629.00,729.00,858.00,903.00,681.00,858.00,908.00,983.00,1014.00,830.00,893.00,975.00,614.00,793.00,923.00,1009.00,1030.00,1061.00,1082.00
NY226,686.00,686.00,686.00,686.00,766.00,818.00,906.00,1044.00,1124.00,864.00,1043.00,1132.00,1273.00,1360.00,994.00,1106.00,1251.00,805.00,961.00,1159.00,1348.00,1406.00,1495.00,1525.00
NY349,1298.00,1298.00,1298.00,1298.00,1545.00,1675.00,1742.00,1960.00,1963.00,1705.00,1960.00,1963.00,1995.00,2104.00,1959.00,1963.00,1968.00,1666.00,1878.00,1964.00,2089.00,2162.00,2273.00,2319.00
NY413,1045.00,1045.00,1045.00,1045.00,1205.00,1294.00,1421.00,1572.00,1602.00,1357.00,1571.00,1605.00,1688.00,1840.00,1553.00,1595.00,1650.00,1283.00,1504.00,1615.00,1819.00,1921.00,2076.00,2118.00
NY444,491.00,491.00,491.00,491.00,561.00,598.00,616.00,654.00,687.00,607.00,654.00,690.00,751.00,800.00,634.00,679.00,738.00,595.00,627.00,701.00,793.00,826.00,876.00,894.00
NY445,810.00,810.00,810.00,810.00,888.00,934.00,988.00,1065.00,1101.00,962.00,1065.00,1105.00,1166.00,1197.00,1043.00,1093.00,1158.00,926.00,1023.00,1117.00,1192.00,1220.00,1293.00,1319.00
OH227,613.00,613.00,613.00,613.00,693.00,735.00,748.00,792.00,841.00,742.00,792.00,845.00,924.00,952.00,762.00,830.00,917.00,733.00,757.00,861.00,948.00,967.00,996.00,1016.00
OH228,672.00,672.00,672.00,672.00,731.00,771.00,849.00,938.00,958.00,811.00,938.00,960.00,1018.00,1131.00,926.00,953.00,989.00,760.00,897.00,966.00,1115.00,1190.00,1306.00,1332.00
OH229,594.00,594.00,594.00,594.00,652.00,692.00,764.00,860.00,897.00,729.00,860.00,901.00,968.00,1016.00,837.00,889.00,956.00,681.00,810.00,913.00,1009.00,1041.00,1090.00,1112.00
OH230,535.00,535.00,535.00,535.00,566.00,603.00,655.00,732.00,791.00,630.00,732.00,796.00,899.00,962.00,707.00,778.00,883.00,595.00,688.00,816.00,953.00,995.00,1059.00,1080.00
OH231,540.00,540.00,540.00,540.00,598.00,632.00,668.00,751.00,826.00,651.00,750.00,833.00,958.00,1007.00,704.00,809.00,945.00,627.00,690.00,858.00,1000.00,1033.00,1083.00,1105.00
OH232,543.00,543.00,543.00,543.00,634.00,692.00,789.00,896.00,913.00,742.00,896.00,914.00,947.00,978.00,886.00,909.00,939.00,678.00,850.00,920.00,973.00,994.00,1025.00,1046.00
OH233,442.00,442.00,442.00,442.00,530.00,578.00,615.00,707.00,725.00,597.00,707.00,727.00,770.00,835.00,696.00,721.00,753.00,573.00,663.00,732.00,826.00,869.00,936.00,955.00
OH382,457.00,457.00,457.00,457.00,495.00,532.00,601.00,692.00,726.00,568.00,692.00,729.00,798.00,871.00,671.00,718.00,779.00,522.00,645.00,740.00,861.00,910.00,985.00,1005.00
OH446,440.00,440.00,440.00,440.00,477.00,502.00,553.00,629.00,668.00,529.00,628.00,672.00,741.00,779.00,604.00,659.00,731.00,495.00,585.00,685.00,773.00,799.00,837.00,854.00
OK235,474.00,474.00,474.00,474.00,499.00,519.00,565.00,630.00,660.00,543.00,629.00,662.00,716.00,750.00,611.00,653.00,707.00,512.00,594.00,672.00,745.00,768.00,802.00,874.00
OK236,463.00,463.00,463.00,463.00,502.00,525.00,553.00,598.00,624.00,540.00,598.00,627.00,673.00,702.00,582.00,618.00,665.00,521.00,571.00,635.00,698.00,717.00,747.00,820.00
OK237,460.00,460.00,460.00,460.00,518.00,553.00,601.00,673.00,709.00,578.00,672.00,713.00,770.00,782.00,650.00,701.00,767.00,546.00,632.00,725.00,781.00,789.00,801.00,817.00
OK239,506.00,506.00,506.00,506.00,562.00,598.00,662.00,737.00,754.00,631.00,736.00,755.00,789.00,818.00,726.00,750.00,781.00,590.00,702.00,761.00,814.00,834.00,864.00,886.00
OK240,515.00,515.00,515.00,515.00,583.00,630.00,664.00,756.00,789.00,641.00,756.00,792.00,881.00,917.00,736.00,781.00,872.00,626.00,709.00,803.00,912.00,936.00,972.00,992.00
OR091,604.00,604.00,604.00,604.00,666.00,700.00,720.00,770.00,817.00,711.00,769.00,821.00,912.00,997.00,741.00,806.00,890.00,697.00,733.00,836.00,985.00,1043.00,1130.00,1153.00
OR241,518.00,518.00,518.00,518.00,586.00,631.00,705.00,811.00,861.00,670.00,810.00,865.00,944.00,964.00,780.00,849.00,939.00,620.00,752.00,882.00,961.00,974.00,1006.00,1026.00
OR242,463.00,463.00,463.00,463.00,526.00,564.00,610.00,681.00,720.00,588.00,680.00,724.00,795.00,844.00,656.00,711.00,783.00,557.00,639.00,737.00,837.00,870.00,920.00,939.00
OR243,707.00,707.00,707.00,707.00,774.00,819.00,892.00,1005.00,1067.00,857.00,1004.00,1073.00,1170.00,1184.00,966.00,1053.00,1166.00,808.00,939.00,1094.00,1182.00,1191.00,1205.00,1229.00
OR244,531.00,531.00,531.00,531.00,598.00,637.00,680.00,748.00,789.00,659.00,748.00,793.00,881.00,994.00,723.00,780.00,853.00,631.00,707.00,806.00,978.00,1053.00,1168.00,1192.00
OR245,566.00,566.00,566.00,566.00,603.00,628.00,673.00,763.00,835.00,651.00,762.00,841.00,966.00,1035.00,718.00,818.00,948.00,621.00,701.00,865.00,1025.00,1071.00,1142.00,1165.00
OR246,584.00,584.00,584.00,584.00,632.00,665.00,704.00,764.00,795.00,685.00,763.00,798.00,864.00,940.00,744.00,788.00,845.00,659.00,729.00,809.00,930.00,980.00,1058.00,1079.00
OR373,438.00,438.00,438.00,438.00,517.00,565.00,626.00,721.00,774.00,597.00,720.00,779.00,870.00,914.00,687.00,762.00,859.00,556.00,664.00,797.00,908.00,937.00,981.00,1001.00
PA247,613.00,613.00,613.00,613.00,687.00,735.00,820.00,923.00,952.00,779.00,923.00,955.00,1014.00,1076.00,905.00,946.00,998.00,723.00,873.00,965.00,1067.00,1109.00,1172.00,1196.00
PA248,897.00,897.00,897.00,897.00,1022.00,1105.00,1252.00,1429.00,1476.00,1181.00,1429.00,1480.00,1556.00,1580.00,1400.00,1465.00,1550.00,1083.00,1345.00,1496.00,1577.00,1593.00,1617.00,1650.00
PA249,964.00,964.00,964.00,964.00,1110.00,1187.00,1226.00,1324.00,1417.00,1207.00,1323.00,1425.00,1565.00,1611.00,1266.00,1396.00,1563.00,1181.00,1251.00,1456.00,1594.00,1675.00,1798.00,1834.00
PA250,626.00,626.00,626.00,626.00,713.00,763.00,840.00,963.00,966.00,793.00,963.00,969.00,1055.00,1086.00,962.00,966.00,1047.00,755.00,917.00,986.00,1082.00,1103.00,1135.00,1158.00
PA251,671.00,671.00,671.00,671.00,733.00,769.00,804.00,868.00,913.00,787.00,868.00,918.00,987.00,994.00,840.00,903.00,985.00,764.00,827.00,933.00,993.00,998.00,1005.00,1025.00
PA252,581.00,581.00,581.00,581.00,645.00,701.00,745.00,857.00,905.00,720.00,856.00,910.00,991.00,1032.00,827.00,894.00,981.00,695.00,796.00,926.00,1026.00,1053.00,1094.00,1116.00
PA253,539.00,539.00,539.00,539.00,567.00,598.00,678.00,773.00,791.00,637.00,773.00,793.00,825.00,846.00,762.00,787.00,820.00,590.00,731.00,799.00,843.00,856.00,882.00,900.00
PA254,511.00,511.00,511.00,511.00,556.00,595.00,678.00,780.00,799.00,635.00,780.00,801.00,833.00,851.00,769.00,795.00,828.00,588.00,735.00,807.00,848.00,860.00,878.00,958.00
PA255,686.00,686.00,686.00,686.00,744.00,784.00,862.00,957.00,986.00,824.00,957.00,988.00,1034.00,1045.00,939.00,979.00,1031.00,773.00,910.00,998.00,1043.00,1050.00,1061.00,1082.00
PA383,460.00,460.00,460.00,460.00,485.00,508.00,581.00,676.00,709.00,546.00,675.00,712.00,774.00,825.00,655.00,701.00,761.00,497.00,628.00,723.00,817.00,851.00,903.00,921.00
RI256,918.00,918.00,918.00,918.00,1054.00,1137.00,1250.00,1475.00,1562.00,1196.00,1474.00,1570.00,1723.00,1815.00,1420.00,1542.00,1700.00,1121.00,1357.00,1599.00,1802.00,1863.00,1956.00,1995.00
RI257,919.00,919.00,919.00,919.00,1104.00,1204.00,1273.00,1378.00,1435.00,1240.00,1378.00,1440.00,1548.00,1643.00,1343.00,1422.00,1524.00,1194.00,1317.00,1459.00,1630.00,1693.00,1790.00,1826.00
SC258,768.00,768.00,768.00,768.00,832.00,868.00,903.00,966.00,1012.00,886.00,966.00,1016.00,1086.00,1094.00,938.00,1002.00,1084.00,863.00,925.00,1032.00,1093.00,1098.00,1106.00,1128.00
SC259,655.00,655.00,655.00,655.00,763.00,819.00,832.00,860.00,927.00,825.00,859.00,933.00,1044.00,1086.00,845.00,912.00,1033.00,817.00,840.00,956.00,1080.00,1109.00,1159.00,1182.00
SC260,662.00,662.00,662.00,662.00,700.00,728.00,789.00,859.00,871.00,760.00,859.00,874.00,947.00,1000.00,851.00,868.00,933.00,719.00,828.00,887.00,993.00,1028.00,1083.00,1105.00
SC261,628.00,628.00,628.00,628.00,631.00,649.00,718.00,815.00,851.00,682.00,814.00,855.00,921.00,968.00,792.00,843.00,909.00,645.00,764.00,867.00,961.00,992.00,1040.00,1061.00
SC262,737.00,737.00,737.00,737.00,796.00,834.00,893.00,959.00,971.00,864.00,959.00,972.00,1004.00,1062.00,952.00,968.00,989.00,825.00,930.00,976.00,1054.00,1093.00,1152.00,1175.00
SC263,615.00,615.00,615.00,615.00,676.00,713.00,760.00,832.00,873.00,737.00,832.00,877.00,948.00,993.00,807.00,864.00,937.00,706.00,789.00,890.00,987.00,1017.00,1062.00,1084.00
SC375,646.00,646.00,646.00,646.00,696.00,729.00,786.00,858.00,882.00,759.00,858.00,885.00,933.00,979.00,843.00,877.00,921.00,721.00,822.00,893.00,973.00,1004.00,1051.00,1072.00
SD264,564.00,564.00,564.00,564.00,597.00,631.00,744.00,873.00,894.00,689.00,873.00,896.00,934.00,959.00,860.00,889.00,927.00,620.00,817.00,903.00,955.00,972.00,998.00,1018.00
SD265,484.00,484.00,484.00,484.00,554.00,593.00,651.00,739.00,784.00,623.00,739.00,789.00,872.00,935.00,711.00,774.00,856.00,588.00,689.00,804.00,926.00,968.00,1032.00,1053.00
TN266,577.00,577.00,577.00,577.00,652.00,691.00,703.00,738.00,774.00,697.00,737.00,778.00,837.00,856.00,715.00,766.00,832.00,689.00,710.00,790.00,854.00,867.00,903.00,921.00
TN267,559.00,559.00,559.00,559.00,592.00,618.00,687.00,779.00,815.00,654.00,778.00,819.00,879.00,903.00,756.00,807.00,873.00,608.00,730.00,831.00,899.00,915.00,939.00,958.00
TN268,672.00,672.00,672.00,672.00,771.00,825.00,866.00,918.00,936.00,846.00,918.00,938.00,984.00,1061.00,907.00,932.00,964.00,819.00,892.00,943.00,1050.00,1101.00,1180.00,1204.00
TN269,668.00,668.00,668.00,668.00,771.00,827.00,865.00,913.00,928.00,847.00,913.00,929.00,1000.00,1067.00,904.00,924.00,983.00,821.00,889.00,934.00,1058.00,1115.00,1209.00,1233.00
TN353,445.00,445.00,445.00,445.00,475.00,500.00,571.00,669.00,713.00,537.00,669.00,718.00,791.00,820.00,642.00,704.00,783.00,490.00,616.00,732.00,816.00,836.00,866.00,884.00
TN354,397.00,397.00,397.00,397.00,476.00,520.00,555.00,608.00,638.00,538.00,608.00,640.00,693.00,726.00,590.00,631.00,684.00,515.00,577.00,650.00,721.00,756.00,782.00,869.00
TN449,484.00,484.00,484.00,484.00,544.00,580.00,631.00,707.00,747.00,607.00,707.00,751.00,818.00,846.00,682.00,738.00,811.00,573.00,663.00,765.00,842.00,861.00,889.00,907.00
TX270,488.00,488.00,488.00,488.00,574.00,622.00,665.00,743.00,798.00,644.00,742.00,803.00,892.00,921.00,708.00,785.00,885.00,616.00,692.00,821.00,917.00,936.00,965.00,985.00
TX271,484.00,484.00,484.00,484.00,575.00,638.00,713.00,814.00,853.00,677.00,813.00,857.00,929.00,980.00,789.00,844.00,916.00,627.00,761.00,870.00,973.00,1008.00,1060.00,1081.00
TX272,679.00,679.00,679.00,679.00,783.00,839.00,901.00,988.00,1016.00,868.00,988.00,1019.00,1089.00,1204.00,971.00,1010.00,1060.00,833.00,945.00,1028.00,1187.00,1264.00,1381.00,1409.00
TX273,642.00,642.00,642.00,642.00,684.00,715.00,780.00,857.00,876.00,748.00,857.00,878.00,923.00,991.00,845.00,872.00,906.00,705.00,821.00,884.00,981.00,1026.00,1095.00,1117.00
TX274,590.00,590.00,590.00,590.00,689.00,742.00,775.00,852.00,921.00,759.00,851.00,927.00,1042.00,1093.00,809.00,905.00,1029.00,737.00,796.00,950.00,1086.00,1121.00,1173.00,1197.00
TX275,564.00,564.00,564.00,564.00,653.00,709.00,791.00,920.00,995.00,751.00,919.00,1002.00,1115.00,1124.00,873.00,978.00,1113.00,697.00,842.00,1027.00,1123.00,1128.00,1137.00,1160.00
TX276,448.00,448.00,448.00,448.00,504.00,548.00,665.00,801.00,831.00,609.00,801.00,834.00,887.00,921.00,783.00,824.00,878.00,531.00,739.00,844.00,916.00,939.00,973.00,993.00
TX277,750.00,750.00,750.00,750.00,819.00,856.00,880.00,975.00,1035.00,869.00,975.00,1041.00,1142.00,1194.00,938.00,1021.00,1129.00,853.00,912.00,1060.00,1187.00,1221.00,1312.00,1338.00
TX278,502.00,502.00,502.00,502.00,558.00,591.00,629.00,704.00,764.00,610.00,704.00,770.00,869.00,913.00,667.00,750.00,858.00,585.00,653.00,789.00,907.00,936.00,981.00,1001.00
TX279,549.00,549.00,549.00,549.00,606.00,646.00,726.00,825.00,855.00,688.00,825.00,858.00,914.00,961.00,807.00,848.00,902.00,634.00,777.00,868.00,954.00,985.00,1033.00,1054.00
TX280,603.00,603.00,603.00,603.00,714.00,780.00,864.00,951.00,955.00,824.00,950.00,955.00,1050.00,1135.00,948.00,954.00,1039.00,768.00,917.00,965.00,1115.00,1208.00,1349.00,1376.00
TX281,530.00,530.00,530.00,530.00,589.00,627.00,687.00,805.00,898.00,658.00,804.00,907.00,1069.00,1164.00,747.00,877.00,1045.00,618.00,725.00,938.00,1151.00,1215.00,1312.00,1339.00
TX282,758.00,758.00,758.00,758.00,853.00,911.00,990.00,1091.00,1124.00,952.00,1090.00,1127.00,1200.00,1339.00,1070.00,1116.00,1176.00,899.00,1040.00,1138.00,1318.00,1416.00,1565.00,1596.00
TX283,531.00,531.00,531.00,531.00,609.00,661.00,764.00,909.00,950.00,707.00,909.00,954.00,1020.00,1043.00,884.00,941.00,1014.00,649.00,839.00,967.00,1040.00,1055.00,1079.00,1101.00
TX284,523.00,523.00,523.00,523.00,587.00,630.00,712.00,807.00,827.00,673.00,807.00,829.00,871.00,920.00,795.00,823.00,859.00,618.00,764.00,836.00,913.00,946.00,995.00,1015.00
TX285,576.00,576.00,576.00,576.00,699.00,779.00,848.00,934.00,960.00,815.00,934.00,962.00,1013.00,1063.00,918.00,954.00,1000.00,769.00,892.00,971.00,1056.00,1089.00,1140.00,1163.00
TX286,570.00,570.00,570.00,570.00,617.00,650.00,717.00,800.00,825.00,685.00,799.00,827.00,868.00,881.00,784.00,819.00,865.00,640.00,759.00,836.00,879.00,888.00,901.00,919.00
TX288,517.00,517.00,517.00,517.00,597.00,648.00,727.00,823.00,853.00,689.00,823.00,856.00,910.00,950.00,805.00,846.00,900.00,637.00,776.00,866.00,944.00,971.00,1011.00,1031.00
TX356,627.00,627.00,627.00,627.00,763.00,839.00,898.00,967.00,982.00,870.00,967.00,984.00,1023.00,1092.00,958.00,979.00,1006.00,830.00,936.00,989.00,1082.00,1142.00,1242.00,1267.00
TX387,580.00,580.00,580.00,580.00,635.00,672.00,737.00,834.00,885.00,705.00,833.00,890.00,976.00,1015.00,802.00,874.00,966.00,662.00,778.00,907.00,1010.00,1036.00,1076.00,1098.00
UT291,519.00,519.00,519.00,519.00,581.00,620.00,672.00,744.00,777.00,647.00,744.00,780.00,837.00,866.00,724.00,770.00,829.00,612.00,704.00,791.00,862.00,882.00,912.00,931.00
UT292,565.00,565.00,565.00,565.00,620.00,659.00,742.00,848.00,883.00,702.00,847.00,886.00,946.00,979.00,826.00,875.00,938.00,647.00,795.00,898.00,975.00,997.00,1033.00,1078.00
UT357,596.00,596.00,596.00,596.00,611.00,649.00,677.00,753.00,780.00,653.00,753.00,782.00,836.00,894.00,737.00,774.00,821.00,648.00,715.00,791.00,886.00,925.00,984.00,1004.00
VA295,776.00,776.00,776.00,776.00,828.00,864.00,934.00,1040.00,1098.00,900.00,1040.00,1104.00,1206.00,1267.00,1004.00,1085.00,1190.00,854.00,978.00,1123.00,1258.00,1299.00,1362.00,1390.00
VA296,800.00,800.00,800.00,800.00,915.00,978.00,1029.00,1115.00,1172.00,1004.00,1114.00,1177.00,1288.00,1389.00,1079.00,1159.00,1262.00,971.00,1060.00,1196.00,1375.00,1443.00,1547.00,1578.00
VA297,664.00,664.00,664.00,664.00,738.00,777.00,796.00,829.00,851.00,787.00,828.00,853.00,903.00,971.00,815.00,846.00,886.00,774.00,808.00,860.00,962.00,1007.00,1077.00,1099.00
VA298,774.00,774.00,774.00,774.00,871.00,919.00,921.00,938.00,960.00,920.00,937.00,962.00,1008.00,1057.00,923.00,955.00,996.00,919.00,922.00,970.00,1050.00,1083.00,1132.00,1155.00
VA300,604.00,604.00,604.00,604.00,633.00,649.00,661.00,674.00,681.00,655.00,674.00,681.00,711.00,801.00,673.00,679.00,691.00,647.00,668.00,683.00,788.00,852.00,951.00,970.00
VA301,674.00,674.00,674.00,674.00,711.00,736.00,787.00,854.00,879.00,763.00,853.00,881.00,942.00,1033.00,838.00,873.00,919.00,729.00,819.00,890.00,1020.00,1081.00,1174.00,1198.00
VA302,916.00,916.00,916.00,916.00,1027.00,1083.00,1196.00,1358.00,1378.00,1124.00,1358.00,1380.00,1430.00,1512.00,1346.00,1373.00,1409.00,1082.00,1290.00,1386.00,1500.00,1555.00,1639.00,1672.00
VA303,537.00,537.00,537.00,537.00,597.00,635.00,691.00,753.00,764.00,664.00,753.00,765.00,793.00,844.00,747.00,761.00,780.00,627.00,726.00,768.00,837.00,872.00,924.00,943.00
VA362,582.00,582.00,582.00,582.00,646.00,683.00,726.00,794.00,834.00,705.00,794.00,838.00,918.00,999.00,769.00,825.00,898.00,677.00,753.00,852.00,987.00,1041.00,1123.00,1146.00
VA368,752.00,752.00,752.00,752.00,812.00,851.00,911.00,1009.00,1067.00,882.00,1008.00,1073.00,1179.00,1252.00,972.00,1054.00,1160.00,842.00,949.00,1092.00,1241.00,1290.00,1365.00,1393.00
VT305,777.00,777.00,777.00,777.00,884.00,962.00,1070.00,1201.00,1236.00,1018.00,1201.00,1240.00,1307.00,1367.00,1179.00,1228.00,1292.00,946.00,1139.00,1251.00,1358.00,1398.00,1469.00,1499.00
WA306,677.00,677.00,677.00,677.00,741.00,778.00,816.00,897.00,965.00,797.00,896.00,971.00,1082.00,1120.00,854.00,949.00,1072.00,772.00,840.00,994.00,1114.00,1140.00,1178.00,1202.00
WA307,793.00,793.00,793.00,793.00,834.00,881.00,936.00,1049.00,1122.00,904.00,1048.00,1129.00,1243.00,1262.00,1003.00,1106.00,1238.00,877.00,978.00,1154.00,1259.00,1281.00,1379.00,1407.00
WA308,562.00,562.00,562.00,562.00,616.00,654.00,730.00,823.00,849.00,694.00,823.00,851.00,906.00,975.00,807.00,843.00,889.00,643.00,778.00,860.00,966.00,1012.00,1082.00,1104.00
WA309,875.00,875.00,875.00,875.00,943.00,992.00,1080.00,1188.00,1233.00,1037.00,1188.00,1239.00,1366.00,1484.00,1171.00,1220.00,1336.00,980.00,1137.00,1261.00,1467.00,1546.00,1666.00,1700.00
WA310,494.00,494.00,494.00,494.00,560.00,598.00,637.00,690.00,712.00,618.00,690.00,715.00,768.00,847.00,676.00,707.00,748.00,592.00,661.00,722.00,836.00,889.00,970.00,990.00
WA311,674.00,674.00,674.00,674.00,741.00,792.00,912.00,1049.00,1077.00,854.00,1049.00,1080.00,1140.00,1213.00,1032.00,1071.00,1121.00,774.00,987.00,1089.00,1202.00,1251.00,1326.00,1353.00
WA312,635.00,635.00,635.00,635.00,687.00,721.00,764.00,857.00,932.00,744.00,857.00,939.00,1067.00,1135.00,811.00,915.00,1049.00,715.00,792.00,963.00,1126.00,1172.00,1242.00,1267.00
WA313,495.00,495.00,495.00,495.00,578.00,632.00,718.00,828.00,865.00,676.00,827.00,869.00,939.00,993.00,804.00,857.00,925.00,619.00,772.00,881.00,985.00,1022.00,1077.00,1099.00
WA315,513.00,513.00,513.00,513.00,561.00,597.00,682.00,789.00,826.00,641.00,789.00,829.00,888.00,901.00,766.00,817.00,884.00,585.00,735.00,842.00,899.00,908.00,922.00,941.00
WI316,669.00,669.00,669.00,669.00,756.00,805.00,848.00,928.00,988.00,827.00,928.00,994.00,1095.00,1145.00,891.00,974.00,1082.00,799.00,875.00,1013.00,1138.00,1172.00,1223.00,1248.00
WI317,764.00,764.00,764.00,764.00,850.00,903.00,977.00,1057.00,1065.00,942.00,1057.00,1066.00,1090.00,1137.00,1052.00,1063.00,1078.00,892.00,1024.00,1069.00,1130.00,1162.00,1210.00,1234.00
WI318,465.00,465.00,465.00,465.00,523.00,558.00,606.00,694.00,763.00,582.00,693.00,770.00,878.00,897.00,662.00,747.00,873.00,551.00,641.00,793.00,895.00,908.00,927.00,946.00
WI319,465.00,465.00,465.00,465.00,525.00,567.00,647.00,748.00,781.00,609.00,748.00,784.00,846.00,900.00,728.00,773.00,832.00,555.00,698.00,795.00,892.00,929.00,984.00,1004.00
WI358,492.00,492.00,492.00,492.00,614.00,680.00,726.00,806.00,859.00,704.00,806.00,864.00,947.00,961.00,773.00,847.00,943.00,673.00,756.00,882.00,959.00,969.00,984.00,1004.00
WI359,440.00,440.00,440.00,440.00,496.00,531.00,584.00,668.00,716.00,559.00,667.00,721.00,805.00,856.00,638.00,705.00,792.00,523.00,618.00,737.00,849.00,883.00,935.00,954.00
WI412,483.00,483.00,483.00,483.00,564.00,613.00,678.00,767.00,804.00,647.00,767.00,808.00,865.00,872.00,744.00,796.00,863.00,603.00,719.00,820.00,871.00,876.00,883.00,901.00
WI453,463.00,463.00,463.00,463.00,489.00,515.00,605.00,728.00,781.00,562.00,727.00,786.00,874.00,912.00,695.00,769.00,864.00,502.00,661.00,803.00,907.00,933.00,972.00,992.00
WV320,481.00,481.00,481.00,481.00,568.00,624.00,713.00,812.00,828.00,670.00,812.00,830.00,868.00,925.00,802.00,825.00,854.00,611.00,769.00,835.00,917.00,955.00,1012.00,1033.00
WV322,479.00,479.00,479.00,479.00,576.00,626.00,648.00,706.00,761.00,638.00,705.00,766.00,857.00,895.00,671.00,748.00,848.00,623.00,662.00,784.00,889.00,914.00,952.00,971.00
WV323,478.00,478.00,478.00,478.00,534.00,568.00,620.00,680.00,695.00,595.00,680.00,697.00,730.00,780.00,671.00,692.00,719.00,561.00,652.00,702.00,766.00,808.00,840.00,885.00
WV360,485.00,485.00,485.00,485.00,535.00,565.00,601.00,651.00,671.00,584.00,651.00,673.00,715.00,759.00,638.00,667.00,704.00,560.00,624.00,680.00,753.00,782.00,826.00,859.00
WV454,545.00,545.00,545.00,545.00,615.00,657.00,705.00,763.00,779.00,682.00,762.00,783.00,854.00,912.00,754.00,774.00,839.00,650.00,736.00,796.00,904.00,943.00,1003.00,1023.00
WV455,521.00,521.00,521.00,521.00,554.00,579.00,633.00,709.00,744.00,607.00,709.00,748.00,814.00,867.00,687.00,736.00,800.00,571.00,667.00,759.00,859.00,895.00,949.00,968.00
WV456,398.00,398.00,398.00,398.00,461.00,499.00,547.00,615.00,646.00,524.00,615.00,649.00,706.00,752.00,596.00,639.00,694.00,492.00,578.00,659.00,746.00,777.00,829.00,877.00
WY324,485.00,485.00,485.00,485.00,570.00,631.00,761.00,901.00,915.00,699.00,900.00,916.00,958.00,1039.00,892.00,912.00,937.00,612.00,843.00,921.00,1027.00,1081.00,1164.00,1188.00
ZZ510,429.00,429.00,429.00,429.00,464.00,487.00,516.00,562.00,587.00,502.00,562.00,589.00,635.00,668.00,546.00,582.00,627.00,482.00,535.00,598.00,663.00,686.00,719.00,734.00
ZZ520,442.00,442.00,442.00,442.00,481.00,504.00,536.00,586.00,612.00,521.00,585.00,614.00,662.00,697.00,569.00,606.00,653.00,500.00,557.00,622.00,691.00,715.00,750.00,765.00
ZZ530,456.00,456.00,456.00,456.00,497.00,522.00,557.00,610.00,636.00,541.00,608.00,639.00,689.00,725.00,592.00,630.00,679.00,517.00,579.00,648.00,720.00,744.00,782.00,797.00
ZZ540,470.00,470.00,470.00,470.00,514.00,541.00,577.00,632.00,661.00,560.00,632.00,663.00,716.00,754.00,615.00,655.00,706.00,535.00,601.00,673.00,748.00,774.00,813.00,829.00
ZZ550,483.00,483.00,483.00,483.00,530.00,559.00,598.00,656.00,686.00,579.00,656.00,689.00,743.00,782.00,637.00,679.00,732.00,553.00,622.00,699.00,776.00,803.00,843.00,860.00
ZZ560,497.00,497.00,497.00,497.00,546.00,576.00,618.00,679.00,711.00,599.00,679.00,714.00,770.00,811.00,660.00,703.00,759.00,571.00,645.00,723.00,805.00,832.00,874.00,892.00
ZZ570,511.00,511.00,511.00,511.00,562.00,594.00,639.00,703.00,735.00,617.00,703.00,739.00,797.00,840.00,683.00,728.00,786.00,588.00,667.00,749.00,833.00,861.00,905.00,923.00
ZZ580,524.00,524.00,524.00,524.00,579.00,613.00,659.00,727.00,760.00,636.00,727.00,763.00,823.00,868.00,705.00,753.00,813.00,606.00,688.00,774.00,861.00,891.00,936.00,955.00
ZZ590,538.00,538.00,538.00,538.00,596.00,631.00,679.00,750.00,785.00,656.00,749.00,788.00,850.00,897.00,729.00,777.00,839.00,624.00,711.00,799.00,890.00,920.00,968.00,987.00
ZZ600,551.00,551.00,551.00,551.00,612.00,648.00,700.00,774.00,809.00,675.00,773.00,813.00,877.00,925.00,751.00,801.00,865.00,641.00,732.00,825.00,918.00,949.00,998.00,1018.00
ZZ610,564.00,564.00,564.00,564.00,628.00,667.00,720.00,798.00,834.00,694.00,797.00,837.00,904.00,954.00,774.00,826.00,892.00,659.00,755.00,849.00,946.00,979.00,1029.00,1049.00
ZZ620,578.00,578.00,578.00,578.00,644.00,685.00,741.00,820.00,859.00,714.00,820.00,862.00,931.00,981.00,797.00,850.00,918.00,676.00,776.00,875.00,974.00,1008.00,1060.00,1081.00
ZZ630,592.00,592.00,592.00,592.00,661.00,703.00,761.00,844.00,884.00,733.00,844.00,887.00,958.00,1011.00,819.00,874.00,945.00,694.00,798.00,900.00,1003.00,1037.00,1091.00,1113.00
ZZ640,605.00,605.00,605.00,605.00,677.00,721.00,782.00,868.00,907.00,753.00,868.00,912.00,985.00,1038.00,843.00,899.00,972.00,712.00,820.00,926.00,1031.00,1066.00,1122.00,1144.00
ZZ650,619.00,619.00,619.00,619.00,693.00,739.00,802.00,891.00,932.00,772.00,891.00,936.00,1012.00,1067.00,865.00,923.00,998.00,730.00,842.00,950.00,1059.00,1097.00,1152.00,1176.00
ZZ660,633.00,633.00,633.00,633.00,710.00,757.00,822.00,915.00,957.00,791.00,914.00,961.00,1038.00,1095.00,888.00,947.00,1024.00,747.00,863.00,975.00,1088.00,1126.00,1184.00,1207.00
ZZ670,647.00,647.00,647.00,647.00,726.00,775.00,843.00,938.00,981.00,811.00,937.00,986.00,1065.00,1124.00,911.00,972.00,1051.00,765.00,886.00,1001.00,1116.00,1155.00,1215.00,1238.00
ZZ680,660.00,660.00,660.00,660.00,743.00,793.00,863.00,962.00,1006.00,830.00,961.00,1011.00,1093.00,1152.00,933.00,997.00,1077.00,783.00,907.00,1026.00,1144.00,1185.00,1246.00,1271.00
ZZ690,674.00,674.00,674.00,674.00,759.00,811.00,884.00,985.00,1031.00,848.00,985.00,1035.00,1120.00,1181.00,956.00,1021.00,1104.00,800.00,929.00,1051.00,1173.00,1214.00,1276.00,1302.00
ZZ700,688.00,688.00,688.00,688.00,775.00,829.00,904.00,1008.00,1056.00,868.00,1008.00,1060.00,1147.00,1209.00,979.00,1045.00,1131.00,818.00,951.00,1076.00,1201.00,1243.00,1307.00,1334.00
ZZ710,701.00,701.00,701.00,701.00,791.00,847.00,925.00,1032.00,1080.00,887.00,1032.00,1086.00,1174.00,1238.00,1002.00,1070.00,1158.00,835.00,973.00,1102.00,1229.00,1273.00,1338.00,1365.00
ZZ720,715.00,715.00,715.00,715.00,808.00,865.00,945.00,1056.00,1105.00,906.00,1055.00,1110.00,1201.00,1266.00,1024.00,1094.00,1184.00,854.00,994.00,1127.00,1258.00,1302.00,1370.00,1396.00
ZZ730,729.00,729.00,729.00,729.00,825.00,884.00,965.00,1079.00,1130.00,926.00,1078.00,1135.00,1228.00,1295.00,1047.00,1118.00,1210.00,871.00,1017.00,1151.00,1286.00,1331.00,1401.00,1429.00
ZZ740,742.00,742.00,742.00,742.00,841.00,901.00,986.00,1103.00,1155.00,945.00,1102.00,1160.00,1255.00,1323.00,1070.00,1143.00,1237.00,889.00,1038.00,1177.00,1314.00,1360.00,1431.00,1460.00
ZZ750,756.00,756.00,756.00,756.00,857.00,919.00,1006.00,1127.00,1179.00,964.00,1126.00,1185.00,1281.00,1352.00,1092.00,1167.00,1263.00,906.00,1061.00,1202.00,1343.00,1390.00,1462.00,1491.00
ZZ760,770.00,770.00,770.00,770.00,873.00,937.00,1027.00,1149.00,1204.00,984.00,1149.00,1209.00,1308.00,1380.00,1116.00,1192.00,1290.00,925.00,1083.00,1228.00,1371.00,1419.00,1493.00,1523.00
ZZ770,783.00,783.00,783.00,783.00,890.00,956.00,1047.00,1173.00,1229.00,1003.00,1173.00,1234.00,1335.00,1409.00,1138.00,1216.00,1317.00,942.00,1104.00,1252.00,1399.00,1448.00,1524.00,1554.00
ZZ780,797.00,797.00,797.00,797.00,906.00,973.00,1067.00,1196.00,1253.00,1022.00,1196.00,1259.00,1362.00,1437.00,1161.00,1241.00,1343.00,959.00,1127.00,1277.00,1427.00,1478.00,1556.00,1586.00
ZZ790,811.00,811.00,811.00,811.00,922.00,991.00,1088.00,1220.00,1278.00,1042.00,1219.00,1284.00,1389.00,1466.00,1184.00,1265.00,1370.00,977.00,1148.00,1303.00,1456.00,1507.00,1586.00,1618.00
ZZ800,825.00,825.00,825.00,825.00,938.00,1009.00,1108.00,1244.00,1303.00,1060.00,1243.00,1308.00,1416.00,1494.00,1206.00,1289.00,1396.00,994.00,1170.00,1328.00,1484.00,1536.00,1617.00,1649.00
ZZ810,837.00,837.00,837.00,837.00,956.00,1028.00,1129.00,1267.00,1328.00,1079.00,1266.00,1333.00,1443.00,1523.00,1229.00,1314.00,1422.00,1013.00,1192.00,1353.00,1511.00,1565.00,1648.00,1681.00
ZZ820,851.00,851.00,851.00,851.00,972.00,1045.00,1149.00,1291.00,1352.00,1099.00,1290.00,1358.00,1470.00,1552.00,1252.00,1338.00,1449.00,1030.00,1214.00,1378.00,1540.00,1595.00,1679.00,1712.00
ZZ830,865.00,865.00,865.00,865.00,988.00,1063.00,1170.00,1315.00,1377.00,1118.00,1314.00,1382.00,1496.00,1580.00,1275.00,1363.00,1476.00,1048.00,1235.00,1404.00,1568.00,1624.00,1710.00,1744.00
ZZ840,878.00,878.00,878.00,878.00,1004.00,1081.00,1189.00,1337.00,1402.00,1137.00,1337.00,1407.00,1523.00,1609.00,1298.00,1387.00,1503.00,1065.00,1258.00,1429.00,1596.00,1653.00,1740.00,1776.00
ZZ850,892.00,892.00,892.00,892.00,1020.00,1100.00,1209.00,1361.00,1427.00,1157.00,1361.00,1432.00,1551.00,1637.00,1320.00,1411.00,1529.00,1084.00,1279.00,1453.00,1625.00,1683.00,1772.00,1807.00
ZZ860,906.00,906.00,906.00,906.00,1037.00,1118.00,1230.00,1385.00,1451.00,1176.00,1384.00,1457.00,1578.00,1666.00,1343.00,1436.00,1556.00,1101.00,1302.00,1479.00,1653.00,1712.00,1803.00,1838.00
ZZ870,919.00,919.00,919.00,919.00,1054.00,1135.00,1250.00,1408.00,1476.00,1195.00,1407.00,1481.00,1605.00,1694.00,1366.00,1460.00,1582.00,1118.00,1323.00,1504.00,1681.00,1742.00,1834.00,1871.00
ZZ880,933.00,933.00,933.00,933.00,1070.00,1153.00,1271.00,1432.00,1500.00,1215.00,1431.00,1507.00,1632.00,1723.00,1389.00,1485.00,1608.00,1136.00,1345.00,1530.00,1710.00,1771.00,1864.00,1902.00
ZZ890,947.00,947.00,947.00,947.00,1086.00,1172.00,1291.00,1456.00,1524.00,1234.00,1454.00,1532.00,1659.00,1751.00,1411.00,1509.00,1635.00,1153.00,1367.00,1554.00,1738.00,1801.00,1895.00,1933.00
